FSH04A  1842  1028  1311  1142  1041  1456  1795  1389  1348
FSH04A  1850  1190  1617  1910  1545  1091   769   855   693   786   572
FSH04A  1860   754   720  1082   674   497   557   838  1472  2141  2503
FSH04A  1870  2592  2520  2432  2120  1289  1004   985   710   819   698
FSH04A  1880   980   392   448   848   843   968   732  1177   965  1259
FSH04A  1890  1181   980  1092  1250  1319   995   935  1215  1212  1213
FSH04A  1900   919  1295  1081  1432  2136  1628  1525  1196  1455  1159
FSH04A  1910  1011  1800  1565  2042  2178  2131  2530  2734  2314  2549
FSH04A  1920  1700  1099   969   878   933  1787  2241  2115  2216  2461
FSH04A  1930  1808  2100  2078  2148  2390  2566  2045  1664  1444  2003
FSH04A  1940  1608  1720  1563  2052  2282  2284  1593  1362  1030  1057
FSH04A  1950   981  1027  1100  1376  1178  1393  1035  1047  1892  1765
FSH04A  1960  1548   976  1707  1994   751   633  1181  1681  1854  1953
FSH04A  1970  1975  2209  1391   987   570   863   883  1023   969   648
FSH04A  1980   605   683   761   791   641   509   670   702   772  1199
FSH04A  1990  1697  1448   970   776   804   582   596   660   497   765
FSH04A  2000   864  1018  1066  1098  1092  1093  1193 -9999
FSH05A  1916  4017  4148  2336  2728
FSH05A  1920  1815  2158  2150  2188  1974  1977  1734  1689  1084  1453
FSH05A  1930  1231  1128  1060   834  1098  1102   900   502   952  1186
FSH05A  1940   887  1292   819   927  1112  1042   634   819   548  1200
FSH05A  1950  1030  1333  1542  1354   918  1284  1297  1064  1097  1462
FSH05A  1960  1437   689  1388  1365  1239  1010  1842  2176  1928  1633
FSH05A  1970   903   899   720   525   382   810  1040   891   893   701
FSH05A  1980   533   989  1765  1427   689   925  1160  1525  1292  1815
FSH05A  1990  1512  1550  1135  1494  1498  1435   964  1111   764  1016
FSH05A  2000  1441  1621  1544  1502  1567  1083  1351 -9999
FSH11A  1888  3822  2828
FSH11A  1890  2689  2282  3144  4154  3008  1887  2205  3175  3433  2731
FSH11A  1900  3621  3658  3161  3220  3996  2689  2269  2398  2282  2550
FSH11A  1910  2316  2126  1667  2617  3270  2581  2335  2481  1784  2591
FSH11A  1920  1932  2325  2149  2113  2000  1649  2108  1578   981  1119
FSH11A  1930  1922  2552  2132  2066  1922  2494  2439  2513  2378  2303
FSH11A  1940  1922  1631  1347  1420  1625  1407  1247   730   704  1143
FSH11A  1950  1017  1190  1726  1671  1428  1248   815  1107  1263  1704
FSH11A  1960  1522  1135  1630  1371   644   252   654  1040  1095  1296
FSH11A  1970  1409  1606  1187  1089   865  1083  1028  1016  1112   870
FSH11A  1980  1081  1316   953   794   553   487   886  1154   749   966
FSH11A  1990   788   848   724   655  1083   755   658   803   453   699
FSH11A  2000   600   655   737  1174   688   427   531 -9999
FSH12A  1858  1896  1625
FSH12A  1860  1288  1126  1637  1266  1201   725   898   975  1320  1040
FSH12A  1870  1476  1834  2108  2193  1715  2019  2162  2076  2343  1700
FSH12A  1880  2434  1501  1796  1213  1437  1183  1152  1866  1714  2436
FSH12A  1890  2391  1934  1751  2078  1723  1705  1937  2138  2583  2415
FSH12A  1900  2343  2587  2120  2255  2861  2208  2322  1984  1927  1705
FSH12A  1910   959  2152  1908  1768  1762  1304  1285  1395  1250  1599
FSH12A  1920  1469  1790  1745  2222  1927  1945  1824  1673  1022  1444
FSH12A  1930  1604  1911  2075  1548  1777  1593  1410  1147  1253  1478
FSH12A  1940  1088  1237   830   993  1296  1132  1170   699   486   739
FSH12A  1950   856  1095  1349  1526  1234  1297  1225  1112  1352  1701
FSH12A  1960  1782  1341  1819  1588   772   788   841   897   673   807
FSH12A  1970   854  1351  1503  1138   928  1222   974   895  1111   929
FSH12A  1980   879  1232  1686  1539  1089   792   886  1163  1646  2206
FSH12A  1990  1757  1518  1231  1116  1228  1032  1052   934  1061  1335
FSH12A  2000  1426  1537  1323  1141   891   726  1041 -9999
FSH14A  1900  1242  1322  1166  1355  1778  1387  1402  1559  1678  1452
FSH14A  1910  1011  1006  1010   956  1304  1296  1702  1439  1022  1292
FSH14A  1920  1259  1738  2065  1884  1796  1374  1346  1283   892  1212
FSH14A  1930  1078  1375  1389   895  1060  1530  1474  1406  1676  1841
FSH14A  1940  1425  1222   747   923  1019   547   549   465   367   491
FSH14A  1950   621   801  1017   778   828  1137   826   651   816  1646
FSH14A  1960  1668  1102  1235  1433   321    80   264   689   952  1217
FSH14A  1970  1431  1917  1431  1206  1134  1252  1038  1099  1176  1101
FSH14A  1980  1243  1587  1360  1355  1250  1179  1464  2095  1862  1961
FSH14A  1990  1736  1440  1292  1243  1244  1200  1039  1222  1162  1540
FSH14A  2000  1464  1358  1417  1305  1061   891  1072 -9999
