MEM2    1903  2800  4226  2837  2368  2533  2279  2474                            
MEM2    1910  3236  2445  2776  2547  2821  3036  3370  4011  3778  4050          
MEM2    1920  3058  3224  3031  2662  2874  3055  3075  3801  3216  3131          
MEM2    1930  3331  3720  3696  2686  3141  2923  3704  2973  2803  2734          
MEM2    1940  2478  2595  2890  2340  2165  2695  2839  2650  2205  3384          
MEM2    1950  3682  2897  2643  2706  2382  2455  1897  2133  2207  2645          
MEM2    1960  1886  1280  2220  2168  2742  2308  1991  2322  2005  2015          
MEM2    1970  1924  2672  2886  2246  1796  2168  2237  1649  1619  1768          
MEM2    1980  1581  1238  1561  1397  1332  1336  1453  1456  1422  1678          
MEM2    1990  2417  2799  2117  2316  2039  1896  1305  1677  1617  1827          
MEM2    2000  2479  1876  1618  1551  1242  1316  1322  1553  1659  1340          
MEM2    2010 -9999
MEM@3   1871  3389  3780  2784  3528  3553  3132  3406  2909  2623                
MEM@3   1880  3856  1953  3526  2438  2584  3016  3242  2593  1841  2139          
MEM@3   1890  2575  1957  1880  2385  2634  1787  1788  2300  2904  2075          
MEM@3   1900  2238  2646  2154  2810  3250  2627  1860  1638  1413  1937          
MEM@3   1910  1663  1424  1643  2064  2435  2051  1892  1943  2486  2336          
MEM@3   1920  2411  2337  1543  1544  1539  2288  2486  2118  1840  2128          
MEM@3   1930  2199  1879  2169  2580  2500  1990  1451  1274  1657  1768          
MEM@3   1940  1136  1134  1095  1790  1691  1612  1696  1498  1466  1956          
MEM@3   1950  1885  1604  1228   945   913   697   693   663   770   664          
MEM@3   1960   817   533   753   643   840  1021  1016  1309   913   818          
MEM@3   1970  1005  1447  1400  1428  1177  1565  1573  1073  1111  1161          
MEM@3   1980  1116  1134  1059  1054   835   676   998  1208  1116  1536          
MEM@3   1990  1654  1706  1326  1352  1387  1156   903  1028   771   993          
MEM@3   2000  1648  1322  1909  1542  1002  1127  1593  1747  1270  1325          
MEM@3   2010 -9999                                                                  
MEM4    1871  2678  3192  2608  1772  1648  1646  1220  1735   963                
MEM4    1880  1175   853   947   821  1320  1650  1799  2227  1623  1781          
MEM4    1890  2310  1599  1872  2153  1780  1434  1236  1349  1525  1824          
MEM4    1900  1383  2022  1604  1975  1700  1911  1896  1751  1728  1692          
MEM4    1910  1668  1834  2194  2780  3008  2340  2008  1310  1650  1663          
MEM4    1920  1257  1595  1603  1464  1453  1387  1197  1995  1811  1697          
MEM4    1930  1273  1507  1601  1590  1665  1581  1655  1472  1352  1438          
MEM4    1940  1021   897   872  1520  1526  1443  1069  1044   845  2078          
MEM4    1950  2036  1435  1294  1186  1437  1409   947  1197  1360  1604          
MEM4    1960   995   959  1308  1504  2059  1252   893  1189   826  1047          
MEM4    1970  1068  1266  1315  1197   800  1598  1856  1287  1388  1541          
MEM4    1980  1107  1530  1872  1748  1374  1618  1927  2163  1443  1525          
MEM4    1990  2159  2761  2690  2037  1902  1410  1079  1204   992  1053          
MEM4    2000   980   839   790   926   909   776  1731  1631  1937  1546          
MEM4    2010 -9999                                                                                                                               
MEM5    1868  2153  2402                                                          
MEM5    1870  4650  4837  4131  3222  2410  2128  2889  3099  2186  2820          
MEM5    1880  2903  2450  2827  2437  2377  2484  2158  2331  2300  1917          
MEM5    1890  3268  2649  2655  2908  2317  1697  1869  2438  2511  2404          
MEM5    1900  1973  2183  1700  1868  2162  2264  1922  1707  1685  1715          
MEM5    1910  1568  1267  1899  2020  1969  1783  1365  1350  1350  1129          
MEM5    1920   884   853   672  1027   762   582   919   916   553   604          
MEM5    1930   724   755   765   760   664   767   890   882  1773  1421          
MEM5    1940  1169   917   883  1230  1205  1419  1048   856   988  1257          
MEM5    1950   885   898   986   531   293   317   399   494   556   653          
MEM5    1960   595   487   832   832  1191  1225  1156  1466   784   788          
MEM5    1970  1044  1495  1501  1114   889   873   904   720   783   724          
MEM5    1980   695   720   562   878   582   682   843   855   908  1155          
MEM5    1990  1487  1533  1061  1085  1141   693  1261  1650  1334  1106          
MEM5    2000   986   816   729   725   531   474   732   543   535   514          
MEM5    2010 -9999
MEM@6   1863   801   725   967  1269  1564  1592  1878
MEM@6   1870  2550  2976  3167  2172  2023  2195  2222  2569  2285  1898
MEM@6   1880  2212  1642  2431  1842  2691  1953  2109  2180  2648  3327
MEM@6   1890  3452  2293  2421  2622  2476  2171  2084  2070  2403  2089
MEM@6   1900  2410  2755  2250  2894  3246  2925  2403  2439  2738  2442
MEM@6   1910  2557  2786  2832  2868  2608  2380  2064  1993  1808  2410
MEM@6   1920  1540  1391   938  1195  1469  1717  1778  1408  1025  1809
MEM@6   1930  2002  1651  1745  1954  1198  1157   918   646   652   734
MEM@6   1940   537   719   676   791   791   796   863   637   464   854
MEM@6   1950   579   535   405   412   582   493     0   552   460   379
MEM@6   1960   367     0   505   424   704   779   849   456   536   671
MEM@6   1970     0   759   835   750  1012   935   910   574   674   814
MEM@6   1980  1015  1039   945   689   617   557   521   605   644  1052
MEM@6   1990  1308  1155  1527  1545  1499  1065   935   840   742   690
MEM@6   2000   523   156   218   139     0     0   126   110   172 -9999
MEM7    1876  1697  1973  2484  2333
MEM7    1880  3631  2364  3322  4326  5038  3665  3600  4859  4889  4410
MEM7    1890  4812  3215  4672  5784  4554  3896  3784  3186  3944  3321
MEM7    1900  2890  3328  3535  3598  2202  3417  2871  2468  1924  1711
MEM7    1910  1598  1866  1347  1699  1782  1191  1451  1364  1631  1920
MEM7    1920  1376  1448   956   403   848   699  1000  1628  1125  1252
MEM7    1930  1178  1741  1602  1151  1109  1164   993   894   768   628
MEM7    1940   737   729  1029  1254  1266  1292  1013   955  1698  1640
MEM7    1950  1256  1159  1226   872   918   709     0   794   864   935
MEM7    1960   811   364   488   583   772   826   874   796   583   706
MEM7    1970   837   909  1026   803   352   530   734   293   364   419
MEM7    1980   427   452   414   313   342   287   399   664   481   438
MEM7    1990   557   640   617   369   245   349   445   522   409   313
MEM7    2000   373   231   232   270   291   233   347   452   376   433
MEM7    2010 -9999                                                                 
MEM8    1901  3261  2879  2591  2228  2079  2133  2390  2408  2443                
MEM8    1910  2385  2066  2357  3089  3366  3215  2785  3455  3474  3145          
MEM8    1920  2906  3248  2348  1522  1971  2198  2516  2149  1714  1980          
MEM8    1930  1596  1779  1460  1946  2246  2049  2520  2264  2108  3266          
MEM8    1940  2690  2260  1716  1980  2314  2579  2455  2698  1940  2236          
MEM8    1950  2327  1658  1859  2171  1910  1818  1810  2035  1855  1995          
MEM8    1960  1534   856  1045  1302  1617  1633  1384  1719   988  1262          
MEM8    1970  1350  1302  1926  1965  2279  2050  2240  2173  1796  1915          
MEM8    1980  1864  1952  1813  1756  1768  1439  1731  2001  1161  1278          
MEM8    1990  1294  1741  1634  1980  1582  1722  1906  2361  2132  1953          
MEM8    2000  1903  1535  2298  1871  1731  1446  2156  2205  1542  1809          
MEM8    2010 -9999
MEM@9   1876  2074  1353   992  1103                                              
MEM@9   1880  1276  1514  3160  2139  2056  2071  1717  2257  1391  1169          
MEM@9   1890  1752  1604  1805  2164  2190  2052  1867  2742  1838  2345          
MEM@9   1900  1874  1566  1279  1408  1793  1320  1188  1133  1350  1226          
MEM@9   1910  1784  1203  1376  2254  1586  1148  1491  1411  1886  1625          
MEM@9   1920  1266   836   932   715   763   764   662   925   803   947          
MEM@9   1930   856  1066   724   633   794   857   672   582  1080   757          
MEM@9   1940   946  1064  1421  1948  2016  1937  1253  1279   925  1092          
MEM@9   1950   793   767   630   504   374   657   658   698   842   714          
MEM@9   1960   573   427   781   763   919  1060   898  1073   874   602          
MEM@9   1970   780   964   925   917   861  1107   735   759   547   461          
MEM@9   1980   470   885   857   978   673   602   529   922  1121  1677          
MEM@9   1990  2152  1653  1006   552   588   469   472   697   696   974          
MEM@9   2000  1059  1025  1782  1714  1435  1656  1309   860   950   675          
MEM@9   2010 -9999                                                                
MEM@10  1872  3142  2336  1675  1091   927   938  1187  1505                      
MEM@10  1880  2034  1527  2699  3188  4090  3525  3444  3947  3920  4124          
MEM@10  1890  5663  3356  3974  4616  3142  2938  3814  4138  4054  4273          
MEM@10  1900  3810  3665  2819  3500  3497  2804  2596  3029  1994  2736          
MEM@10  1910  2836  2464  2542  2822  2665  1829  1871  1896  1574  1967          
MEM@10  1920  1557  1561  1459  1495  1639  1599  1369  1126   774   856          
MEM@10  1930   766   953  1042  1342  1438  1514  1897  2268  1810  1280          
MEM@10  1940   791   793   683   565   546   542   776   516   576   940          
MEM@10  1950   930   735   688   887  1039  1141   849   899  1271  1215          
MEM@10  1960  1156   685  1248  1519  1173   664   662   975   735   571          
MEM@10  1970   394   572   489   434   359   336   342   310   333   404          
MEM@10  1980   483   507   457   510   372   291   335   476   462   772          
MEM@10  1990  2223  3128  2107  1302  1062  1326  1459  1518  1095  1084          
MEM@10  2000  1383  1072   705  1057   593   601   715   372   391   281          
MEM@10  2010 -9999
MEM@11  1860  2526  1434  1733  1718  1526  1468  2151  2223  2971  3658
MEM@11  1870  4540  4541  5145  3981  3370  4233  3459  3114  3281  3074
MEM@11  1880  4465  3760  3561  2877  2673  2511  2741  2848  3155  2721
MEM@11  1890  2960  1519  2048  3101  2513  1016   762   929   954   840
MEM@11  1900   846  1245  1257  1688  1620  1652   872   758   406   598
MEM@11  1910   674   719   937   979  1526  1161   959   584  1152   677
MEM@11  1920   662  1026   907   650   676   598   809   624   350   394
MEM@11  1930   359   680   510   446   595   753   481   453   970   737
MEM@11  1940   602   406   391   425   338   415   472   907   885   792
MEM@11  1950   664   750   504   454   341   437   411   398   362   191
MEM@11  1960   167   121    83   127   124   257   248   435   142   134
MEM@11  1970   113   151   367   472   531   395   461   451   384   601
MEM@11  1980   770   930  1104  1086     0     0  1393  1353  2687  2702
MEM@11  1990  2499  1672  1311  1101   865   961  1600  1043  1395  1873
MEM@11  2000  1479  1406   963  1062   886     0  1429  1562  1152  1629
MEM@11  2010 -9999
MEM12   1885  2131  1095  1558  1329  1320                                        
MEM12   1890  1186   948   669   795   850   496   621   611  1079  1006          
MEM12   1900  1153  1119  1214  1419  1129  1275  1041  1951  1784  1860          
MEM12   1910  1918  1625  1655  2389  3009  1636  1832  1308  2004  2011          
MEM12   1920  2368  2277  1799  1499  1475  1499  1728  1965  1390  1414          
MEM12   1930  1248  1290  1321  1792  1244  1599  1337  1459  1529  1968          
MEM12   1940  1371  1322  1314  2391  1680  1418  1360  1292   945  1603          
MEM12   1950  1782  1321  1425  1579  1479  1172   844  1290   969  1091          
MEM12   1960   897   944  1071  1078  2020  1667  1574  1795   763   955          
MEM12   1970  1374   942   823  1397  1071   773   940   824  1230  1386          
MEM12   1980  1471  1591   985   961  1035  1014  1244   991   819   817          
MEM12   1990  1303  1772   921  1007   748   639   643   801   551   726          
MEM12   2000   725   526   581   735   684   794  1327  1204  1202   864          
MEM12   2010 -9999                                                                
MEM13   1904  2690  3147  2436  2255  1925  1818                                  
MEM13   1910  1921  2028  1565  3075  2354  1260  1258  1622  1148  1393          
MEM13   1920  1114  1664  1313   766   846  1586  1250  1172   826   787          
MEM13   1930   819   890   920  1325  1334  1744  1265  1275  1025  1320          
MEM13   1940  1243   789   668   838   955   964   886   646   591  1223          
MEM13   1950  1253  1420  1000   704   779   529   423   443   399   317          
MEM13   1960   693   324   666   864  1009   943   695   788   582   519          
MEM13   1970   431   679   694   838   998  1763  1425  1246  1531  1463          
MEM13   1980  1679  2061  1776  1440  1966  1458  1628  1852  1440  1603          
MEM13   1990  2568  2688  2654  2178  1899  1476  1414  1500  1657  1425          
MEM13   2000  1346  1729  1732  1233  1426  1111  1357  1578  1223  1017          
MEM13   2010 -9999                                                                                                                              
MEM14   1868  1667  2271                                                          
MEM14   1870  1936  2141  2313  1685  2188  2275  2707  2753  1959  1435          
MEM14   1880  1934  1084  1768  1443  2057  1960  2332  3060  2313  2505          
MEM14   1890  3544  2507  2042  2911  3048  1954  2247  2941  2881  2733          
MEM14   1900  2733  2230  1733  1963  2083  1908  2058  1661  1479  1248          
MEM14   1910  1872  1895  1289  1842  1213   857  1243  1195  1523  1343          
MEM14   1920   944  1166  1022  1272  1201  1338  1756  1491   812   704          
MEM14   1930   748   871  1384  1226  1024   963   601   529   770   819          
MEM14   1940   487   635   671  1086  1393   980  1008  1152  1054  1891          
MEM14   1950  1366  1202   965  1112   817   886   673   904   795   916          
MEM14   1960   663   639   715   627   615   514   455   759   647   517          
MEM14   1970   317   584   528   507   553   731   549   455   599   453          
MEM14   1980   642   633   683   723   530   454   562   476   595   732          
MEM14   1990  1070  1147   863   978   924   758   603   711   805   935          
MEM14   2000   704   596   705   529   280   315   452   415   308   351          
MEM14   2010 -9999                                                                                                                               
MEM@15  1907  2034  2785  1915                                                    
MEM@15  1910  2113  2351  2509  2536  2198  1095  3530  1375  3021  1098          
MEM@15  1920   800  2292  2076  2159  2115  2103  1647  1937  1954  2242          
MEM@15  1930  1577  1726  1977  1805  1746  3165  2299  3157  2976  2417          
MEM@15  1940  2515  2150  1287  1680  1577  1744  1339  1007  1146  1138          
MEM@15  1950   849  1281   885   939  1038   938   586   699  1102  1101          
MEM@15  1960   942   530   483  1125   963   565   576   845   552   953          
MEM@15  1970   906   697  1134  1301  1202  1437  1625  1436  1116  1168          
MEM@15  1980  1268  1284  1151  1176  2068  1888  2059  1942  1320  1297          
MEM@15  1990  2052  2441  1874  1754  1664  1106  1123  1432   766   967          
MEM@15  2000  1072   784   955   968   659  1019  1449  1042  1204  1032          
MEM@15  2010 -9999
UAB01   1749   194                                                                
UAB01   1750   450   218   189   403   550   508   228   674   471   728          
UAB01   1760   967  1181   361   277   693   634   728  1010   652   664          
UAB01   1770   464   786   700  1124   944   908  1497  1084  1393  1287          
UAB01   1780  1259  1922  1316  1596  1184   950   694   573   431  1765          
UAB01   1790  1794  1200  1218   961  1212  1879  1429  1070   783  1017          
UAB01   1800  1363  1152  1696  1001  1006  1468   944   967   890   845          
UAB01   1810  1045   797   958   747   648   894  1017   995  1298  1554          
UAB01   1820  1955  1421  1371  1342  1936  1287  1672  1547  1112  1474          
UAB01   1830  1395  1646  1532   779  1042  1096   985  1174  1233   841          
UAB01   1840  1002   921   974  1219  1152   982   902  1367  1418  1333          
UAB01   1850  1259  1617  2007  1406  1242  1069   888  1041   950   826          
UAB01   1860  1322  1545  1622  1237   964   980   869  1260  1055   787          
UAB01   1870  1330   979  1143  1105  1569  1013  1133   914   915   576          
UAB01   1880  1388   734   863   822  1050   863   497   997   849  1033          
UAB01   1890   998   894  1149  1546  1222   865   910   665  1066  1215          
UAB01   1900   880   799   677   518   571   714   382   360   350   271          
UAB01   1910   263   280   179   165   194   186   138   399   244   190          
UAB01   1920   123   308   525   324   296   405   570   517   221   262          
UAB01   1930   453   520   567   506   533   846  1059  1096  1022   781          
UAB01   1940   744   846   394   676   665  1102   884   431   488   871          
UAB01   1950   653   738   409   532   847   530   517   396   436   538          
UAB01   1960   403   205   315   470     0   357   440   316   338   490          
UAB01   1970   565   711   931   575   654   603   447   566   489   517          
UAB01   1980   481   548   714   404   436   484   564   734   762  1071          
UAB01   1990  1228  1460  1380   830   978   833   689   795   447   744          
UAB01   2000   725  1001   599   695   772   740   824   728   582   691          
UAB01   2010 -9999                                                                
UAB02   1862   892   798   294   338   336   432   440   454
UAB02   1870   956   936   748   820  1082   550   668   616   782   496
UAB02   1880   628   664   886   704   642   662   552   646   902  1006
UAB02   1890  1208   744  1038  1138  1212   752   810  1034  1084  1114
UAB02   1900   776   740   608   744   908   876   610   630   528   466
UAB02   1910   626   522   474   582   782   574   578   114   190     0
UAB02   1920     0   244   196   170   180   146   276   142    90    52
UAB02   1930   180   194   186   234   242   248   210   228   214   276
UAB02   1940   220   154   182   268   322   372   248   232   296   242
UAB02   1950   222   302   276   340   244   280   388   420   446   442
UAB02   1960   268     0   252   276   168   158   326   356   370   368
UAB02   1970   398   518   556   676   480   844   640   616   632   500
UAB02   1980   740   682   922   840   918   920   796   838   842   882
UAB02   1990  1088   762   796   770  1126  1070   882   648  1050  1210
UAB02   2000   828  1108   928   924   596   942   986   906   972   822
UAB02   2010 -9999
UAB03   1866   725   843  1130  1001                                              
UAB03   1870   873   579   523   610   925   830   855   817  1126   551          
UAB03   1880   959   590   610   422   539   580   345   563   670   561          
UAB03   1890   811   687   812  1039   929   759   611   992  1095   588          
UAB03   1900   414   363   265   356   493   555   449   515   488   405          
UAB03   1910   490   533   708   960  1002   819   611   430   379   504          
UAB03   1920   369   759   605   539   407   650   735   571   319   414          
UAB03   1930   407   756  1209  1540  1380  1546   869   865  1043   637          
UAB03   1940   576   365   287   312   412   570   452   275   310   455          
UAB03   1950   613   688   838   757   754   765   723  1055  1232   965          
UAB03   1960  1000   671   890   726   160    94   188   384   259   507          
UAB03   1970   403   745   856   875   948  1369  1058  1064  1152   986          
UAB03   1980   981   993  1049  1032   768   741   838   809   928  1247          
UAB03   1990  1742  1874  1282  1322   940   833   646   866   724   977          
UAB03   2000  1187   909  1160   984   924  1140  1404  1531  1426  1949          
UAB03   2010 -9999                                                                
UAB05B  1789  1324
UAB05B  1790  1606  1780  1704  1340  1162  1366  1664  1150  1154   966
UAB05B  1800   990   880   764   988  1034  1526  1392  1334  1090   916
UAB05B  1810   974   666   592  1052   806   980   514   594   394   706
UAB05B  1820   686   906  2150  1590  2254  1864  1818  1708  1984  2442
UAB05B  1830  1622  1574  2048  2028  2652  2024  2480  2638  1778   790
UAB05B  1840   848  1066  1232   884   766   656  1364  1760  2380  1526
UAB05B  1850  1056  1304  2310  2152  2122  1324  1180  1200  1274  1458
UAB05B  1860  1698  2254  1564   976   764   584   470   482   804  1170
UAB05B  1870  1510  1476  1178   914  1350  1052   980  1198  1614   996
UAB05B  1880  1448  1214  1074  1376   996  1178  1284  1712  1632  1888
UAB05B  1890  2478  1740  2044  2734  2508  1930  1802  2182  2358  2238
UAB05B  1900  1092  1576  1394  1098  1214  1208  1524  1950  1622  2080
UAB05B  1910  2158  2196  1556  2234  2628  1800   618   150   184   294
UAB05B  1920   234   562   406   490   724   750   720  1134   578   750
UAB05B  1930  1288  1148  1218  1126   994  1292  1730  1340   804  1044
UAB05B  1940   998   862   758   722  1832  2586  2154  1880  1616  1856
UAB05B  1950  1822  1944  1780  1580  1840  1690  1868  1062  1206  1772
UAB05B  1960  1292  1008   812  1188   148   440   550   870  1332  1826
UAB05B  1970  1774  2004  2772  2102  2740  2548  2228  2098  2024  1820
UAB05B  1980  2198  3016  2402  1934  2080  1888  1918  2450  2490  2144
UAB05B  1990  2130  2120  1532  1620  1276  1398  1006  1512  1306  2210
UAB05B  2000  2886  2032  2434  2906  2820  2782  3210  2874  3162  3234
UAB05B  2010 -9999
UAB06   1871   840   884   812   848   656   668   646   958   526
UAB06   1880   692   480   600   400   508   476   384   694   660   756
UAB06   1890   720   622   448   904   916   700   896   864  1130   872
UAB06   1900   914   780   636   570   656   746   486   626   716   820
UAB06   1910   888   442   398   584   946   624   562   456   314   360
UAB06   1920   274   594   398   260   368   516   446   496   288   260
UAB06   1930   376   462   476   440   500   586   578   734   840   896
UAB06   1940   730   574   222   292   398   228   346   124   142   306
UAB06   1950   446   364   386   290   452   344   336   192   362   322
UAB06   1960   380   158   170   294   100    62   174   184   140   222
UAB06   1970   240   296   384   258   272   352   336   330   390   272
UAB06   1980   232   368   414   550   422   334   446   566   412   772
UAB06   1990   810   966   796   636   420   490   494   762   700   832
UAB06   2000   836   968  1148  1016  1072  1020  1450 -9999
UAB07   1735  2464  2965  2759  3584  2602                                        
UAB07   1740  1567  1998  2995  3809  3781  3319  2723  2953  1848  2278          
UAB07   1750  2791  1804  1856  2096  2145  1970  1873  1402  1606  1979          
UAB07   1760  2063  2481  2488  2492  2974  2593  2836  1984  1858  1600          
UAB07   1770   935   800   911  1106  1210  1350  1371  1472  2009  2765          
UAB07   1780  2581  2055  1721  1803   982   843   758   593   926  1879          
UAB07   1790  1497  1223  1299  1330  1921  1373  1278  1190  1828  1039          
UAB07   1800   816  1004  1224  1319  1326  1202  1210  1276  1167   912          
UAB07   1810   863   796   886  1164  1151  1209   856  1000   938  1287          
UAB07   1820  1167   763  1171  1367  1682  1690  1910 -9999                      
UAB08   1810  1534  1410  1568  1980  1700  2136  1804  2168  2398  2794
UAB08   1820  2974  2276  2432  2352  2646  3470  2702  2904  1910  2948
UAB08   1830  2030  2722  3364  2446  2818  2398  2216  2514  1970  1538
UAB08   1840  1260  1806  1926  2234  2258  1790  2036  2692  2284  1822
UAB08   1850  2070  1792  1884  2058  1566  2024  2032  2290  2082  1708
UAB08   1860  1902  1424  1526  1462  1508  1398   886   682  1026  1132
UAB08   1870  1106  1206  1308  1516  1948  1640  1160  1110  1128   628
UAB08   1880   906   882   790   704   670   860   554   886   734   792
UAB08   1890   524   560   488   698  1022   672   458   226   272   584
UAB08   1900   528   456   644   632   736   722   682   760   688   776
UAB08   1910   724   356   132   162   602   600   554   772  1284  1538
UAB08   1920  1102   944   842   470   474   802  1244  1208   680   886
UAB08   1930  1318  1194  1508  1608  1370   990  1466  1810  1450  1288
UAB08   1940  1582  1112  1010   804  1004   674   966   468   686   760
UAB08   1950  1188   882   976  1094  1488  1278  1070  1072  1014  1304
UAB08   1960  1278   512   490   796   366   546   654   722   634   918
UAB08   1970   934   762  1022  1174   866   952   966   812   562   458
UAB08   1980   390   438   682   900   630   596   546   556   652   672
UAB08   1990   558  1140  1028   476   204   528   328   448   350   296
UAB08   2000   506   494   518   474   666   680   794   556   468   478
UAB08   2010 -9999
UAB09   1778  2695  3890                                                          
UAB09   1780  2898  4119  2208  1801   863   723   594   428   437  1227          
UAB09   1790   980   803  1249   942  1206  1056   868   570   645   805          
UAB09   1800   427   361   646   685   903   941   673   738   377   401          
UAB09   1810   473   544   712   612   396   652   622   753   629  1281          
UAB09   1820   958   641   749   582  1101   864  1120  1010   617   857          
UAB09   1830   565   680   883   553   520   366   514   577   593   364          
UAB09   1840   451   462   516  1041   919   752   943  1011  1052   925          
UAB09   1850   940   655   952   904   635   969   876  1191  1649  1266          
UAB09   1860  1292  1704  1610   740   551   667   932   814  1176   655          
UAB09   1870   675   889  1130  1483  1016   548  1056  1318  2301   853          
UAB09   1880  1102   853   948   639   469   539   634  1110   888   865          
UAB09   1890   876   645   916   950   530   445   511   888  1174   809          
UAB09   1900   727   824   623   798   749   811   439   574   430   350          
UAB09   1910   900   842   986   680  1336   880   908   802   892   608          
UAB09   1920   397   513   649   593  1060  1399  1321  1050   481   525          
UAB09   1930   537   685   566   610   482   710   559   462   843  1144          
UAB09   1940   934   621   406   925   636   633   667   270   269   536          
UAB09   1950   475   608   514   706   500   449   448   328   460   843          
UAB09   1960   710   409   502   343   286   368   533   660   429   648          
UAB09   1970   625   438   328   374   466   643   536   377   354   352          
UAB09   1980   408   542   488   412   312   425   336   286   308   221          
UAB09   1990   325   219    68    71   117   189   218   115   134   200          
UAB09   2000   290   219   167   159   143   127   134   153 -9999                
UAB10   1837  2866  2398  1812
UAB10   1840  1902  2388  2384  3160  2320  2376  3012  2722  2610  2746
UAB10   1850  2814  2186  2334  2550  3088  2170  1582  1732  1908  1904
UAB10   1860  1920  2562  2366  2066  1918  1288  1094  1050  1486  1204
UAB10   1870  1538  1560  1586  1856  2104  1748  1690  1590  1802  1104
UAB10   1880  1938  1490  1250  1120  1610  1076  1000  1030   774  1128
UAB10   1890  1154   862   906  1670   928   828   860  1530  1570  1698
UAB10   1900  1000  1022  1050  1160  2354  1432   644   490   606   746
UAB10   1910   590   604   364   496   514   398   292   488   526   348
UAB10   1920   314   586   690   594   836  1162   940   894   740  1140
UAB10   1930   742   858  1126  1220   978   986   816   694   690   826
UAB10   1940   710   610   526   726   736   886   848   810   622   914
UAB10   1950   926   844   902   912   576   856   650   672   724   912
UAB10   1960   532   340   308   374   310   436   602   794   480   702
UAB10   1970   634  1978  1088   578   410   398   450   370   606   602
UAB10   1980   270   350   640   674   792   730   938   824  1070  1512
UAB10   1990  1560  1770  2146  1936  1502  1736  1254  2318  1360  1810
UAB10   2000  1412   942  1330  1434   890   898  1156  1000  1204  1194
UAB10   2010 -9999
UAB11   1858  1056  1006
UAB11   1860   730  1430  2000  1310   366   216   290   418   340   264
UAB11   1870   380   370   718  2634  4002  2714  2070  1314  1676   400
UAB11   1880   502   386   350   396   370   446   410   930   938   748
UAB11   1890   760   564   564   678   924   506   568   568  1092  1182
UAB11   1900   774   758   876  1008  1178  1416   998   914   776  1056
UAB11   1910  1492  1786  1446  1002  1916  1710  1476  1908  1838  2248
UAB11   1920  1804  2066  1398  1130  1246  1476  1728  1588   900  1230
UAB11   1930  1034   840   764  1218  1472  1038  1112  1282  1234  1738
UAB11   1940  1426  1172   928  1070  1370   878  1176   948   896  1020
UAB11   1950   976  1100  1396  1336   680   330   526   296   528   690
UAB11   1960   806   338   368   470   212   394   488   520   424   454
UAB11   1970   422   484   430   340   452   342   332   318   278   334
UAB11   1980   342   304   366   324   352   220   274   346   336   262
UAB11   1990   306   344   428   298   184   288   264   182   276   158
UAB11   2000   392   378   250   222   226   168   326   430   422   470
UAB11   2010 -9999
UAB12   1762  1702  2558  1946  1716  1570  1972  1164  1036
UAB12   1770   790  1052  1172  1356  1260   636   880   870  1230  1280
UAB12   1780   956  1344  1110  1474  1428  1912  2094  1426  1236  1984
UAB12   1790  1530   812  2124  2032  2286  1756  1614   688  1118  1092
UAB12   1800  1164  1196  1472  1162  1560  2156  1886  1846  1518  1420
UAB12   1810  1114  1274  1678  1544  1144  1672  1426  1406  1138  2074
UAB12   1820  1698  1732  2108  1402  1604  1604  1800  1768  1100  1344
UAB12   1830  1038  1518  1416   842  1148   968   538   438   296   214
UAB12   1840   190   198   272   464   736   490   896  1460  1306  1638
UAB12   1850  1494  1436  2004  1204   478   532   584   690   966  1212
UAB12   1860  1306   984   684   604   762   770  1026  1042  1354  1676
UAB12   1870  1448  1528  1120   842  1124   874   650   474   640   368
UAB12   1880   428   560   500   300   352   384   290   784   774   768
UAB12   1890  1000   812   716  1142  1148   870   384   296   718   810
UAB12   1900   504   630   752   886  1082  1154   686   652   854   674
UAB12   1910   748  1064   698   672  1146  1016   414   536   602   524
UAB12   1920   374   500   432   460   474   536   666   420   276   368
UAB12   1930   368   474   608   712   696   698   858   636   786   660
UAB12   1940   678   444   270   222   316   276   200   278     0   278
UAB12   1950   572   622   724   898   482   450   446   636   656   736
UAB12   1960   926   540  1304  1382   616   480   530   382   548   462
UAB12   1970   658   732  1114   782   730   812   928   888   510   532
UAB12   1980   522   660   832   548   334   292   300   370   512   524
UAB12   1990   680   754   454   478   434   478   402   340   316   366
UAB12   2000   688   570   370   566   520   564   712   586   570   584
UAB12   2010 -9999
UAB13   1863  1050   966  1186   868  2128  1730  1536
UAB13   1870  1892  2236  2876  2254  2542  1662  2106  2098  2084  1212
UAB13   1880  1336   554   186   108   148   224   178   428   574   730
UAB13   1890   654   910  1062  1070   514   352   150   292   392   870
UAB13   1900   930  1194   862  1100  1074   908   820   608   436  1076
UAB13   1910  1212  1666  2048  3024  3000  2250  1648   808   638   656
UAB13   1920   360   450   396   436   818   800  1310  1256   620   922
UAB13   1930   850   982  1298  1934  1870  2710  2192  1310  1176  1518
UAB13   1940  1230  1070   600   316   240   206   348   140     0   284
UAB13   1950   420   706  1018  1596  1372  1052   772   686   692   494
UAB13   1960  1210   548  1440  1424   332   426   672   862   808   928
UAB13   1970   856  1440  1562  2292  1884  2096  1470   994   958   760
UAB13   1980   666   708  1026  1740  1928  1332  1488  1888  1396  1348
UAB13   1990  2678  2378  1614   622   210   142   224   274   348   224
UAB13   2000   490  1032  1378  2086  2614  2184  2594  2424  2382  2646
UAB13   2010 -9999
UAB14   1861  2700  2817  1937  2684  3027  2475  2906  2061  2012                
UAB14   1870  2383  1943  1824  1951  1606   907   892   671   986   244          
UAB14   1880   602   307   242   144   265   299   251   604   877  1368          
UAB14   1890  1379  1140  1255  1318   518   481   604   731   617   699          
UAB14   1900   426   783   662   715   863   744   507  1129  1859  2105          
UAB14   1910  2636  2359  1980  2722  2768  2003  1235   761   940   835          
UAB14   1920   525   649   419   422   650  1034   684   511   380   443          
UAB14   1930   503   566  1112  1801  1592  1961  1915  1832  2442  3076          
UAB14   1940  2095  1524  1023  1807  1690  1624  1464   997   750  1051          
UAB14   1950   872  1370  1352  2005  1786  1611  1058  1437  1898  3149          
UAB14   1960  2129  1638  2569  2688  1477  1496  2410  2896  2961  2093          
UAB14   1970  1242  1355  1362  1540  1824  2365  1856  1543  1617  1772          
UAB14   1980  1640  2266  2738  1890  1455  1474  2166  1938  1885  1774          
UAB14   1990  1933  1747  1646  1596  1615  1675  1981  2673  2994  2542          
UAB14   2000  2677  2069  1730  2068  1678  1717  2103  1512  1939  1919          
UAB14   2010 -9999                                                                
UAB15   1826  2146  2750  2320  3402
UAB15   1830  1856  1996  2668  1738  1980  1466  1146  2104  2166  1392
UAB15   1840  1482  1472  2194  3716  2650  3384  3786  3464  3066  2516
UAB15   1850  2872  2588  2980  2832  3286  2564  2046  2504  2540  3044
UAB15   1860  2394  3230  2884  2314  2204  2762  3568  3366  4106  2606
UAB15   1870  3342  3306  2620  1840  1846  1648  3008  2680  2278  1320
UAB15   1880  1266   930   860   634  1360  1628  1542  1552  1534  1284
UAB15   1890  1406  1150  1306  1838  1260   808   832  1092  1150   996
UAB15   1900   864   964   946   792   896  1134   792   788   730  1240
UAB15   1910  1348  1562  1268  1560  1560  1560  1378  1182  1348  1160
UAB15   1920  1062  1024   988   800   860   876   954  1008   786   874
UAB15   1930   798   878   936  1072  1222  1086  1062  1136  1300  1144
UAB15   1940  1140  1228   856   850   842   952  1102   862   584   648
UAB15   1950   538   534   660   648   498   518   504   516   570   744
UAB15   1960   654   464   718  1068   764   862  1046  1164  1052  1042
UAB15   1970  1012  1096  1338  1240   994  1008  1224   668   638   694
UAB15   1980   692  1018  1154   652   762   782   698  1134  1276  1118
UAB15   1990  1130  1762  1292  1030  1064  1162  1418  1248   948   912
UAB15   2000  1292  1108  1366  1408  1158  1016  1050  1204  1288  1136
UAB15   2010 -9999
UAB16   1783   990  1046   814   528   308   236   470
UAB16   1790   506   344   418   300   668   604   714   446   422   622
UAB16   1800   366   178   366   408   698   832   738   664  1030  1138
UAB16   1810  1094   652  1080  1142   912   764   582   584   662   874
UAB16   1820   902   768   954   398   734   468   778  1070  1774  1630
UAB16   1830   880  1294  1496   946   992   826   588   440   692   368
UAB16   1840   406   564   566   502   748   776  1206   804   800   704
UAB16   1850   796  1028  1582  1220  2264  2262  2248  2584  2148  1710
UAB16   1860  1180  1114   900   934   568   410   374   254   928  1486
UAB16   1870  1766  1006  1332   548  1224  1576  2386  1996  3222  1258
UAB16   1880  3228  1372   894  1258  1116  1106   782  1994  1372  2338
UAB16   1890  1960  1692  1402  1358  1480  1106  1086  1184  1388  1004
UAB16   1900   964   886  1026  1242  1178  1048   814   730  1576  1470
UAB16   1910  1092   702   540  1206  1386  1134  1078  1200  1418  1580
UAB16   1920  1122  1740  1480  1382  1672  1930  2038  1834   982  1012
UAB16   1930   806   914  1786  1778  1636  1192  1298   906  1118  1492
UAB16   1940  1358  1310  1392  1960  1932  1788  1656  1022   750  1716
UAB16   1950  1098  1046   844   744   684   810   580  1010   934   930
UAB16   1960  1424   708   982  1122  1042   656   664   866   724   754
UAB16   1970   610  1096  1406   910   824   838   898   808   654  1018
UAB16   1980  1126  1422  1360  1202   976  1404  1288  1820  1990  1966
UAB16   1990  2294  2550  2622  2072  1634  1342  1160  1200  1446  1930
UAB16   2000  2436  1926  2068  1646  1888  2226  1780  1584  1622  1670
UAB16   2010 -9999
UAB17   1808  1732  1444
UAB17   1810  1028  1168  1254  1332   976  1246  1148  1556  1000  1574
UAB17   1820  1384   828  1386  1410  2772  2518  2562  3044  2254  1530
UAB17   1830  1136  1068  1306   772   658   750  1204  1502  1204   158
UAB17   1840   120   452   918  1860  1478  1666  1648  2006  1330  1188
UAB17   1850  1370  1792  2984  1880  1766  1726  1360  1234  1378  1686
UAB17   1860  2216  2216  1442  1202   764   544   738   938  1446  1568
UAB17   1870  2316  2726  2306  1452  1314  1302  1178  1134  1096   702
UAB17   1880  1252   654   410   368   626   562   558  1120  1036  2008
UAB17   1890  1774  1532  1700  1586  1270  1022   942   702   748   876
UAB17   1900   450   406   570   612   736   658   372   240   184   366
UAB17   1910   512   668   804  1226  1700  1492  1018   654   838   658
UAB17   1920   600   842  1042   522   804   632   956   914   374   402
UAB17   1930   320   568   606   784   894   920   970   742   956  1400
UAB17   1940   976   618   536   786   768   694   584   830   474   580
UAB17   1950   698   610   574   724   644   782   586   682   508   624
UAB17   1960   622   282   440   658   446   538   680   648   426   500
UAB17   1970   592   582   828   596   428   366   476   574   492   552
UAB17   1980   264   682   562   572   274   230   594   778   476   492
UAB17   1990   928   964   598   628   364   328   546   526   388   204
UAB17   2000   352   380   134   246   272   240   284   236   522 -9999
UAB18   1770   430   470   501   879  1177   942  1050   710   407   568          
UAB18   1780   838  1238   625   829   570   543   260   224   280   717          
UAB18   1790   368   276   588   389   394   641   903   690   636   759          
UAB18   1800   625   279   581   686  1352   914   567   737   852   847          
UAB18   1810   696   481   955  1318  1404  1274  1033  1114   758  1099          
UAB18   1820  1156   810   974   880  1588  1177  1497  1830  1364  1096          
UAB18   1830   534   707   978  1073  1654  1526  1476  1245   930   322          
UAB18   1840   305   848  1185  2076  1459  1747  1795  1500  1529  1235          
UAB18   1850  2137  2526  3439  2625  1647  1879  1919  2595  3408  3046          
UAB18   1860  3707  3632  2948  2572  2476  1943  1892  2156  1698  1429          
UAB18   1870  1871  1682  2018  1725  1816  1814  2024  1942  2061   747          
UAB18   1880  1163   647   589   553   964  1299   758  1101  1237  2194          
UAB18   1890  2474  2107  1798  2814  1792  1411  1532  1605  1637  1188          
UAB18   1900   698  1370   902   746   890   693   788  1126  1072  1562          
UAB18   1910  1497  1589  1328  1854  2434  1727  1461  1412  1309  1269          
UAB18   1920  1014  1517  1354  1175  1248  1481  1403  1004   613   742          
UAB18   1930   737   954  1606  2124  1553  2003  1896  1735  1908  1877          
UAB18   1940  1387  1468  1328  1108   906   920   961   806   611   833          
UAB18   1950  1122  1250  1107   851   692   528   547   353   515   942          
UAB18   1960   905   460   685   847   344   347   453   458   470   573          
UAB18   1970   556   910   828   863   872   959   961   850   993   861          
UAB18   1980  1298  1557  1368  1038  1367  1140  1158  1351  1292   703          
UAB18   1990   959  1170   928   593   983  1044  1054  1331   896  1292          
UAB18   2000  1229  1101  1103  1194  1217  1043  1361  1451  1525  1165          
UAB18   2010 -9999                                                                
UAB19   1836  4536  5754  5172  3804
UAB19   1840  3778  3012  3652  5564  4400  3444  4226  2816  3010  3648
UAB19   1850  3844  3222  4110  2404  3672  2852  1822  2522  3312  2162
UAB19   1860  1860  2496  3224  2476  2434  1908  2352  2810  3558  2688
UAB19   1870  2056  1826  2122  1408  1464  1270  1506  1820  2184  1178
UAB19   1880  3156  1400  1672  1784  1942  1580  1366  1692  2026  2626
UAB19   1890  2874  2350  2040  2820  1720  1550  1500  1530  1112  1404
UAB19   1900  1436  1588  1528  1470  1526  1650  1722  1124  1780  2328
UAB19   1910  2280  2160  1786  1990  2206  1802  1360  1016  1116   612
UAB19   1920   764   926   804   986   996  1208  1122  1294  1070   956
UAB19   1930  1060  1426  1232  1150  1246  1268  1368  1232  1740  1668
UAB19   1940  1394  1480  1270  1816  1550  1438  1050   980   750   834
UAB19   1950   994   916   988  1152  1242  1192   848   868  1074  1294
UAB19   1960  1042   776   796  1236   608   694   926   986   980  1274
UAB19   1970  1236  1524  1548  1352  1514  1148  1284  1116   942  1146
UAB19   1980  1656  1558  1226  1066   816   842   730   842   898   800
UAB19   1990   742  1006   714   836   754  1064   934  1362   990   938
UAB19   2000  1078   848  1074  1266  1126   738   780  1136  1082  1230
UAB19   2010 -9999
UAB20   1767  1567  1317  1232
UAB20   1770   472   368   249   180   165    32    85   108   218   227
UAB20   1780   516   823   900   579   375   300   240   241   131   428
UAB20   1790   388   208   166   362   394   528   612   457   418   507
UAB20   1800   294   316   431   434   602   612   345   361   332   327
UAB20   1810   247   190   199   306   200   179   201   370     0   281
UAB20   1820   282   204   298   279   874   986   967   838   696   580
UAB20   1830   472   540   442   705   430   370   363   331   341   163
UAB20   1840   127   394   544  1110  1158  1005   942   873   725   438
UAB20   1850   352   292   544   524   726   676   733   767   748   837
UAB20   1860   667   719   725   732   807   830   562   642  1016  1010
UAB20   1870  1245  1349   449   384   532   346   462   344   431     0
UAB20   1880   388   363   407   322   387   387   352   487   512   616
UAB20   1890   403   321   242   325   256   136   144   141   285   442
UAB20   1900   449   679   419   626   970   773   452   520   347   398
UAB20   1910   431   404     0   352   509   343   279    96    98   110
UAB20   1920   102   108    97    63    85    88   112    97   168     0
UAB20   1930     0     0     0     0   424   528   554   470   621   515
UAB20   1940   458   412   287   229   350   226   287   141   125   172
UAB20   1950   193   242   273   231   307   544   320   267   440   447
UAB20   1960   756   273   391   502   366   363   583   564   702   603
UAB20   1970   384   485   325   306   324   398   440   410   289   319
UAB20   1980   266   340   432   632   452   408   645   600   411   626
UAB20   1990   950   708   438   463   547   649   823   756   459   801
UAB20   2000   711   396   378   454   440   522   551   456   355   522
UAB20   2010 -9999
UAB21   1835  1456  1490  1804  1678  1164
UAB21   1840  1302  1248  1148  1646  1258  1510  1662  1198  1152  1104
UAB21   1850  1214  1288  1866  1410  1768  1726  1256  1856  1816  1562
UAB21   1860  1574  1858  1630  1958  1680  1768  1428  1076  1698  1720
UAB21   1870  1996  2368  1776  1992  2720  2830  2002  1388  1996  1108
UAB21   1880  1622  1212  1120  1072   950  1080   908  1390  1380  1542
UAB21   1890  1620  1290  1216  1736  1426  1058   994   932  1098  1190
UAB21   1900   790   972   724   896  1016  1344  1088   862   846   936
UAB21   1910  1288  1694  1246  1228  1526  1166   924   968   830   800
UAB21   1920   798   892   746   836   954   876   766   906   742  1108
UAB21   1930   974   932   884   976   854   846   832   726   698   864
UAB21   1940   834   776   774   738   798   868   876   636   514   776
UAB21   1950   900  1044  1064   930   796  1054  1200   934   920  1166
UAB21   1960  1016   598   866  1176   708   580   952  1116  1218  1278
UAB21   1970  1014  1380  1148  1012   724  1044  1050  1070  1072   916
UAB21   1980  1060  1272  1110   872   958   864  1068   864  1068   920
UAB21   1990   796  1144   828   748   698   978   592   742   622   590
UAB21   2000   644   554   516   554   664   574   720   664   666   742
UAB21   2010 -9999
UAB22   1807  1946  1676  1152
UAB22   1810  1374  2438  1974  2368  2240  2428  1656  1778  1972  2446
UAB22   1820  2074  1386  1830  1512  2044  1810  1904  2060  1328  1568
UAB22   1830   706  1082  1102  1000  1228  1024  1048  1488  1226   738
UAB22   1840   510   816  1186  2254  1732  2244  2558  1782  1484  1104
UAB22   1850  1448  1662  1598  1372  1304  1448   840   760  1118   946
UAB22   1860  1036  1406  1482  1038   760   552   664 -9999
UAB23   1751   986   650   588   460   482   466   318   368   626
UAB23   1760  1306  1278   764   840  1008   730   578   540   612   514
UAB23   1770   304   304   238   322   546   508   480   540   524   260
UAB23   1780   320   310   878  1054   718   572   484   540   516   618
UAB23   1790   584   412   236   396   362   294   426   330   304   316
UAB23   1800   206   148   196   268   478   814   702   754   640   608
UAB23   1810   722   584   418   842   770   694   524   518   460   636
UAB23   1820   632   568   900   680   982   842  1046  1246  1568  1672
UAB23   1830  1410  1670  1596  1152  1154  1150  1142  1262  1080  1070
UAB23   1840  1218   962   888  1578  1088  1444  1326   948   674  1016
UAB23   1850  1194  1362   912   920  1144   898   790   810   926   766
UAB23   1860   938  1148   904   598   620   518   582   672   598   686
UAB23   1870   866  1090   998   794   762   872  1040  1102  1458   608
UAB23   1880   966   636   482   420   460   426   330   404   554   700
UAB23   1890   666   530   932   834   648   442   430   448   584   506
UAB23   1900   440   428   488   566   486   568   438   408   522   688
UAB23   1910   980   776   698   998  1218   944   732   606   560   596
UAB23   1920   430   476   450   510   736   754   930   642   446   612
UAB23   1930   712   726   634   828   848  1002  1166  1112  1112  1548
UAB23   1940  1240  1036   646   794  1316  1282   846   742   530  1064
UAB23   1950   998   858   754  1080   894   886   646   670   856   824
UAB23   1960   706   338   508   860   386   414   796   774   630   932
UAB23   1970   882  1100  1126   948  1074  1188  1552  1262  1026  1046
UAB23   1980  1098  1120  1256  1022   942   960  1270  1524  1332  1592
UAB23   1990  1430  1196  1150   692   766   988   686   672   484   738
UAB23   2000   990  1056   866  1098  1070   940  1466  1222  1004   980
UAB23   2010 -9999
UAB24   1775   801   869   850   830   716                                                        
UAB24   1780   752  1014  1222  1091   674   810   823   478   321   749        
UAB24   1790   695   545   496   585   542   747   716   721   624   455        
UAB24   1800   450   348   535   468   411   570   836   831   717   669        
UAB24   1810   674   657   782   856   902   949  1046  1151  1029   934       
UAB24   1820  1172  1303  1377  1207  1411   991   909  1074  1288  1337        
UAB24   1830  1036  1385  1423  1498  1545  1478  1368  1611  1577  1248        
UAB24   1840  1042  1078   998  1250  1270  1477  1499  1611  1359  1436        
UAB24   1850  1390  1452  1313  1186   883   990  1092  1172  1116  1268        
UAB24   1860  1282  1219  1114  1391  1515  1176   954   942  1247  1294        
UAB24   1870  1587  1185   998   621  1230  1196  1416  1142  1030   304        
UAB24   1880   952   647   385   469   494   966   491  1122   960  1433        
UAB24   1890  1011   854   886  1143   824   715   388   530   717   687        
UAB24   1900   647   585   614   411   421   497   441   692   712   856         
UAB24   1910  1275  1420  1055   870  1112   830   503   594   669   515        
UAB24   1920   303   467   478   458   803   885   824   781   358   434        
UAB24   1930   355   553   671   805   914  1047  1218   961  1513  1762        
UAB24   1940  1246   800   613  1361  1704  1595  1021   605   622  1123        
UAB24   1950  1135  1155  1210  1214  1001  1241  1158   586   932  1318        
UAB24   1960  1152   593   663   677   473     0   329   473   321   509       
UAB24   1970   568   716   871  1042  1044  1325   950     0     0   975          
UAB24   1980  1001  1566  1882  1572  1278  1185  1761  1761  1894  2353          
UAB24   1990  2995  2311  1752  1040  1073   993  1239   733   870   981          
UAB24   2000  1179  1055  1009  1111  1669   998  1059   644   625   651          
UAB24   2010 -9999                                                                
UAB25   1806   834  1242  1036  1056
UAB25   1810  1016   744   908  1350  1100  1046  1250  1068   904   800
UAB25   1820  1102  1208  1072  1004   958  1180  1728  2446  1714  1358
UAB25   1830  1308   712   868   978  1264  1270  1140  1342  1148   256
UAB25   1840     0   174    66   198   186   178   348   386   680  1270
UAB25   1850  1332  1230  1268   914   844   984   826   896  1382  1180
UAB25   1860  1042  1178  1440  1424  1194  1046   894   698   804  1098
UAB25   1870  1350  1410  1334  1296  1936  1682  1294  1202  1672   558
UAB25   1880   808   590   836   560   382   406   396   586   712   690
UAB25   1890   904   996  1082  1618  2182  1296  1416  1240  1960  1758
UAB25   1900  2192  2062  1616  1246  1406  1470  1112   944   886   934
UAB25   1910  1122  1110  1062  1074  1100   854   724   450   682   936
UAB25   1920   936  1136   762   262   272   442   606   592   266   600
UAB25   1930   744   792  1178   908  1476  1338  1520  1358  1528  1590
UAB25   1940  1042   834   572   434   966  1466   998   720   618  1100
UAB25   1950  1050   948   798   838   930   910   902   636   732   922
UAB25   1960   772   362   496   898   154    98   320   540   536   884
UAB25   1970   944  1220  1348  1116   816   988  1392  1246  1042  1294
UAB25   1980  1004  1124  1116  1188  1024   776   948   852   856  1088
UAB25   1990  1136  1468  1430   432   404   660   472   630   394   528
UAB25   2000   830  1050   974   918   898   964  1038  1256  1152  1662
UAB25   2010 -9999
UAB27   1744  2642  1410   622  1232  1526  2072
UAB27   1750  1426  1234  1590  1566  1254  1682  1490  1904  2678  2710
UAB27   1760  1852  2852  2444  2142  2274  2370  2816  2184  1380  1336
UAB27   1770   850   868  1138  1488  2102  1358  1728  1594  1116  1366
UAB27   1780   774  1088   850  1018   732   976   982   580   710  1940
UAB27   1790  2338  1394  1510  1426  1602  2520  1442  1416  1398  1220
UAB27   1800  1030   614   662   740   932   894   800   780   930   820
UAB27   1810   784   584   786   968   648   894   856   706   554   936
UAB27   1820   874  1070  1270  1090   992   532   962  1744  1238  1102
UAB27   1830   814   666  1006  1152  1076   864  1008  1786  1206   312
UAB27   1840   140   268   278   524   586   720   840   950  1194  1072
UAB27   1850  1052  1054  1300  1060  1430   768   582   574   458   442
UAB27   1860   416   678   612   624   626   692   488   718   624   406
UAB27   1870   730   840   826   546   588   506   562   538   744   386
UAB27   1880   414   480   652   556   598   460   488   590   660   832
UAB27   1890   630   396   782  1026   420   536   452   560   552   694
UAB27   1900   610   592   564   554   642   598   578   474   708   438
UAB27   1910   586   646   426   660   592   548   424   412   526   552
UAB27   1920   400   354   352   300   378   332   534   394   408   428
UAB27   1930   604   760   766   722   692   770   610   708   694   758
UAB27   1940   632   542   614   442   528   568   410   360   308   396
UAB27   1950   450   466   428   588   434   432   408   372   454   666
UAB27   1960   566   504   444   720   788   536   540   714   588   912
UAB27   1970   994   828   794   654   724   674   654   714   704   656
UAB27   1980   610   568   692   872   854   636   678   744   590   384
UAB27   1990   634   612   496   332   384   454   456   598   404   470
UAB27   2000   508   632   634   538   566   582   776   686   614   776
UAB27   2010 -9999
UAB31   1876  1972  1576  1848   732
UAB31   1880  1706  1030  1006  1046  1004  1178  1150  1384  1296  1374
UAB31   1890  1658  1436  1944  2306  1612  1756  1444  1408  1126  1142
UAB31   1900     0  1006  1084  1436  2196  2156  1350  1118   702   606
UAB31   1910   894   724   230   352   408   348   678   798  1024  1290
UAB31   1920     0  1536  1614  1762  1728  1818  1690  1170   944   972
UAB31   1930   804   606   536   616   608  1114   902   894  1264  1400
UAB31   1940  1042   784   740  1022   900   848   598   308     0   210
UAB31   1950   516   656   470   164   260   304   224   448   440   866
UAB31   1960  1154   918  1276  1408   902   964   978  1576  1130   700
UAB31   1970   746  1072  1422  1004   832   702   954   772   756  1008
UAB31   1980  1426  2154  1678  1282  1348   884  1074  1712  1282  1360
UAB31   1990  1716  1480   918   928   784   996   878   896   840  1098
UAB31   2000  1798  1450  1248  1430  1286  1232  1312  1252 -9999
0264121 1879  2309                                                                
0264121 1880  3180  2224  2943  2223  2258  2237  2674  3176  2670  2603          
0264121 1890  2995  1789  1932  1520  1399  1075  1082  1350  1256  1511          
0264121 1900  1458  1459  1269  1835  1316  1224  1104  1189  1103   978          
0264121 1910  1142  1426   869   910  1285   924  1338  1332  1067   899          
0264121 1920  1007  1260   932   964   794   896   962  1117   793  1060          
0264121 1930   698   815   791   638   752   827   703   681  1185  1106          
0264121 1940   479   570   573   989  1386  1569  1033   509   434  1210          
0264121 1950  1015   916   758   752   848   731   738   545   732  1089          
0264121 1960  1106  1223  1433  1226  1134  1241  1232  1327  1285   858          
0264121 1970   810  1189   956   637   764  1015   769   876  1255  1484          
0264121 1980  1113  1300  1683  1248  1825  2291  2593  2492  2021  1920          
0264121 1990  2549  2870  1802  2280  1523  1465  1223  1621  1153  1766          
0264121 2000  1784 -9999                                                          
0264122 1895  2099  1494  2334  2309  1716                                              
0264122 1900  1976  2292  1870  2331  2145  1635  1323  1777  1680  1848          
0264122 1910  1738  1571  1399  1577  1547  1394  1805  1326  1440  1685          
0264122 1920  1524  2109  1673  1741  1642  1511  1281  1306  1347  1468          
0264122 1930  1344  1347  1781  1989  1829  2076  2160  1723  1285  1291          
0264122 1940   877   747   908  1629  2176  2294  2032  1937  1791  2978          
0264122 1950  2343  1784  1506  1145   834   686   620   834   847  1060          
0264122 1960  1305  1013  1595  2209  2415  2259  2011  1968  1276  1108          
0264122 1970   692   995   759   625   712  1172  1874  2209  2449  2926          
0264122 1980  3400  4286  2641  1979  1460   963   965  1025  1122   920          
0264122 1990  1246  1297  1003   794   496   503   482   571   702  1146          
0264122 2000 -9999                                                          
0274133 1884  1921  1715  3151  1760  1835  1014                                  
0274133 1890  1362   998   998   868   838   659   746   829   668   867          
0274133 1900  1089   830   849   896   900   951  1093  1363   898   907          
0274133 1910  1116  1416  1235  1437  1125  1035  1721  1211  1093  1235          
0274133 1920  1158  1469  1665  1657  1262  1345  1220  1180   893   968          
0274133 1930   741   943   847   625   745  1065  1053   993  1405  1208          
0274133 1940   803  1008  1123  1260  1012  1171  1217  1255  1207  1982          
0274133 1950  1537  1171  1159  1087  1001   840   671   814   727   805          
0274133 1960   469   396   341   477   616   476   529   786   606   691          
0274133 1970   462  1010   817   619   505   540   350   274   304   481          
0274133 1980   403   675   610   451   404   484   645  1012   934  1532          
0274133 1990  1721  1507  1105  1130   811   766   503   585   581   773          
0274133 2000  1040 -9999                                                          
0274134 1891  1139  1282  2554  2295  2317  2020  1913  1763  1827                
0274134 1900  2100  2557  2013  1542  1814  1932  1878  2290  1962  2036          
0274134 1910  2345  2042  1794  1724  1913  1646  1865  1655  1604  1784          
0274134 1920  1130  1733  1597  2350  2319  2254  2129  1841  1619  1835          
0274134 1930  1423  1232  1215  1253  1357  1851  1723  1698  1753  1578          
0274134 1940  1197  1466  1340  2346  2687  2666  2533  2563  2440  2655          
0274134 1950  2631  2140  2312  2269  1569  1980  1531  1366  1279  1432          
0274134 1960  1681  1253  1458  1509  1568  1022  1100  1073  1119   984          
0274134 1970   805  1090   872   654   449   733   405   276   331   451          
0274134 1980   434   522   306   305   339   286   366   657   553   802          
0274134 1990   647   721   821   763   605   831   562   991   925   963          
0274134 2000  1336 -9999                                                          
0274134 1902  1982  1561  1717  1381  1723  2046  1176  1671                      
0274134 1910  1514  1497  1375  1410  1713  1361  1572  1373  1032  1269          
0274134 1920   900  1091  1544  1862  1576  1192  1361  1520   902   858          
0274134 1930   620   692   744  1054  1022  1281  1242  1191  1671  1444          
0274134 1940  1074  1053  1164  1598  1715  1558  1535  1537  1004  1434          
0274134 1950  1227  1173  1225  1171   893   931   968  1193   922  1134          
0274134 1960   943   702   589   796  1024   734   792  1189   813   919          
0274134 1970   990  1407  1169  1200   830   992   660   635   613   704          
0274134 1980   583   539   322   355   403   330   251   401   341   317          
0274134 1990   266   408   383   276   183   408   422   505   461   525          
0274134 2000   468 -9999                                                          
0281492 1889  6232  4502                                                                
0281492 1890  4373  3760  3043  2832  2084  2056  1485  2409  2100  2333          
0281492 1900  2490  2673  1949  2439  2165  1801  1826  1769  1541  2459          
0281492 1910  2018  1463  2306  2097  3104  2276  1942  1375  1601  2001          
0281492 1920  1879  2489   934  1676  1995  1749  1344   898   970  1548          
0281492 1930  1872  1345  2024  2685  1952  2373  1996  2002  1448  2298          
0281492 1940  1087   910  1594  1638  1211  2010  1256  1080  1024  1644          
0281492 1950   950   966   604   389   507   455   354   529   803   748          
0281492 1960   376   601  1068   944  1127   591   680   848   760   878          
0281492 1970   397   644  1007   587   535   619   537   367   617   735          
0281492 1980   531  1223  1140   718   616   639   817   909   875   617          
0281492 1990   940  1165   862   395   546   458   349   284   430   456          
0281492 2000 -9999                                                          
0294241 1891  2327  4344  5746  5067  2279  3066  3729  3429  2847                
0294241 1900  2911  2862  3239  3552  2648  2482  2332  2104  1754  2926          
0294241 1910  2652  2372  1779  1815  1781  1451  2055  1941  1590   605          
0294241 1920   720  1098   561   574   580   639  1345  1233   833   943          
0294241 1930   923  1183   838   864   945  1146   723   504   672   836          
0294241 1940   374   309   312   661   635   664   638   540   427   685          
0294241 1950   664   795   618   817   642   708   380   435   463   561          
0294241 1960   314   195   190   244   207   201   312   374   192   128          
0294241 1970   153   158   192   362   431  1063  1255   949  1017   922          
0294241 1980  1001   834  1164   863   645   467   644  1005   744  1151          
0294241 1990   796   784   867   639   494   391   365   493 -9999                
0294242 1877  3334  3838  3258
0294242 1880  3512  2946  3586  3196  3736  2950  3070  3072  3110  3254
0294242 1890  3810  2932  3440  4530  3214  2836  3936  3532  3634  3078
0294242 1900  3112  3268  2414  3022  3620  2912  2210  2122  1928  2258
0294242 1910  1656  1820  1554  1634  1618  1408  1612  1874  1896  1344
0294242 1920  1014   796   820   768   572   884  1066   938   534   982
0294242 1930   670   602   674   554   846   524   424   518   870   910
0294242 1940   782   732   674   602   702   582   716   762   400   552
0294242 1950   772   856   918  1296   772   904   394   498   504   628
0294242 1960   412   102   264   616  1124   828  1404  1212   688   614
0294242 1970  1028  1060   788  1848  2576  2950  2448  1668  2520  1804
0294242 1980  2028  1374   860   682   694   782   604  1186  1130   920
0294242 1990  1022   970   682   632  1008   954   494   946   690   692
0294242 2000   622 -9999
0304253 1878  2931  2850                                                          
0304253 1880  2909  2422  2911  2129  2757  2156  1679  2024  1914  1779          
0304253 1890  2133  1912  1848  1966  1482  1175  1247  1287  1114  1024          
0304253 1900   937  1264   943   927   877   752   712   724   692   765          
0304253 1910   680   708   859   780   899   715   835   959  1178   850          
0304253 1920   764   878   621   757   509   455   544   651   404   494          
0304253 1930   505   366   320   661   567   874   624   570   785   613          
0304253 1940   359   542   408   625   605   342   303   192   226   425          
0304253 1950   351   333   269   194   210   249   281   321   212   118          
0304253 1960   264   200   177   125   163   193   192   445   354   465          
0304253 1970   390   525   555   733   968   859  1129   753   795   634          
0304253 1980   453   727   584   602   920   870   950  1325  1103  1801          
0304253 1990  2049  1632  1158   668   584   570   664   942   943   971          
0304253 2000  1489 -9999                                                          
0304254 1893  3124  3108  3620  3730  4430  3832  2750
0304254 1900  2220  2218  1578  1908  1642  1330  1668  1954  1740  1744
0304254 1910  1290  1382  1738  1620  1586  1018  1356  1592  1922  2072
0304254 1920  1590  1626  1094  1504  1182   922  1626  1152   982  1060
0304254 1930   848   594   828   856   548   782   500   748  1406  1060
0304254 1940  1082  1398  1316  2132  1670  1744  1302  1038   870   980
0304254 1950   738   648   644   500   420   660   434   694   480   544
0304254 1960   368   226   298   306   392   320   522  1102  1612  1034
0304254 1970   990   848  1366  1574  1214  1688  1512  1306  1270  1184
0304254 1980   816   858   588   560   414   256   362   444   272   638
0304254 1990   752   594   370   506   372   584   614   746   554   728
0304254 2000   972 -9999
0314265 1865  2699  3133  4406  3824  4490                                        
0314265 1870  3599  3975  3502  3300  3992  4074  4022  3242  3943  4184          
0314265 1880  4049  3855  4008  3436  4133  3721  4458  4425  4303  3522          
0314265 1890  4868  3179  3826  4568  4335  2264  3356  3315  3592  2915          
0314265 1900  2760  3090  2902  2618  2480  2601  2242  2027  2077  2188          
0314265 1910  2102  1752  1316  1821  1864  1717  1472  1084  1352  1442          
0314265 1920  1513  1015   969  1044  1184  1045   887   924   774   735          
0314265 1930  1068  1079   903   871   951  1185   911  1190  1186  1058          
0314265 1940   841  1159  1060  1458  1380   946   898   998   952  1479          
0314265 1950  1360  1069   895   744   769  1020   856   991   656   641          
0314265 1960   765   437   534   430   759   763   667  1021   655   601          
0314265 1970   727   762  1042   658   552   809   721   693   571   681          
0314265 1980   803   774   673   640   581   651   672   846   730   664          
0314265 1990   706   887   832   787   765   954   832  1032   702   613          
0314265 2000   801 -9999                                                          
0314266 1877  2035  2601  3071                                                    
0314266 1880  4727  3969  4647  2794  3067  2849  2949  3245  3305  3660          
0314266 1890  4634  4125  4777  4894  5115  4372  4935  5489  5224  4618          
0314266 1900  5002  5059  4329  4442  4411  4196  4876  3316  2661  3084          
0314266 1910  2798  4078  2837  5247  3523  2178  3209  3530  3167  3296          
0314266 1920  2555  2696  2598  2977  3456  2553  2671  2039  2408  2639          
0314266 1930  2606  2496  4310  3457  2575  3585  2272  3166  2870  1826          
0314266 1940  1367  1523  1867  2394  2136  1464  1692  1656  1364  2395          
0314266 1950  1807  1671  1533  1460  1818  2322  1509  2085  1893  1834          
0314266 1960   849   932  1208  1497  1643  1663  1242  1551  1155   972          
0314266 1970  1354  1411  1766  1857  1391  2271  1643  1214  1273  1092          
0314266 1980  1314  1248  1086  1072  1265  1124  1131  1652  1249  1477          
0314266 1990  1271  1003   957  1196   809   858   651   943   662   901          
0314266 2000  1114 -9999                                                          
0324277 1893  5156  3055  2969  2207  2035  1757  1613                            
0324277 1900  2386  1936  2074  2212  2084  1950  1854  1979  1366  1441          
0324277 1910  1287  1012   961  1051   875   693   338   708  1032   877          
0324277 1920   663   565   517   587   490   538   536   647   579   759          
0324277 1930   690   750   624   408   565   652   561   650  1005   769          
0324277 1940   444   537   451   536   594  1075  1296  1211  1086  1131          
0324277 1950   775   870   846  1028   877   819   898   691   695   552          
0324277 1960   542   543   780   765   939   873   919  1313  1246  1138          
0324277 1970  1271  1700  1427   994   766  1134   817   806  1182  1198          
0324277 1980  1535  1827  1433  1166  1245  1114  1560  1908  1428  1627          
0324277 1990  1125  1194   631   666   564   729   618  1102   709   971          
0324277 2000  1007 -9999                                                          
0324278 1881  1075  2154  2490  4260  3773  3594  2931  2685  3176                
0324278 1890  5449  3249  3574  3767  3714  2051  3522  3899  4888  3435          
0324278 1900  2662  3328  3214  3020  2927  2958  2829  2495  1618  2407          
0324278 1910  2746  3142  3032  2829  1742  1976  2244  1712  1143  1457          
0324278 1920  1252  1567  1304  1585  1666  1495  1480  1505  1182  1558          
0324278 1930  1478  1321  1505  1228  1708  1779  1539  1600  1865  1325          
0324278 1940   757   828   950  1644  1264  1242  1187   962  1032  1267          
0324278 1950  1343  1001  1087   904   808   888   688   808   736  1057          
0324278 1960   982   781   895  1107  1012   973   922   894   445   916          
0324278 1970  1032  1081  1000   708   590   942   834   526   657   876          
0324278 1980  1154  1575   967   937   802   962  1030  1342  1078   880          
0324278 1990   819   920   781   698   747   687   552   887   741   927          
0324278 2000  1166 -9999                                                          
0334289 1891  1270  1942  4666  4258  3299  3412  3698  3682  4443                
0334289 1900  4959  3684  3001  2862  3092  3291  3705  3168  2570  2416          
0334289 1910  2786  2791  3178  3098  3617  2886  2347  2396  2798  2420          
0334289 1920  1848  2057  1698  1442  1262   780  1179  1877  1238  1362          
0334289 1930  1213  1237  1343  1621  2286  2528  2440  1947  2082  1943          
0334289 1940  1480  1123   790   876   844   802  1275  1484  1785  3243          
0334289 1950  3287  2721  2419  2349  2009  2311  1803  1622  1573  1125          
0334289 1960  1326   871  1383  1155  1196  1111   894   841   681   678          
0334289 1970   731   746   880   798  1083  1651  1983  1511  1528  1650          
0334289 1980  1690  1854  1225  1319  1187   887   677   985   775   808          
0334289 1990  1317  1986  1975  2128  2543  2069  1600  1794  1339  1456          
0334289 2000  1767 -9999                                                          
0334290 1901  4210  3641  3807  4014  3207  3680  3218  3360  3474                
0334290 1910  2446  2673  2983  2862  3179  2927  2291  2288  2531  2240          
0334290 1920  2269  2560  2015  1395  1719  1292  1481  1335   901  1228          
0334290 1930  1111   718   849  1078   943  1028   849   992  1216  1006          
0334290 1940   666   793   890  1079  1123   927   718   517   612  1376          
0334290 1950   748   824   681   442   771   712   576   512   568   635          
0334290 1960   826   633   805   794   840   919   928  1214   756   417          
0334290 1970   452   823  1116  1739  1729  1819  1973  1878  1850  1887          
0334290 1980  2301  2345  1936  1608  1690  1378  1310  1141  1020  1058          
0334290 1990  1493  1194  1264  1422  1328  1336   801  1158   854   916          
0334290 2000  1391 -9999                                                          
0761630 1884  1505  1230   709  1301  1306  1603                                  
0761630 1890  2395  1335  1585  1536  1659  1209  1694  1725  1489  1868          
0761630 1900  1888  1733  1481  1143  1551  1788  1798  1854  1717  1708          
0761630 1910  1584  1409  1263  1505  1726  1809  2127  2271  2209  1677          
0761630 1920  1644  1992  2069  2315  2297  2931  3299  2911  2497  2501          
0761630 1930  1889  1463  1831  1436  1523  1691  1311  1261  1797  1972          
0761630 1940  1637  1355  1636  1918  2076  1877  1553  1619  1472  2358          
0761630 1950  1817  1554  1338  1574  1306  1236   865  1037  1112   978          
0761630 1960  1217   906  1658  1687  1428  1404  1138  1550  1443  1364          
0761630 1970  1170  1524  1871  1349  1556  1616  1223   892   919  1195          
0761630 1980  1016  1166  1449  1189  1313  1274  1123  1534  1131  1171          
0761630 1990  1058  1355  1108   827   706   753   832  1208  1169  1032          
0761630 2000  1329 -9999                                                          
0771637 1876  1684  1880  2992  1622                                              
0771637 1880  1699  1465  1576  1256  1313  1333  1237  1388  1933  1773          
0771637 1890  3363  3194  2482  2704  2547  2059  2144  1942  2131  2286          
0771637 1900  2027  2036  1738  1980  2035  2050  2520  2485  2175  2157          
0771637 1910  2597  2740  1913  2917  3282  2525  2739  2464  2157  2370          
0771637 1920  1749  2073  2202  2057  2298  1563  2148  1686  1051  1017          
0771637 1930   582   684   806   457   438   591   477   667   920  1000          
0771637 1940   607   513   343   392   673   416   703   943   692  1076          
0771637 1950  1096   873   774   866   580   474   278   311   275   242          
0771637 1960   309   208   343   445   678   623   423   534   257   397          
0771637 1970   419   598   190   157   559   830   834   691   536   613          
0771637 1980   821   942   991  1034  1259   624   539   744   786  1196          
0771637 1990  1604  1677  1258   798   577   432   506   709   716  1003          
0771637 2000   720 -9999                                                          
0771638 1900  1622  1921  1363  1365  1061   557   798  1228  1435  1178          
0771638 1910   863   668   719   974  1309   969  1199  1003   532   918          
0771638 1920  1279  1679  1872  1646  1997  1502  1158   921   895   672          
0771638 1930   354   603   381   232   439   751   540   496   712   636          
0771638 1940   409   461   362   740   917  1011  1216  1047   940  1563          
0771638 1950  1417  1347  1388  1378  1094   950   832   866   895   968          
0771638 1960   849   677   816  1466  1845  1163   931  1762  1544  1769          
0771638 1970  2217  2421  2253  1305  1206  1110   829   806  1538  2405          
0771638 1980  2703  2637  1483  1054  1184   891  1072  1558  1768  1822          
0771638 1990  2160  2333  1865  1467  1617  1178  1025  1498  1265  2124          
0771638 2000  2421 -9999                                                          
0964507 1895  1986  2766  2237  2134  2523                                        
0964507 1900  3013  2533  2690  1805  2901  2460  2205  1449  1237  1755          
0964507 1910  1258  1327   915  1048  1124  1222  1133  1202  1326  1280          
0964507 1920  1069  1177  1391  1414  1168   973  1085  1231   925   960          
0964507 1930   965  1100  1140  1262  1254  1436  1151  1149  1456  1527          
0964507 1940  1046  1204  1105  1391  1252  1233  1318   914  1144  1703          
0964507 1950  1163   884   831   830  1000   978  1098   942   789  1037          
0964507 1960  1158   514   782   592   701   819  1017   940   790   719          
0964507 1970   987   950   912   815   878   952   874   759   574   864          
0964507 1980  1349  1637  1082  1151  1110  1031  1184  1262  1018   992          
0964507 1990  1142  1155   856   560   647   700   636   577   587   738          
0964507 2000   912 -9999                                                          
0964508 1876   562   787  2074  1166                                              
0964508 1880  1284   676   753   589   694   575   344   697   891   715          
0964508 1890   892  1094  1043  1162  1210  1224  1561  1579  1810  2289          
0964508 1900  1661  1067   983  1193  1841  1734  1513  1265  1043  1318          
0964508 1910  1203   904   824   908  1044  1372  1566  1317  1183  1038          
0964508 1920  1094  1256  1146  1221   832   762   580   815   790   964          
0964508 1930   900   858   529   463   650   760   666   803  1431  1059          
0964508 1940  1024   909   520   931   642   613   650   664   559  1009          
0964508 1950   622   677   750   584   427   790   550   634   665   522          
0964508 1960   461   248   254   300   513   404   405   550   528   420          
0964508 1970   432   571   724   739   632   584   565   514   546   819          
0964508 1980   982   760   697   812   969   747  1028  1189   820   931          
0964508 1990  1347   841   587   487   476   356   508   675   416   408          
0964508 2000   451 -9999                                                          
0974509 1891  2017  1629  1749  1931  2824  3438  3151  2562  2458                
0974509 1900  3004  3170  2014  2035  2235  2051  2550  2441  1768  1803          
0974509 1910  1707  2064  1405  2461  2547  1820  2362  1846  1838  1619          
0974509 1920  1392  1342  1446  2181  1721  1553  1651  1173  1024  1055          
0974509 1930  1182  1259  1762  1734  1182  1691  1509  1345  1234  1414          
0974509 1940   984  1185   671  1269  1602  1333  1039  1119  1002  1640          
0974509 1950  1127  1214   918  1073   941  1164   915   949   952  1282          
0974509 1960  1203   980   987   855   819   885   844  1388  1091  1203          
0974509 1970  1189  1214  1509  1208   974  1036   798   660   666   429          
0974509 1980   541   876   852   958   864   645  1062   928   951  1274          
0974509 1990  1635  1649  1428  1321   974   936  1033   961  1203  1121          
0974509 2000   973 -9999                                                          
0974510 1894  2763  1933  2880  2199  2667  2744                                  
0974510 1900  2353  2618  1770  1677  1656  1551  2184  1866  2034  2273          
0974510 1910  1997  2719  2027  2109  2229  2134  1846  1116  1616  1751          
0974510 1920  1024  1295   952  1064   884   840   781  1016   498   845          
0974510 1930   682   744   702   974  1007  1565  1438  1335  1836  1544          
0974510 1940  1087  1102  1061  1474  1415   963  1256   945  1328  2139          
0974510 1950  1459  1052  1019  1197   814  1056   884  1073   724   718          
0974510 1960  1060   636  1023   845  1123  1073   902  1195   960  1065          
0974510 1970  1000  1281  1192   682   591   920   586   492   611   733          
0974510 1980   879  1453   959   627   832   997  1067  1451  1146   786          
0974510 1990  1156  1230  1170  1081  1052   875   631   978   554   812          
0974510 2000   864 -9999                                                          
0984521 1892  2768  3468  3674  2080  1976  2118  2266  2310
0984521 1900  2356  2520  2028  1718  2062  1904  2368  1934  1936  2356
0984521 1910  1514  1760  2038  1912  2542  1990  2586  1798  1852  1610
0984521 1920  1196  1734  1710  1840  1514  1486  1842  1612  1168  1468
0984521 1930  1076  1178   962  1110   992  1628  1434   812  1216  1266
0984521 1940   766   710   906  1052  1010  1144  1232  1084  1080  1744
0984521 1950  1186  1254  1064   982   718   578   622   818   508   726
0984521 1960   918   856  1032   898  1184  1408  1206  1732  1236  1212
0984521 1970   976  1850  1552  1192  1192  1466  1246   946   920   998
0984521 1980  1112  1758  1182  1248  1002   818   688   856   846   846
0984521 1990   906   880   726   614   556   496   500   388   350   448
0984521 2000   580 -9999
0984522 1897  4668  4198  3414
0984522 1900  3012  2090  1740  1338  1244  1278  1410  1496  1394  2146
0984522 1910  1650  1674  1636  1834  2078  1738  1914  1676  1578  1808
0984522 1920  1518  1822  2086  2224  2060  1318  2064  1872  1216  1468
0984522 1930  1268  1458  1718   604   244   302   252   274   352   306
0984522 1940   378   396   302   536   426   466   668   508   520   808
0984522 1950   906   964  1258  1316  1450  1600  1156  1574  1138  1630
0984522 1960  1392  1262  1702  1364  1464  1472  1618  1452  1118  1488
0984522 1970  1056  1318  1078   664   748  1030   770   552   818  1194
0984522 1980  1182  1462  1276  1296  1228  1034  1028  1356  1068  1278
0984522 1990  1252  1258   640   644   882   910   832   928   998 -9999
ICW1    1892  5025  4266  3008  1956  2151  3257  3908  4306                      
ICW1    1900  2879  3945  3664  4042  3893  3154  2519  2543  1966  2419          
ICW1    1910  3031  2557  2955  2158  2872  2724  2491  1898  2029  1633          
ICW1    1920  1835  2366  2100  2651  2766  2907  2090  1838  1644  1721          
ICW1    1930  1596  2305  2525  2948  3073  3208  3152  3204  3009  2363          
ICW1    1940  1554  1532  1005  1046  1365  1343  1008   909  1197  2148          
ICW1    1950  1974  1740  2323  1948  1758  1638  1308  1103  1221  1498          
ICW1    1960  1574  1134  1575  1405  1860  1626  2007  1963  1693  1308          
ICW1    1970  1443  1594  2512  2284  3123  3185  2203  1674  1770  1400          
ICW1    1980  1027  1131   955  1466   388   349   392   449   415   871          
ICW1    1990  2221  2342  1024   922   849   809   706  1094  1366  1236          
ICW1    2000  1268  1440  1311  1085   801   855   977   884   521   815          
ICW1    2010 -9999                                                                                                                               
ICE@2   1922  6264  4258  5675  4078  4053  2040  3310  1776                      
ICE@2   1930  1956  2477  2670  3085  2897  3117  2668  2457  3108  3268          
ICE@2   1940  1962  2264  2874  2859  2546  2658  2385  1818  2190  3094          
ICE@2   1950  2397  2222  1635  2166  1915  2059  1333  2083  2624  2482          
ICE@2   1960  1805  1678  2620  2369  2293  1267  1514  1824  1387   974          
ICE@2   1970  1078  1827  1741  1428  1867  1746  2519  1991  2521  2727          
ICE@2   1980  3349  2538  1790  1322  1412  1116  1909  2156  1994  1802          
ICE@2   1990  1747  1931  1658  1436  1771  1099   939  1186  1454  2191          
ICE@2   2000  2045  1861  1818  1613  1042  1367  2434  2692  2323  1967          
ICE@2   2010 -9999                                                                
ICW3    1907  3121  2380  2342                                                    
ICW3    1910  2069  1811  1923  2296  3059  2450  2271  2109  2129  2142          
ICW3    1920  1492  1708  2060  2161  2431  2176  2580  2114  2101  1991          
ICW3    1930  1473  1889  1823  1933  1803  1681  1594  1887  2173  1929          
ICW3    1940  1459  1421  1622  1628  1916  2130  1984  2117  1857  2202          
ICW3    1950  1776  1755  1648   997  1137   837   623   763   616   859          
ICW3    1960   803   580   691   715   541   415   423   432   500   880          
ICW3    1970   757   963  1192  1107  1463  1381  1236  1121  1227  1403          
ICW3    1980  1525  1400   894   961  1130  1266  1312  1848  1420  1355          
ICW3    1990  1595  1314  1169   901  1014  1048  1116  1539  1139  1097          
ICW3    2000   962   918   921  1088   890   904   798  1029   928   998          
ICW3    2010 -9999                                                                                                                                
ICE@4   1893   907  1026   560   498   692   325   332                            
ICE@4   1900   785   406   693   567   368   291   662   809   545   614          
ICE@4   1910   676   567   534   561   702   524   428   411   409   220          
ICE@4   1920   219   478   636   673   870   808   847   707   550   447          
ICE@4   1930   437   353   284   433   612   770   667   574  1248   805          
ICE@4   1940   444   507   310   634   564   728   624   705   718   866          
ICE@4   1950   873   826   766   895   766   551   678   835  1001   827          
ICE@4   1960   594   682   718   883  1034   925   990  1026   776  1031          
ICE@4   1970  1510  1648  2320  1486  2291  2286  2063  1685  1754  2125          
ICE@4   1980  1796  1971  1606  1800  1450  1611  2325  2266  2699  2041          
ICE@4   1990  3263  2040  2411  1872  1734  1374  1502  2461  2556  2662          
ICE@4   2000  2313  1952  2251  2266  1549  1607  2839  1517  1793  1606          
ICE@4   2010 -9999                                                                
ICE5    1865  1882  2053  3102  2718  1526                                        
ICE5    1870  1934  1573  1635  1705  1032   959  1120   837   821   738          
ICE5    1880  1317   984  1648  1603  1816  1481  1099  1515  1732  1898          
ICE5    1890  1976  1649  1992  1678  1592   807  1095  1242  2049  1191          
ICE5    1900  1026  1382  1010  1156  1352  1672  1707  1367   952  1093          
ICE5    1910  1036  1081   784  1167  1638  1146   946  1122  1318  1148          
ICE5    1920   363   503   483   409   441   652   631   461   232   338          
ICE5    1930   628   588   723   914   794   570   653   600   585   467          
ICE5    1940   308   369   398   695   514   470   348   350   343  1081          
ICE5    1950   745   502   502   501   361   394   309   391   419   356          
ICE5    1960   290   273   242   492   224   218   452   304   273   202          
ICE5    1970   231   436   500   532   389   540  1255   873   806   833          
ICE5    1980  1023  1197  1102  1194  1407   874   923  1330  1007  1095          
ICE5    1990  1384  1916  1493  1264  1067   924   941  1388   867  1207          
ICE5    2000  1287  1052  1101  1033   791   605   873   757   871   743          
ICE5    2010 -9999                                                                
ICE6    1934  3823  4997  4359  3671  4912  3717                                  
ICE6    1940  3644  4294  3844  4038  5066  4709  3608  4001  3517  6161          
ICE6    1950  3588  4697  4584  4162  2256  3261  2785  3736  2789  3471          
ICE6    1960  3006  2815  3322  3352  4456  3348  2816  3037  3342  2786          
ICE6    1970  2987  4332  4231  3630  3888  3024  3072  2154  2561  2073          
ICE6    1980  2715  3926  2095  2732  3627  2721  2328  3173  2520  1704          
ICE6    1990  2932  3126  2040  2307  2296  2118  2183  2697  2329  2806          
ICE6    2000  2549  2327  2861  2292  2119  1611  1591  1885  3150  3088          
ICE6    2010 -9999                                                                
ICE7    1879  3542                                                                
ICE7    1880  5355  3435  3910  3733  4261  4176  3617  4665  3611  3541          
ICE7    1890  4217  3528  4354  4365  3105  2657  2658  3198  3416  3181          
ICE7    1900  3426  3904  3195  3159  3758  3934  3269  4899  3490  3901          
ICE7    1910  3654  3778  3710  3254  3586  2518  2345  1618  2581  2081          
ICE7    1920  1663  2841  2155  1991  2795  3271  3345  2217  1887  2146          
ICE7    1930  2439  2092  2068  2955  2362  2355  2250  1952  3196  2531          
ICE7    1940  1856  1860  2142  3524  2345  2786  2437  1975  2169  2628          
ICE7    1950  2507  1990  2022  1558  1296  1506  1620  1990  1794  2290          
ICE7    1960  2024  2608  2834  2047  2427  2137  1827  1761  1333  1640          
ICE7    1970  1708  2273  2621  1848  2038  1806  1992  1355  2274  2184          
ICE7    1980  2101  2005  1421  1728  2111  1969  1599  2319  2141  1841          
ICE7    1990  2319  2447  1934  2061  1616  1661  1241  1629  1901  1417          
ICE7    2000  1972  1738  1614  1323   982   835  1280  1714  1048  1282          
ICE7    2010 -9999
ICE@8   1906  6897 14304  9498  8177
ICE@8   1910  7038  6008  5129  6859  7359  4619  5933  4130  3779  4146
ICE@8   1920  3828  3919  3298  3229  3312  4388  5032  3737  3000  3546
ICE@8   1930  2913  2780  2773  1760   581   837   578   591  1013  1372
ICE@8   1940  1181   884   896  1154  1565  1230  1456  1054  1171  1943
ICE@8   1950  1927  1873  1983  2199  1801  1437  1269  1681  1736  1777
ICE@8   1960  1719  1080  1553  1944  1703  1398  1312  1414  1356  1364
ICE@8   1970  1453  1526  1637  1127  1272  1092  1208  1019  1401  1038
ICE@8   1980  1181  1088   719   770   683   575   834   859   725   614
ICE@8   1990   582   491   488   445   534   377   365   810   506   632
ICE@8   2000   487   570   460   638   349     0   383   323   283   349
ICE@8   2010 -9999                                                                                                                                
ICW9A   1879  3669                                                                
ICW9A   1880  5312  4258  5329  3204  3804  3449  3928  4965  5070  5298          
ICW9A   1890  5466  5310  5468  5181  4769  4112  4808  5804  6210  5866          
ICW9A   1900  4830  4695  3410  3917  4401  3080  2432  2590  3130  3187          
ICW9A   1910  3021  2684  1715  3286  4255  3160  2820  3050  2768  2567          
ICW9A   1920  2157  3066  2881  3002  3621  2883  2879  2035  1117  1259          
ICW9A   1930  1044  1258  1759  1910  1557  2112  2943  3104  3837  3374          
ICW9A   1940  2386  2475  1789  1572  1335  1180  1215  1500  1292  2242          
ICW9A   1950  2293  2075  2345  2201  2093  1536  1221  1198  1117   815          
ICW9A   1960   864   887  1067  1510  2024  1236  1186  1210  1088   984          
ICW9A   1970  1300  1302  1505  1767  2138  2647  1871  1298  1214  1211          
ICW9A   1980  1622  1470  1359  1191  1006  1821  1361  1344  1594  1217          
ICW9A   1990  1820  1935  1053  1114  1273  1271   888  1001  1019  1327          
ICW9A   2000  1238  1093  1268   868   806  1114  1086  1182  1253  1580          
ICW9A   2010 -9999                                                                
ICW10   1899  3114                                                                
ICW10   1900  3161  3335  3478  3251  3050  2961  3525  3328  3404  2813          
ICW10   1910  2452  2276  2486  3726  2803  2914  2609  2225  2634  2718          
ICW10   1920  2356  2977  2970  2806  2510  1577  1812  2075  1147  1469          
ICW10   1930  1072  1871  1641  1575  1475  1768  1955  1949  1755  1996          
ICW10   1940  1584  1395  1420  1710  1819  1711  1577  1599  1414  1830          
ICW10   1950  1447  1721  1678  1647  1281  1299  1110  1663  1223  1333          
ICW10   1960  1478  1482  1861  1422  1468  1174  1045  1071   963   907          
ICW10   1970  1040  1572  1381  1125  1144  1718  1102   934   813  1092          
ICW10   1980   777   880   959  1138  1272  1187  1280  1651  1303  1174          
ICW10   1990   966   971   841   902  1060   538   530   811   675   605          
ICW10   2000   498   721   746   601   416   581   853  1186  1105  1012          
ICW10   2010 -9999 
ICE11   1941  2615  2731  3825  2946  2559  1964  1742  1574  2762                
ICE11   1950  2411  1975  1821  2040  1708  2269  2417  2196  1989  2707          
ICE11   1960  1543  1674  1442  1399  1615  1614  1371  1717  1594  1585          
ICE11   1970  1471  1886  2125  1785  1845  2175  1746  1661  1744  1578          
ICE11   1980  1799  2085  1918  1324  1719  1573  1835  1867  1962  1618          
ICE11   1990  1364  1436  1278  1330  1143   969   784  1116   739  1066          
ICE11   2000  1215  1076  1440  1364  1532   917  1420  1697  1636  1364          
ICE11   2010 -9999                                                                                                                               
ICW12   1885  3896  2730  3296  3428  3372                                        
ICW12   1890  3762  3328  3498  3706  2768  1678  2101  2405  2797  3355          
ICW12   1900  3251  2801  2292  1902  3135  3243  2922  2300  2631  2879          
ICW12   1910  2371  2510  2161  2088  2273  1415  1176   835  1670  1667          
ICW12   1920  1446  2093  1666  1264  1299  1168  1476  1767  1405  1866          
ICW12   1930  1358  1543  1841  2150  1954  1867  1836  1945  2847  2353          
ICW12   1940  1146   957   861  1509  1889  2182  2817  1886  1289  2128          
ICW12   1950  1956  1583  1499  1048  1263  1214  1057   882   944  1400          
ICW12   1960  1027   702   915   805   938   970   929  1296  1411  1193          
ICW12   1970  1018  1007  1693  1081  1000  1007  1246  1271  1021  1214          
ICW12   1980  1322  1554  1188   978   734   730   836   983   736  1337          
ICW12   1990  1388  1081   967   912   696   508   732  1378  1159  1060          
ICW12   2000   976   800   906  1109   839   566   942   787   794   998          
ICW12   2010 -9999
ICW13   1877  1994  2415  1953                                                    
ICW13   1880  3379  2496  2835  2021  3100  9439  1645  1437  1916  1445          
ICW13   1890  2215  1793  1799  2130  2537  1504  1301  1010   687   839          
ICW13   1900  1093  1052  1091   959  1165  1150  1117  1135   933   936          
ICW13   1910  1038  1031  1453  1582  1343   872   928   995  1227   917          
ICW13   1920   895   686   771   723   973  1242  1323  1189   783   709          
ICW13   1930   689   889   882   936  1034  1150  1745  1885  2278  1644          
ICW13   1940  1056  1400  1361  1639  1648  1628  1376  1494  1281  1822          
ICW13   1950  1644  1306  1050  1061   885   925   801   793   759   614          
ICW13   1960   582   409   676  1159  1085   972   923  1283  1246   885          
ICW13   1970   882   881   707   460   506   596   794   647   462   703          
ICW13   1980  1192  1075   962   869   758   702   829  1128  1009  1189          
ICW13   1990  1090  1193   864   836   745   691   710   831   832   751          
ICW13   2000   588   488   545   668   545   551   686   640   504   611          
ICW13   2010 -9999
ICE@14  1844   980  1470  1491  1712  2146  1919
ICE@14  1850  2026  1506  1676  1223  1737  1545  1070  1339  1161  2190
ICE@14  1860  2101  2375  2058  1775  1521  1204  1690  2580  2146  1848
ICE@14  1870  1830  3447  3460  3138  3107  2279  1739  1611  2007  1227
ICE@14  1880  1927  1261  1221  1655  2213  2031  1632  2543  1803  1764
ICE@14  1890  1859  1414  1839  2666  2695  1915  1683  1922  2261  2112
ICE@14  1900  2126  1878  1936  2350  2681  2485  1920  1824  1673  1536
ICE@14  1910  1757  2017  1660  1821  2425  2192  1826   992  1140  1083
ICE@14  1920  1028  1339  1291  1202  1361  1390  1497  1207   578   565
ICE@14  1930   776   711   647   821   732  1020   790   745   619   643
ICE@14  1940   610   388   230   315   544   395   541   555   561   832
ICE@14  1950   936  1003  1061   775   806   564   411   271   319   382
ICE@14  1960   311     0   269   268   216   280   218   270   299   330
ICE@14  1970   280   327   297   288   309   393   299   282   352   387
ICE@14  1980   299   348   507   753   580   521   377   468   612   535
ICE@14  1990   880  1151  1102   734   674   600     0   324   281   289
ICE@14  2000   703   300   349   259     0     0   282   303   224   360
ICE@14  2010 -9999
ICW15   1895  2266  2002  2234  2398  2568                                        
ICW15   1900  3190  3212  2969  2921  2476  2656  2820  3007  2303  2363          
ICW15   1910  2150  2294  2538  3093  2733  2609  2314  2471  2581  1901          
ICW15   1920  2018  2246  1870  2290  1870  2934  1487  1179  1147  1250          
ICW15   1930  1258  1300  1174  1381  1560  1788  1783  2144  1752  1993          
ICW15   1940  1191  1395  1242  2156  1689  1594  1380  1500  1429  1536          
ICW15   1950  1507  1364  1104  1138  1241  1158  1051  1230  1150  1120          
ICW15   1960  1373   909  1107   750   940   874   911  1274  1287  1046          
ICW15   1970   995  1181  1373  1794  2514  1917  2373  1762  1766  1861          
ICW15   1980  1368  1808  1163  1155  1043  1021   939  1113  1159  1249          
ICW15   1990  1328  1444  1330  1388  1097  1039  1184  1278  1114  1306          
ICW15   2000  1187   963   922   926   821   762  1628  1087   963  1051          
ICW15   2010 -9999                                                                

