ACW01   1873   967  1097  1251   998   834  1373   998
ACW01   1880  1372  1127  1981  1830  1486  1110  1481  1141   725  1370
ACW01   1890  1389  1529  1856  1906  2225  1348  1868  2481  2355  2639
ACW01   1900  2503  1704  1033  1268  1515  1581  1449  1960  1810  1752
ACW01   1910  2317  2029  2136  2661  2737  2168  2724  2486  3531  4669
ACW01   1920  4327  4261  3013  3128  3333  3162  2623  3014  2160  1801
ACW01   1930  1591  1861  1678  2454  2269  3732  4172  3444  2778  2555
ACW01   1940  1875  1930  1860  2429  2426  2731  2802  2780  2586  3196
ACW01   1950  2451  2366  2268  2034  2016  1876  1382  1601  1054  1393
ACW01   1960   875   465   154   278   402   400   386   345   366   384
ACW01   1970   332   432   524   448   550   794   937  1043  1014   807
ACW01   1980  1131  1261  1317  1229  1856   906   602  1139  1140   818
ACW01   1990   855   594   703   361   565   555   552   786   531   840
ACW01   2000   785   667   880  1069   880  1487  1401  1164  1832  2076
ACW01   2010 -9999
ACW02   1915  5387  4185  5098  4657  3783
ACW02   1920  4309  3973  4771  5079  5676  4915  4043  4455  4549  4247
ACW02   1930  3776  2648  2955  3814  3929  4203  3826  3979  5208  5117
ACW02   1940  3787  4985  4512  3814  3509  3058  3275  3568  3494  3565
ACW02   1950  2813  3350  3409  2632  1769  1793  1291  1833  2081  2762
ACW02   1960  2012  2099  2155  1783  2562  2962  3051  3260  3238  2354
ACW02   1970  2251  1615  2305  2559  2109  2880  2358  1712  1598  1334
ACW02   1980  1460  1738  1918  2502  2155  1431  1371  1705  1867  1479
ACW02   1990  1200  1329  1405  1019  1270  1446  1117  1207   786   918
ACW02   2000   774   637   656   530   668   737  1111   720  1041   931
ACW02   2010 -9999
ACW03   1862  1476  1108  1018   998   764   523   629  1086
ACW03   1870  1101   819  1070  1296  1703  1775  1467  1019  1072   825
ACW03   1880   868   995  1112  1113  1410  1471  1212  1023   937   833
ACW03   1890  1013  1454  1312  1175  1354  1093  1278  1988  1823  1735
ACW03   1900  1758  1372  1262  1228  1440  1200  1196  1058  1232  1339
ACW03   1910  1763  1561  1796  1761  2193  2337  2156  2363  2130  2053
ACW03   1920  1644  1534  1776  1478  1212  1306  1513  1465  1110  1263
ACW03   1930  1573  1683  1824  2042  1583  2508  2347  2007  1795  2407
ACW03   1940  2029  1983  2072  1672  1311  1426  1513  1332  1536  1824
ACW03   1950  1818  1530  1088   786   897  1109  1021  1188  1222  1366
ACW03   1960  1155  1212  1028   937  1172  1447  1775  1523  1653  1250
ACW03   1970  1360  1421  1310  1443  1304  1555  1488  1420  1444  1362
ACW03   1980   958   867   814   823  1051   783   713   816  1239  1015
ACW03   1990   716   973   997   943   712   784   846  1128   848   784
ACW03   2000   817   478   614   520   520   646   858 -9999
ACW04   1871  1576  2038  1849  1771  1981  1664  1662  1639  1709
ACW04   1880  1892  1595  2501  1856  2579  2025  1459  1441  1486  1631
ACW04   1890  2285  3273  3124  3020  2828  1992  2436  3192  3007  2708
ACW04   1900  3218  2087  2235  2167  2551  3099  2732  2737  3032  2827
ACW04   1910  3210  2297  2483  3129  2744  2368  1883  1668  1915  2348
ACW04   1920  1871  2604  1901   995  1277  1653  1906  1634  1485  1709
ACW04   1930  1475  1846  1923  1617  1966  1859  1597  1892  1835  1362
ACW04   1940  1189  1591  1397  1203  1238  1492  1536  1484  1411  1249
ACW04   1950  1229  1357  1197  1079   919  1352   768   744  1072   953
ACW04   1960   720   624  1048   922  1037   805   806  1196  1060   561
ACW04   1970   551   478   489   479   604   858   763   880   699   795
ACW04   1980   848   539   509   859   720   403   319   489   521   513
ACW04   1990   862   660   670   586   573   660   416   821   452   670
ACW04   2000   758   456   318   357   326   269   505   717   619   637
ACW04   2010 -9999
ACW05   1890  1737  2135  1674  1360  1267  1190  2009  2711  2316  1862
ACW05   1900  2071  1700  1468  2405  2725  3024  2820  2111  1783  1729
ACW05   1910  1782  1355  1590  1858  1556  1342  1081  1318  2804  2991
ACW05   1920  2249  1855  1662  1369  1567  1790  1369  1222   891  1576
ACW05   1930  2223  2411  2040  1884  1584  1788  1456  1383  1433  1918
ACW05   1940  1312  1137  1587  1374  1544  1366  1892  1727  1456  1931
ACW05   1950  1406  1729  1253   818   693   778   949   895   800   769
ACW05   1960   658   364   572   964   981   950   830  1195  1132   898
ACW05   1970   584   636   445   395   328   469   402   438   340   318
ACW05   1980   296   275   350   414   265   201   148   169   224   254
ACW05   1990   276   413   657   562   371   371   460   329   211   234
ACW05   2000   350   233 -9999
ACW08   1856  2121  1757  1367  1245
ACW08   1860  1134  1379  1049  1156   958   937   737   783  1213  1487
ACW08   1870  1297   997  1103  1072  1186  1193  1024  1075  1358  1310
ACW08   1880  1364  1329  1293  1365  1460  1207  1291  1302  1767  1917
ACW08   1890  2119  1472  1885  1811  1758  1557  2373  2711  2425  2136
ACW08   1900  1739     0  2045  1938  2660  2765  2427  2691  2394  2351
ACW08   1910  2987  2944  2732  3050  3315  2817  2246  2341  2373  2096
ACW08   1920  2222  2117  2265  2233  2148  1450  1344  1768  1513  1821
ACW08   1930  2169  1990  1778  1894  1979  1821  1894  1450  1048  1164
ACW08   1940   815   847   836  1238  1101  1174  1048  1175  1261  1580
ACW08   1950  1452  1898  1569  1560  1273  1708  1336  1210  1243  1061
ACW08   1960   745   285   180   329   467   649   784   984  1005   815
ACW08   1970   646   677   815   878   985  1873  1397  1175   762   571
ACW08   1980   656   646   582   508   699   486   445   704   842   752
ACW08   1990   763   753   720   583   688   562   330   455   393   424
ACW08   2000   582   286   328   297   338   254   455   572   624   648
ACW08   2010 -9999
ACW10   1887   747  1042   915
ACW10   1890  1925  1850  1598  1463  1820  1796  1340  1842  1909  2892
ACW10   1900  2691  2366  1905  1860  2270  2576  3157  4825  6302  5419
ACW10   1910  4990  4309  3324  2171  2202  2047  2914  2910  2592  3918
ACW10   1920  4651  4333  4824  3708  2616  2510  2213  2488  1747  1888
ACW10   1930  2540  2107  2181  2849  2001  2467  2245  2106  2343  2554
ACW10   1940  1633  2216  1431  1802  1728  1550  1690  2034  1695  2352
ACW10   1950  2415  2140  2140  1354   900  1820  1365  1609  1662  1217
ACW10   1960  1662  1187   846   954  1251  1449  1356  1628  1327  1073
ACW10   1970  1317  1500  1123   883   659  1086   995   882  1042   796
ACW10   1980   953   677   565   533   793   682   808  1009   819   746
ACW10   1990   657  1133  1308  1291  1693  1365   815  1493   878  1005
ACW10   2000  1306  1072  1177  1381   975  1228  1430   901  1239  1355
ACW10   2010 -9999
ACW12   1767  1284  1014  1302
ACW12   1770  1399  1422  1109  1074  1314  1624  2039  2003  2437  2522
ACW12   1780  2236  2606  2605  2816  2107  2456  2859  2171  1862  2245
ACW12   1790  2170  2114  2313  1503  1343  1110  1140  1002  1068  1770
ACW12   1800  2549  2242  1539  1998  1859  1497  1710  1804  1461  1260
ACW12   1810  1608  1535  2287  2095  1990  1820  1323  1111  1345  2169
ACW12   1820  1588  1280  1376  2127  2180  1950  1720  1342  1471  1150
ACW12   1830  1121  1193   874   738   805   632   557   477   487   744
ACW12   1840   957  1264  1169  1424  1584  2006  1441  1016  1069   836
ACW12   1850  1005   974  1196   973   847   815   720   846  1630  1545
ACW12   1860  1462  1293   837   763   561   562   487   434   667   827
ACW12   1870  1261  1418  1059  1176  1207  1218  1218  1335  1832  1588
ACW12   1880  2150  1683  1599  1843  1980  1493   847  1292  1526  1168
ACW12   1890  1484  1356  1397  1601  1399  1313  1759  1568  1461  1398
ACW12   1900  1641  1589  1123  1007  1165  1103   927   724   623   876
ACW12   1910   915  1020   812  1239  1251  1351  1082  1151  1172  1161
ACW12   1920  1055  1577  1427  1183  1204  1182  1205   916   661   650
ACW12   1930   927   980   981   841   714   800   778   876   733   872
ACW12   1940   613   926  1054  1129   718   787  1340   808   889  1161
ACW12   1950   916   804   435   395   434   632   420   573   709   781
ACW12   1960   449   517   770   827   689   827   963   862   447   556
ACW12   1970   514   583   516   639   567   734   516   362   452   589
ACW12   1980   610   568   526   563   351   262   375   425   336   185
ACW12   1990   239   231   259   329   402   293   198   282   259   391
ACW12   2000   349   329   240   329   208   395   308   292   336 -9999
ACW13   1844  2085  1334   986  1366  1070  1558
ACW13   1850  1577  1954  2214  2544  2837  3058  2764  3182  3577  4167
ACW13   1860  3582  4318  3943  3970  3504  2565  2667  3270  3641  4170
ACW13   1870  3672  3334  2931  2861  5247  5314  4036  3071  2939  3042
ACW13   1880  4075  2611  3738  3190  3892  3801  3736  3732  2988  2196
ACW13   1890  2403  2817  3093  3538  3343  2602  3325  4142  3920  2772
ACW13   1900  1841  1268   984  2020  2531  3335  2457  1234  1297  1518
ACW13   1910  1894  1951  1985  2495  3159  2655  2233  1173   981   864
ACW13   1920   821  1110  1300  1706  1748  1332  1258   776   496   521
ACW13   1930   467   631   837  1184  1381  1684  1900  1792  1388  1368
ACW13   1940  1539  1412  1250  1221   848   944   680   785   466   637
ACW13   1950   467   615   370   466   339   783   402   593   920   806
ACW13   1960   889   837   932  1005  1196   825   593   815   614   518
ACW13   1970   434   593   455   540   402   508   466   413   434   498
ACW13   1980   582   509   423   794   931   678   709   868   741   699
ACW13   1990   657   561   529   434   403   444   329   467   339   381
ACW13   2000   307   370   455   455   434   434   593   540   624   529
ACW13   2010 -9999
ACW15   1872  2583  2147  2096  2135  2742  2553  2635  2127
ACW15   1880  2209  1640  1725  2691  2287  2020  2223  1970  1883  1663
ACW15   1890  2049  2034  1932  1879  1852  1163  1564  1873  1780  1892
ACW15   1900  1613  1402  2013  2148  2565  1990  1879  1362  1266  1330
ACW15   1910  2011  2006  1972  2267  1263  1592  1803  1682  1310  1535
ACW15   1920  1779  1857  1225  1150  1358  1376  1286  1461  1064  1440
ACW15   1930  1636  1754  1343  1599  1821  1715  1338  1268  1435  1271
ACW15   1940  1430  1177  1100  1687  1515  1418  1240  1708  1163  1793
ACW15   1950  1280  1612  1064  1205   921  1123   540   984   926   762
ACW15   1960   816   667  1017  1154  1197  1059  1101  1112   859   804
ACW15   1970   786   656   815   921   878  1281  1154  1259  1122   921
ACW15   1980   857   804   625  1047  1230   922  1101  1113  1038  1653
ACW15   1990  1653  1452  1303  1272  1355  1128  1030  1421   984  1037
ACW15   2000  1556  1333  1537  1249  1460  1874  1513  1535  1714  1229
ACW15   2010 -9999
ACW16   1865  1123  1604  1340  1744  1321
ACW16   1870  1064  1135  1660  1807  2352  2268  2066  1592  2012  1734
ACW16   1880  1826  1764  1993  1896  2174  1383  1989  2090  1868  2441
ACW16   1890  2527  3201  3697  3383  2771  2782  3174  4193  3431  4259
ACW16   1900  3040  2728  2658  3122  2819  3024  2979  2963  3472  3415
ACW16   1910  3062  3320  3768  4340  4481  3897  3717  2708  3553  3961
ACW16   1920  3622  4099  3700  3972  3086  3337  4496  3892  2823  3231
ACW16   1930  2931  3430  3069  3397  2783  3017  3037  2122  2546  2821
ACW16   1940  2272  2210  1726  2139  1715  1511  1203  1641  1159  1383
ACW16   1950  1339  1052   854  1019   724  1111   640   738   508   358
ACW16   1960   314   282   301   431   400   265     0   133    88    97
ACW16   1970   140   177   285   245   140   114   131   129   108    77
ACW16   1980   151   131   141   196   141    97   170   174   188   138
ACW16   1990   161   214   164    98   174   162   139   140    97    86
ACW16   2000   117    98   182 -9999
ACW17   1848   509   649
ACW17   1850   543   750  1236  1623  1434   761   773   857   773   577
ACW17   1860   639   533   565   458   342   426   522   649   928   927
ACW17   1870   959   960  1342  1161  1092  1106   963  1016   942   836
ACW17   1880  1101   719   826  1069  1143   963  1058  1302  1228  1231
ACW17   1890  1040  1274  1380  1020  1455  1274  1402  1978  1630  1638
ACW17   1900  1500  1458  1414  1946  2032  1872  1712  1526  1735  1860
ACW17   1910  2230  2432  2251  2889  1870  1773  1952  2224  2287  2329
ACW17   1920  2584  2297  2193  2245  1788  1684  1768  1905  1390  1928
ACW17   1930  2828  2596  2266  1791  1918  1883  1683  1705  2339  2340
ACW17   1940  1566  1896  1641  2889  1990  1376  1810  2095  1545  2278
ACW17   1950  1863  2023  1387  1621  1122  1927  1061  2057  2014  1291
ACW17   1960  1215  1151  1566  1472  2004  1587  1733  1934  1804  1455
ACW17   1970  1581  1465  1359  1337  1646  1720  1252  1346  1317   903
ACW17   1980   881   872   755  1050  1456   925   924  1081   895  1296
ACW17   1990  1274  1010   733   658   604   459   373   875   535   705
ACW17   2000   736   587   631   447   674   612   631   606   738   642
ACW17   2010 -9999
ACW18   1870  1704  1532  1690  1495  1635  1392  1198  1333  1351  1509
ACW18   1880  1458  1833  1959  2645  3020  3672  2808  2566  3185  2416
ACW18   1890  2591  2733  3532  3390  3414  2466  2632  2915  2588  3274
ACW18   1900  2711  2511  2066  2259  3320  3046  3462  2113  2624  2556
ACW18   1910  3057  2616  2431  3148  2359  2498  2543  2483  2277  2599
ACW18   1920  2164  2572  2356  2564  2308  1924  1436  1338   819  1278
ACW18   1930  1499  1027  1412   722   831   985   850   948   918   778
ACW18   1940   789  1156  1103  1179  1022   580   456   489   359   490
ACW18   1950   336   403   231   293   197   226   207   282   218   198
ACW18   1960   154   218   221   180   174   205   124   231   154   129
ACW18   1970   155   131   100    66    77   131    77    67   109   100
ACW18   1980    66    72   100 -9999
ACW19   1879  1916
ACW19   1880  2992  1971  2231  2868  2364  3077  2483  3234  3259  2677
ACW19   1890  3325  4102  2916  4267  3705  2903  3226  3935  3872  5462
ACW19   1900  3922  3492  3233  3395  3494  3432  2770  2963  3375  2568
ACW19   1910  3280  3515  3125  4040  4169  3278  3314  3155  2937  2825
ACW19   1920  3028  3087  2524  2390  2455  2562  2865  3280  2223  2036
ACW19   1930  1791  1869  1823  2436  2203  2381  2062  2561  2517  1820
ACW19   1940  1267  1200  1095  1812  1996  2049  1829  2098  1356  2032
ACW19   1950  1914  1752  1569  1269   969  1808  1273  1552  1348  1082
ACW19   1960   895   662   704   812   639   627   635   917   914   851
ACW19   1970   901   862   890   980   773   720   957   571   741   668
ACW19   1980   700   636   553   593   636   488   605   466   487   519
ACW19   1990   592   635   667   603   709   762   614   889   466   656
ACW19   2000   677   572   561   804   540   571   657   466   614   497
ACW19   2010 -9999
ACW21   1856  1260  1595  1384  1547
ACW21   1860  1203  1085  1060  1588  1299  1119  1105  1016  1550  1710
ACW21   1870  1716  1243  1260   858   899  1413  1189  1240  1734  1093
ACW21   1880  2133  1418  1767  1926  1376  1842  1662  1620  1918  1788
ACW21   1890  2415  2333  2689  2582  2434  1873  2160  2181  1780  1705
ACW21   1900  2119  2046  1517  1746  1884  1778  1831  1153  1217  1239
ACW21   1910  2116  1323  1166  1292  1177  1149   965   816   773   945
ACW21   1920   897  1410  2275  1769  1477  1520  1010  1000  1041  1224
ACW21   1930  1637  1380  1253  1294  1179  1010   741   826   772   360
ACW21   1940   402   508   467   296   149   113   162   288   256   478
ACW21   1950   329   436   382   469   298   693   490   608   458   394
ACW21   1960   615   424   392   574   414   319   341   330   382   543
ACW21   1970   636   435   437   254   243   458   497   531   714   573
ACW21   1980   837   582   392   550   603   487   445   476   319   425
ACW21   1990   275   381   338   329   476   391   392   434   317   530
ACW21   2000   658   553   625   424   318   340   444   456   626   518
ACW21   2010 -9999
ACW22   1865  2098  1574  1223  1564  1579
ACW22   1870  1759  1538  2051  1661  1544  1643  1350  1404  1344  1361
ACW22   1880  1949  1159  1718  2480  2405  2464  2059  2100  2005  1621
ACW22   1890  2693  2403  2971  2862  2379  2056  2554  3281  3155  3174
ACW22   1900  2693  2565  2184  2198  3411  3007  3218  2572  3062  3192
ACW22   1910  3231  3061  3242  3142  2434  2262  2117  2424  2762  2921
ACW22   1920  2720  2870  2783  1843  1377  1366  1759  2700  1854  2826
ACW22   1930  3131  3554  3119  2433  2152  2224  2657  1874  2351  2202
ACW22   1940  1673  1535  1557  1397  1132  1090   953  1344  1143  1199
ACW22   1950  1093  1230  1236  1039   312  1008   925   890   665   457
ACW22   1960   364   321   347   329   375   451   455   571   413   402
ACW22   1970   297   232   223   211   212   434   403   349   329   330
ACW22   1980   317   307   233   550   434   349   350   476   350   445
ACW22   1990   497   402   540   328   317   321   318   646   349   339
ACW22   2000   360   360   264   286   183   213   234   404   338   498
ACW22   2010 -9999
ACW23   1884  3069  3127  3004  2472  1664  1677
ACW23   1890  1685  1531  1536  1436  1329  1122  1118  1719  1477  1387
ACW23   1900  1353  1245  1252  1299  1147  1266  1409  1329  1512  1511
ACW23   1910  1611  1443  1189  1402  1416  1065   771   623   837  1269
ACW23   1920  1357  1215  1663  1692  1349  1761  1606  1778  1403  1214
ACW23   1930  1150  1202  1117   953   878  1049   567   567   665   674
ACW23   1940   557   655   920  1073  1275  1499  1103  1260   789   907
ACW23   1950   828   894   632   525   472   547   328   458   361   394
ACW23   1960   362   404   606   479   532   447   331   330   330   331
ACW23   1970   223   320   641   631   740  1059  1008   856   835   980
ACW23   1980   942   847   713   716   901   555   505   712   618   656
ACW23   1990   524   497   479   309   339   372   339   502   460   996
ACW23   2000  1245   721   596   586   696   710   740   529   844   436
ACW23   2010 -9999
ACW24   1851  1428  1186   783   847   740   826  1111  1122  1207
ACW24   1860  1058  1132   932   920   862  1286  1053  1000  1722  2008
ACW24   1870  2058  1565  1650  1214  1500  1395  1501  1479  1715  1756
ACW24   1880  1715  1469  1257  2368  2834  2122  2038  1900  2144  2101
ACW24   1890  2133  1876  2355  3121  2451  2250  2452  3205  2494  2876
ACW24   1900  2653  2807  2415  3262  2976  2849  2265  2212  2413  2445
ACW24   1910  2878  2636  2997  3017  2985  2891  2811  2536  2111  2334
ACW24   1920  2418  2425  2043  2043  1641  1757  2214  2022  1873  2043
ACW24   1930  1947  2583  2637  3123  3049  2594  2180  2214  1662  1460
ACW24   1940  1185  1229   868  1005   869  1133   878  1291   889  1016
ACW24   1950   868   868   730   603   307   805   550   624   540   594
ACW24   1960   743   944  1315  1347  1644  1220  1485  1400   841   858
ACW24   1970   740   625   381   476   519   942  1576  1493  1884  1407
ACW24   1980  1451  1430  1079   996   805   550   508   532   487   794
ACW24   1990   614   582   593   773  1122  1144  1155  1874  1090  1567
ACW24   2000  1122   645   783   625   571   551   444   455   445   508
ACW24   2010 -9999
ACW28   1884  3980  3238  2732  2798  2801  4026
ACW28   1890  3159  3294  3743  3857  3633  2708  3799  3681  2562  2788
ACW28   1900  2455  1576  2142  2098  2381  2784  2116  1376  1545  1398
ACW28   1910  2032  1853  2582  1714  1408  1630  1303  1735  1492  1567
ACW28   1920  1175  1238  1619  1346  1380  1634  1731  1853  1171  1088
ACW28   1930  1022  1032   806  1064  1334  1289   936  1109  1237   872
ACW28   1940   795   743   873  1009  1058  1075  1096  1092   756   878
ACW28   1950   822  1051   799   932   584   942   774   940  1097   652
ACW28   1960   639   442  1000   980   800   693   715  1240  1067   808
ACW28   1970   822   725  1053  1019  1041  1536  1186  1164   869   497
ACW28   1980   487   296   233   349   328   275   466   603   561   995
ACW28   1990   953   719   699   603   415   286   243   414   255   243
ACW28   2000   360   286   318   183   138   106 -9999
ACW50   1876  1565  1710  1616  1146
ACW50   1880  1792  1470  1720  2133  2489  1798  1610  1646  1602  1627
ACW50   1890  2235  2205  2240  1550  2531  1571  1908  2892  2362  2216
ACW50   1900  1926  1382  2019  1988  2733  1989  1608   811  1252  1438
ACW50   1910  1696  1469  1322  1359  1042  1234  1297  1013  1301  1744
ACW50   1920  1232  1144  1489   987  1074  1275   907   971   666   870
ACW50   1930  1078  1472   867  2058  1798  1918  1318  1218  1789  1516
ACW50   1940   878  1081   743  1292  1072   816   462   694   680  1600
ACW50   1950  1475  1355   822   689   764   740   465   640   543   552
ACW50   1960   532   457   449   509   598   893   927   824   672   243
ACW50   1970   406   431   587   573   586  1083   824   625   829   565
ACW50   1980   564   578   398   422   357   298   257   345   361   587
ACW50   1990   565   680   704   476   352   362   303   745   349   462
ACW50   2000   316   208   225   262   226   174   272   319   698   891
ACW50   2010 -9999
ACW51   1855  1330  1236  1469  1104  1142
ACW51   1860   821  1268  1323  1126   696   660   684   750   918  1493
ACW51   1870   941   807  1188  1030  1136  1326   913   860  1072  1114
ACW51   1880  1082   753   793  1052  1465  1105   827   690   957   955
ACW51   1890  1572  1455  1773  1316  2050  1488  1793  1916  2024  2460
ACW51   1900  2300  2216  1707  3308  2330  2625  2540  2477  2317  2604
ACW51   1910  2508  2762  3027  3408  2407  2704  2512  2174  2801  2404
ACW51   1920  2341  3368  3634  3206  3202  3350  2901  3239  2267  2467
ACW51   1930  2224  2213  1630  2330  2371  2626  2583  2711  2956  3791
ACW51   1940  2771  2410  1881  2091  1561  1455  1295  1593  1316  1445
ACW51   1950  1401  1792  1442  1124  1038  1760  1452  2013  1591  1314
ACW51   1960   934   455   309   275   361   487   399   774  1145   892
ACW51   1970   952  1337  1219  1274  1506  1718  1507  1284  1071   753
ACW51   1980   700   965   913  1102  1072   976   806   923   958  1086
ACW51   1990  1179  1181  1191  1189   937   734   787  1231   819  1094
ACW51   2000   756   861   670   584   744   788   691   818   871   713
ACW51   2010 -9999
ACH01   1735   984   629   573   729   218
ACH01   1740   405  1108   710   820   778   528   655   608   572   377
ACH01   1750   333   645   730   749   490   389   180   233   338   428
ACH01   1760   339   368   458   446   388   299   232   256   194   174
ACH01   1770   106     0   151   168   216   352   390   402   566   400
ACH01   1780   343   464   946   969   644   654   668   749   350   389
ACH01   1790   212   165   152   232   222   171   199   238   142   276
ACH01   1800   332   305   663   933   496   304   300   331   332   355
ACH01   1810   413   506   459   484   422   544   456   542   278   147
ACH01   1820   185   252   288   241   161   224   265   388   309   268
ACH01   1830   341   282   292   321   356   109    81   111   124   111
ACH01   1840   110   121   134   332   300   498   342   321   413   570
ACH01   1850   729   468   323   519   501   229   208   367   591   748
ACH01   1860   842   954   583   556   521   502   488   496   374   386
ACH01   1870   575   780   895   706   640   737   725   837   930  1129
ACH01   1880  1391   874   928   916   818   512   463   644   835   837
ACH01   1890  1128   773   836   760   521   537   540   668   476   542
ACH01   1900   695   588   463   560   734   614   726   540   505   656
ACH01   1910   848   693   758   714   809   791   624   493   637   493
ACH01   1920   603   745  1176   606   552   891   905   947   746   749
ACH01   1930   853   818   860  1069  1058  1135   933   973   773   540
ACH01   1940   858   922   571   499   616   795   669  1199  1008   703
ACH01   1950   810  1342  1235   703   428   941   512   556   407   428
ACH01   1960   587   440   364   520   509   501   255     0     0     0
ACH01   1970     0   129   222   214   181   211   266   264   276   329
ACH01   1980   256   223   291   288   202   137   119   329   233   148
ACH01   1990   191   287   340   308   341   127   244   329   278   244
ACH01   2000   265   275   235   286   233   318   234 -9999
ACH02   1711   328   297   329   476   830   592   589   532   332
ACH02   1720   546   428   655   792   330   834   637   892   808   341
ACH02   1730   387   432   948  1132  1198  1200  1453  1710  1354   904
ACH02   1740   705  1128   932   914  1036   794   805   963   429   259
ACH02   1750   359   447  1076   598   349   349   257   262   313   578
ACH02   1760   380   477   336   493   731   540   251   571   454   381
ACH02   1770   295   129   106   214   278   321   204   268   301   289
ACH02   1780   278   268   577   556   266   310   478   736   533   522
ACH02   1790   478   434   646   561   414   213   361   287   298   212
ACH02   1800   267   158   255   286   338   265   138   243   265   222
ACH02   1810   318   403   287   276   308   435   340   424   403   670
ACH02   1820   582   625   688   698   582   381   392   595   382   678
ACH02   1830  1069   614   626   604   700   765   878   594   476   604
ACH02   1840  1016  1029   889  1090   571   711   455   233   149   108
ACH02   1850   106   170   181     0     0     0   127    86   169   237
ACH02   1860   193   300   256   329   276   277   330   269   286   552
ACH02   1870   787   637   593   489   435   563   868   539   614   498
ACH02   1880  1026   604   762   730   563   371   213   329   444   382
ACH02   1890   425   403   594   593   604   404   391   446   731   890
ACH02   1900   721   646   869  1231  1061   690   478   509   764   721
ACH02   1910  1009  1176   912   710   881   713   785   529   690   530
ACH02   1920   395   636   713   677   541   657   959  1438  1395  1130
ACH02   1930  1192  1141  1289  2356  2039  1653  1091  1218  1632  1642
ACH02   1940  1218  1294  1037  1239   730   857   783   773   681   542
ACH02   1950   826   837  1029  1093   657  1062   699   891   891   806
ACH02   1960   807   887   806   884   721   532   531   605   542   584
ACH02   1970   416   444   563   609   503   706   429   449   610   567
ACH02   1980   612   629   887  1019   975  1113  1060  1261  1315  1493
ACH02   1990  1926  1915  1323  1037   911   688   868  1442   912   944
ACH02   2000   870   646   550   585   880   944   604   595   668   778
ACH02   2010 -9999
ACH03   1728   498   503
ACH03   1730   754   634  1563  1846  1521  2396  2396  2293  1841  1046
ACH03   1740  1396  1196   726  1517  1761  1411  1480  1693  1324  1406
ACH03   1750  1344  1133  1069   975   678   476   635   880   635  1188
ACH03   1760   859   625   582   466   561   444   562   914   797   595
ACH03   1770   457   478   606   372   392   381   455   489   318   435
ACH03   1780   529   550   853   903   343   511   588   616   160   551
ACH03   1790   637   456   309   170   179   149   402   573   310   398
ACH03   1800   491   170   521   565   480   183   310   370   339   286
ACH03   1810   329   582   345   371   383   574   360   794   350   762
ACH03   1820  1219   942   812  1020   646   397   656  1575  1075   900
ACH03   1830  1390   762  1271  1144   719   604   444   372   553   667
ACH03   1840   605   444   297   391   180   265   233   266   455   456
ACH03   1850   288   275   286   318   371     0     0     0     0     0
ACH03   1860     0     0     0   467   309   319   204   234   235   190
ACH03   1870   161   149   138   131   219   171   185   305   288   169
ACH03   1880   226   216   291   371   397   266   257   213   221   213
ACH03   1890   165   161   175   280   163    86    78   161   173   107
ACH03   1900   206   154   127   181   170   129   118   106   183   192
ACH03   1910   180   297   212   339   317   212   340   339   425     0
ACH03   1920     0     0     0     0     0     0     0     0   224   518
ACH03   1930   425   509   530  1133  1314  1455   891   986   967   859
ACH03   1940   763  1145   954  1048   720   783   563   933   382   677
ACH03   1950   669   653   467   531   362   628   423   667   563   613
ACH03   1960   679   636   497   782   595   440   550   637   552   560
ACH03   1970   688   593   487   624   490   847   979   975  1117   924
ACH03   1980   633   627   381   372   371   429   355   472   296   424
ACH03   1990   806   639   574   657   636   455   998  1799  1395  1776
ACH03   2000  1750  1143   973  1248  1240  1016  1043   808   891  1094
ACH03   2010 -9999
ACH04   1735  1355  1355  1615  1256   503
ACH04   1740   587   888   787  1291  1194  1181  1363  1475   788   763
ACH04   1750   898   665   618   727   569   442   374   624   698  1401
ACH04   1760   527   811   583   559   628   421   465   597   554   682
ACH04   1770   449   405   505   450   517   669   502   498   430   328
ACH04   1780   345   260   489   587   312   329   374   311   199   282
ACH04   1790   209   247   231   152   198   212   237   257   228   237
ACH04   1800   255   209   222   369   292   288   348   341   380   336
ACH04   1810   417   708   733   786   601   845  1207  1296  1099  1938
ACH04   1820  2515  2476  2125  2816  1883  1078  1705  2602  2486  1895
ACH04   1830  2253  1418  1774  2149  1687  1905  1622   995   720   841
ACH04   1840  1335   912   876   746   546   728   377   316   641   571
ACH04   1850   548   536   430   447   558   248   377   625   892   714
ACH04   1860   760   765   502   476   339   368   379   517   491   415
ACH04   1870   494   390   309   139   180   107   120   173   247   312
ACH04   1880   404   259   160   224   287   194   223   221   301   224
ACH04   1890   144   194   259   204   159   201   116   191   308   180
ACH04   1900   331   227   280   338     0     0     0     0   328   251
ACH04   1910   289   277   278   280   289   222   201   239   268   319
ACH04   1920   310   362   309   106   224   218   192   257   211   292
ACH04   1930   333   421   308   401   498   540   506   510   606   791
ACH04   1940   681   696   927  1113  1035  1006   896   856   726   809
ACH04   1950   790   760   708   596   554   650   810   982  1074  1105
ACH04   1960   806  1061  1283  1662  1506   880   977   903   638   874
ACH04   1970   880  1171   970  1053  1172  1229  1404  1641  1783  1509
ACH04   1980  1158  1092  1083  1158  1212  1414   713  1365  1053  1175
ACH04   1990  1065   905  1422  1326  1624  1303  1051  1715  1659  2175
ACH04   2000  1923  1423  1170  1687  1713  1523  1730  1279  1153  1281
ACH04   2010 -9999
ACH05   1738  3825  2175
ACH05   1740  2107  2489  1909  2306  2237  2238  1891  1458  1297  1224
ACH05   1750  1409  1575  1732  1291   937   895   683   876   843  1404
ACH05   1760  1506  1891  2078  1903  1545  1304  1359  1717  1448  1576
ACH05   1770   901   678   693   493   601   545   648   851   754   655
ACH05   1780   645   454   947  1181  1339  1600  1479  1420  1150  1099
ACH05   1790  1297  1031   729   740   741   550   519   810   681   659
ACH05   1800   924   640   634  1068   920  1046  1094  1324   967   858
ACH05   1810  1019  1046  1321  1239  1387  1395  1258  1165   789  1140
ACH05   1820  1140  1133  1282  1058   882   906   769  1124   949   722
ACH05   1830   655   646   551   615   730   587   548   461   541   440
ACH05   1840   470   713   572   553   552   565   610   436   587   714
ACH05   1850   854   867   784   751   614   435   382   645   921  1111
ACH05   1860   805   846   562   501   480   425   435   466   540   444
ACH05   1870   584   735   657   436   307   265   423   416   340   540
ACH05   1880   709   465   686   511   478   372   309   385   414   287
ACH05   1890   317   267   255   297   233   297   224   244   267   170
ACH05   1900   297   180   245   212   299   282   234   138   264   216
ACH05   1910   181   206   229   370   256     0     0     0     0   234
ACH05   1920   265   349   289   222   224   360   308   414   371   455
ACH05   1930   530   486   850  1217  1122  1252  1220   710  1096  1466
ACH05   1940  1129  1165   959  1009   717  1042   776   759   746   779
ACH05   1950   741  1027   525  1055   799  1094   855  1065  1023   850
ACH05   1960   970   903   726   791   860   673   673   853   573   920
ACH05   1970   731   663   610   522   440   461   498   561   518   519
ACH05   1980   275   234   276   254   328   329   275   286   361   318
ACH05   1990   232   350   277   212   202   338   349   371   296   275
ACH05   2000   297   349   254   328   317   233   201   318   317   434
ACH05   2010 -9999
ACH07   1839   786
ACH07   1840   808   902   609   369   280   234   184   181   389   341
ACH07   1850   365   643   762   558   449   166   365   404   593   580
ACH07   1860   593   898  1010  1083   870   907  1042  1028  1888  1647
ACH07   1870  1975  2195  2521   899  1397  1621  1169  1034  1191  1136
ACH07   1880  1241  1127  1215   976   976   771   700   800   862   805
ACH07   1890   985   964  1028  1470  1117   916   883  1269  1062  1031
ACH07   1900  1066   881   922   883  1045   857  1125   922  1065  1216
ACH07   1910  1381   995  1175  1370  1236  1103   986  1151   936  1449
ACH07   1920  1473  1931  1667  2031  2073  1722  1826  1847  1693  1370
ACH07   1930  1455  1229   915  1531  1541  1399  1273  1653  1377  1243
ACH07   1940   976   957   922   710   659   778   806  1042   862   940
ACH07   1950  1197  1449  1521  1565  1302  1085  1149   913  1078  1130
ACH07   1960   880   513   276   296   406   329   531   491   489   795
ACH07   1970   679   609   656   582   614   646   773   942  1103   965
ACH07   1980   788   648   647   519   717   594   576   699   700   733
ACH07   1990  1010  1185   868   657   689   648   848  1295   806  1005
ACH07   2000   985   953   831  1176  1052   555   739   696   782   901
ACH07   2010 -9999
ACH08   1842  3864  2578  2707  3271  2097   790  1541  2292
ACH08   1850  2331  1400  1894  1577  1178   280   480  1043  1235  1410
ACH08   1860  1602  2186  1770  1272  1229   834   561   353   806  1377
ACH08   1870  2365  2593  3477  2537  3009  3107  2213   813  1144  1338
ACH08   1880  1493   829  1219  1422  1258   764   970  1454  1197  1276
ACH08   1890  1401  1161  1350  1639   892   955   948  1093  1158   698
ACH08   1900   794   401   631  1207  1517  1061   951   962   840   860
ACH08   1910  1072  1122  1514  2737  1886  1602  1301   908   794  1207
ACH08   1920  1016  1401   725   748   773   732   862   741   620   784
ACH08   1930   836   828  1245  1099   940  1413  1260  1456  1524   906
ACH08   1940   799   699   953  1683  1147  1132   836   721   465   700
ACH08   1950  1124  1462  1124   773   391   393   571   667   931  1059
ACH08   1960   784   890  1251  1246  1402   709   636   561   497   339
ACH08   1970   476   445   645   741   582   731   784   657   668   637
ACH08   1980   827   603   542   370   595   573   470   710   794   762
ACH08   1990   783   742   751   646   764   806   595  1113   646   468
ACH08   2000   891   594   382   844   385   523   556   573   584   277
ACH08   2010 -9999
ACH09   1742  1999  3074  1618  2370  1418  2406  1612  1252
ACH09   1750  1422  1348  1573  1641  1245  1088   996   714   772  1649
ACH09   1760  1730  1852  1746  1653  1377  1488  1299  1674  1513  1427
ACH09   1770  1103   991   951  1260  1487  1515  1491  1308  1154  1539
ACH09   1780  1549  1085  1063  1062   745   763   739   684   874   920
ACH09   1790   630   797   677   622   532   372   579   596   617   503
ACH09   1800   556   285   371   532   459   244   745  1011  1456   765
ACH09   1810   686  1278  1395  1161  1044  1236  1264  1290  1306  1721
ACH09   1820  1432  1176  1069  1280  1059  1037  1090  1037  1005  1084
ACH09   1830  1190  1329  1092   919  1005   760   691   632   536   521
ACH09   1840   703   610   801   564   548   661   637   614   592  1219
ACH09   1850   941   762   985   793   868   731   772  1007  1153  1701
ACH09   1860  1570  1646  1379  1285  1117  1204  1039  1319  1495  1515
ACH09   1870  1963  1948  1334  1415  1938  1754  1218  2326  1473  1065
ACH09   1880  1112   598   691   983  1384  1004   737   898   933  1092
ACH09   1890  1063   896   798  1437   966   815   911   910   897   819
ACH09   1900   699   649   743  1042  1167   963  1014   837   757   817
ACH09   1910  1106   924  1112  1222  1246  1141  1207  1125   730  1183
ACH09   1920  1212  1627  1021   814   824   868  1032   794   643   749
ACH09   1930   562   903   948   904   760  1176  1226   997  1132   968
ACH09   1940   686   672   862   932   742   436   611   663   677   937
ACH09   1950  1088  1241   845   629   498   962   667   677   670   670
ACH09   1960   789  1002  1054   970   969  1000   884   712   560   787
ACH09   1970   789   994   866   542   564   866   986   741   463   625
ACH09   1980   928   593   471   671  1080   915   611   680   720   596
ACH09   1990   420   722   689   695   980   594   724   807   968   721
ACH09   2000   444   532   688   857   636   444   614   508   582   520
ACH09   2010 -9999
ACH10   1819  1896
ACH10   1820  1552  2175  2879  2837  2587  2816  1695  1672  1664  1883
ACH10   1830  2128  2370  2755  2011  2530  2468  1895  1915  1641  1313
ACH10   1840  1894  1770  2002  1966  1240  1518  1575  1421  1719  1589
ACH10   1850  2050  2184  1819  1375  1353  1161  1107  1684  1864  1684
ACH10   1860  1767  2129  2054  2010  2170  2297  1926  1524  1884  2530
ACH10   1870  2910  2584  2414  2298  2225  2256  2022  1441  1534  1293
ACH10   1880  1770   854  1040   930  1006   555   427   511   480   511
ACH10   1890   763   578   584   861  1029   975   828   616  1059  1185
ACH10   1900  1038  1031   984  1132  1335  1270   995   688   878  1081
ACH10   1910  1598  1302  1174  1779  2043  1291  1196  1026   995  1241
ACH10   1920  1344  1472  1536  1380  1483  1967  1907   945  1006   995
ACH10   1930  1034   805   666   869   847  1241  1039   910  1143  1302
ACH10   1940  1292  1516  1109  1706  1551  1669  1612  1435  1190  1309
ACH10   1950  1341  1175  1098  1182  1116  1408  1229  1199  1260  1316
ACH10   1960  1250   935  1294  1314  1704  1504  1261  1399  1303  1092
ACH10   1970   774  1283  1240  1039  1017  1051  1138  1285  1137   893
ACH10   1980   938   606   563   850   588   479   491   883   768   756
ACH10   1990   816   978   734   466   720   786   590   599   524   690
ACH10   2000   600   451   290   358   360   375   364   385   301   299
ACH10   2010 -9999
ACH11   1887  2357  2314  2306
ACH11   1890  2627  2553  3625  3644  3320  2930  3815  3016  3259  2415
ACH11   1900  2470  2646  2679  3110  2998  3157  3812  3345  3096  2516
ACH11   1910  3212  3393  2851  4502  3525  2401  2254  2652  2660  3034
ACH11   1920  3790  4569  3739  3483  3872  4098  3793  3159  2808  3453
ACH11   1930  3337  3442  3823  3832  3107  2762  2525  2569  3081  2525
ACH11   1940  2478  2433  2687  2806  2624  2216  2012  2797  2592  2964
ACH11   1950  2431  1679  2186  1796  1530  2166  1987  1847  1735  1607
ACH11   1960  2037  2139  2587  2373  2214  1504  1753  2159  1751  1951
ACH11   1970  1796  1898  2097  1856  1683  1547  1894  1482  1608  1323
ACH11   1980  1578  1715  1947  2159  2032  1513  1145  1282  1842  1789
ACH11   1990  1514  1747  1333  1007  1600  1450  1333  1387  1301  1219
ACH11   2000  1454  1022  1333  1590  1410  1036  1081   998  1168  1001
ACH11   2010 -9999
ACH12   1852  1053  1038  1332  1317  1802  2281  2797  1983
ACH12   1860  1792  1615  1282   879   695   608   773   902   758   593
ACH12   1870  1111  1031  1165   900  1606  2366  2097  1749  2073  1979
ACH12   1880  2039  1156  1455  1528  1044   959   766   986   954   925
ACH12   1890   932   765   963  1175   719   828  1155   903   604   586
ACH12   1900   501   405   499   503   818   668   501   446   436   671
ACH12   1910   789   621   584   941   957   709   862   954  1028  1166
ACH12   1920  1121  1254  1413  1073   917  1020  1051  1039   911  1059
ACH12   1930  1313  1002   873   905  1081  1272   963   805  1048   815
ACH12   1940   593   667   722   574   504   851   670   884   710   891
ACH12   1950   583   688   679   688   561  1016   532   670   742   753
ACH12   1960   752   668   774   878  1060   667   477   380   202   202
ACH12   1970   297   138   169   212   169   169   170   243   254   466
ACH12   1980   201   264   244   233   275   275   180   308   275   159
ACH12   1990   195   191   233   232   180 -9999
ACH13   1760  2165  2108  1346  1072  1026  1402  1677  2530  1940  1886
ACH13   1770  1589  1162  1277  1011   922  1175  1099  1488  1705  2495
ACH13   1780  2148  1182   891  1628  1862  1094   968  1552  1864  2163
ACH13   1790  1566  1482  1295  1111   974  1249  1005   625   531   529
ACH13   1800   561   698   720   901   860  1016  1345  1249  1282  1175
ACH13   1810  1111  1111  1653  1017  1397  1348  1248  1324  1389  2120
ACH13   1820  1119  1267  1156  1163  1427  1148  1427  1235  1119   931
ACH13   1830   838   854   890   826   860   574   606   797   801   540
ACH13   1840   726   935   795   804   574  1126   805   721   731   774
ACH13   1850   797   639   713   713  1031   520   671   855  1080   508
ACH13   1860   871   817   808   564   553   693   605   531   424   563
ACH13   1870   596   480   469   339   235   307   435   480   426   414
ACH13   1880   386   385   255   479   403   342   190   246   332   299
ACH13   1890   415   276   301   341   436   574   587   726   989   691
ACH13   1900   746   822   827   860  1141  1023   681   756   674   764
ACH13   1910   649  1000   893   807   922   613   922   826   751   466
ACH13   1920   550   826   713   752   693   594   990   625   301   392
ACH13   1930   571   447   508   465   477   465   487   328   286   318
ACH13   1940   350   497   550   521   497   615   868   805   858   995
ACH13   1950  1270   974  1294  1261   901   942   911   721  1122  1598
ACH13   1960   656   773   804  1049  1270  1206  1388  1132  1208  1451
ACH13   1970  1376  1280  1736  1493  1207  1471  1661  1345  1495  1355
ACH13   1980  1631  1439  1073  1174  1514   635   529   838  1249  1069
ACH13   1990  1018  1240   953   879  1515  1681  1036  1113   988   871
ACH13   2000   988   871   711   767   971   352   728   537   600   685
ACH13   2010 -9999
ACH14   1731  2093  1310  1187  1496  1635  1755   989  1056   645
ACH14   1740  1059  1535  1769  1858  1756  2001  2327  2427  2072  1873
ACH14   1750  1631  1497  1404  1413  1201  1161   875  1268  1154  1236
ACH14   1760  1534  2488  2497  1703  1568  1769  1893  2114  1978  2176
ACH14   1770  1830  2103  1868  1907  1881  1942  1361  1149  1102  1769
ACH14   1780  2655  2390  1562  1373  1151  1391  1409  1606  1768  1632
ACH14   1790  1909  1309  1069   835   568   745  1036  1096  1225   733
ACH14   1800   447   345   257   391   383   275   590   856  1145   478
ACH14   1810   612   910  1063   633   786   867   955   661   898  1556
ACH14   1820   949   505   597   771   506   722   553   341   240   252
ACH14   1830   160   204   422   473   724   643   653   845   765   888
ACH14   1840  1286  1176  1198  1561  1272  1392  1022   450   622  1110
ACH14   1850   940   650   821   490   552   390   610  1495  1710  2280
ACH14   1860  1680  1540  1400  1280  1250  1290   900  1380  1421  1631
ACH14   1870  1780  1230  1471  1110  1131  1070   960   950  1370  1120
ACH14   1880  1611   890  1421  1472  1353  1162   971  1152  1101  1431
ACH14   1890  1292  1145  1332  1472   931  1423  1362  1453  1251  1122
ACH14   1900   772   683   528   661   895   919   827   733   773   592
ACH14   1910  1145  1055   734   757   640   361   492   314   347   373
ACH14   1920   293   284   457   418   331   465   253   242   221   332
ACH14   1930   252   282   433   463   494   533   504   624   700   516
ACH14   1940   539   398   508   434   510   359   630   853   641  1079
ACH14   1950  1199  1346  1106  1454  1204  1273   666   707   666   804
ACH14   1960   620   530   530   620   822   677   532  1243   421   591
ACH14   1970   772   471   662   581   623   780   980   890   700  1000
ACH14   1980   830   990   890   960   780   470   560   670   540   370
ACH14   1990   630   440   150   280   190   200   180   130   171   130
ACH14   2000   200   180   240   211   272   411   280   350 -9999
ACH22   1844   955  1158  1452   769   514   904
ACH22   1850   782   980   791   921   887   432   494   663  1027  1252
ACH22   1860  1632  1347  1422  1542  1726  1055  1328  1442  1614  1542
ACH22   1870  1777  2165  2043  1910  2633  1311  1622  2031  1792  1071
ACH22   1880  1021  1051  1342  1579  1442  1301  1562  1672  1592  1051
ACH22   1890  1832  1612  1662  1592  1512   801   891  1291  2084  1422
ACH22   1900  1111  1042  1251  1321  1745  1112   995   894  1542  1356
ACH22   1910  1196  1056  1254  1084   883   973  1033   823   802   920
ACH22   1920   850   930   860   780  1030   910  1110   990   730  1020
ACH22   1930   910  1000   770   920   700   730   570   440   851   861
ACH22   1940   670   660   460   831   641   931   451   834   828  1179
ACH22   1950   981   934   592   691   653   916   633   622   650   492
ACH22   1960   326   279   437   543   632   522   524   551   475   320
ACH22   1970   587   504   357   459   320   357   422   500   374   293
ACH22   1980   232   226   153   335   322   182   112   214   150   110
ACH22   1990   100   140   241   122   273   231  1118  1364  1084   752
ACH22   2000  1024   551   320   371   283   214   161   150   130 -9999
ACH23   1774  1569  1515  1576  1352  1076  1622
ACH23   1780  2817  2189  2755  3683  2990  3047  2654  3317  1992  2460
ACH23   1790  2344  2464  1669  1722  1513  1108  1335  1174  1543  1099
ACH23   1800  1213  1535  1723  2408  2251  2281  1523  1873  1970  1230
ACH23   1810  1283  1523  1715  1648  2005  1761  2102  3114  2786  3652
ACH23   1820  3018  2084  2202  1926  1884  1398  1357  1640  1690  1461
ACH23   1830  2307  3059  3366  2859  2902  2296  1588  1758  1270  1355
ACH23   1840  1302  1238  1122   889   635   837   698   794   953   868
ACH23   1850   794   604   677   593   667   435   688   994  1472  1280
ACH23   1860  1558  1519  1589  1560  1883  1769  1282  1309  1451  1768
ACH23   1870  2212  2117  2137  1631  1472  1630  1397  1185  1482  1262
ACH23   1880  1068   614   952  1238  1249   743   585   540   624   467
ACH23   1890   742   636   900  1026   773  1028   889   815  1021   870
ACH23   1900   799   863   793   995  1143  1143   953  1227  1218  1186
ACH23   1910  1238  1249  1513  1515  1629  1197  1518  1557  1516  1474
ACH23   1920  1634  2241  1889  1583  1686  1655  1910  1828  1592  1602
ACH23   1930  1285  1520  1750  2059  1330  1583  2011  1665  1856  1422
ACH23   1940  1418  2023  2332  2098  1751  2349  2034  2407  2098  1726
ACH23   1950  1750  1667  1621  1441  1008  1091  1387   931   880   952
ACH23   1960   879   920   741  1030  1314  1186   996  1049   954  1007
ACH23   1970  1177  1494  1346  1072  1497  1207  1207  1069  1324   550
ACH23   1980   943   751   773   804   910   720   804   699   561   688
ACH23   1990   625   646   530   560   773   806  1229  1556  1430  1102
ACH23   2000  1832   974  1200  1308   860   807   819   703   619   785
ACH23   2010 -9999
ACH24   1766  2333  2282  1703  1781
ACH24   1770  1660  1406  1772  1778  1996  2472  2325  2104  2072  2670
ACH24   1780  2410  2315  1484  1374  1715  1944  1402  1898  1282  1437
ACH24   1790  1368  1191  1326  1335   993   947   944   887  1008   951
ACH24   1800  1216  1279  1302  1393  1163  1168  1271  1385  1131   768
ACH24   1810  1065  1302  1523  1155  1248  1366  1207  1329   994  1473
ACH24   1820  1346  1514  2003  1792  1715  1789  1987  2340  1854  1620
ACH24   1830  1781  1820  1949  1605  1870  1532  1420  1192   991   958
ACH24   1840  1149  1197  1250  1555  1281  1038  1431   968  1247  1194
ACH24   1850  1258  1298  1465  1126   978   728   878  1424  1462  1786
ACH24   1860  1894  1731  1926  1947  1763  2019  1413  1352  1861  1923
ACH24   1870  1953  1550  1411  1251  1503  1529  1679  1104  1171  1192
ACH24   1880  1352   874  1108   925  1049   958   691   835   874   897
ACH24   1890  1121  1024   843   864  1103  1063   893   809  1000  1052
ACH24   1900  1106  1001   946  1137  1353  1436  1251  1039   880  1124
ACH24   1910  1398  1651  1449  1790  1939  2133  1990  1670  1512  1379
ACH24   1920  1348  1709  1783  1431  1134  1070  1441  1324  1060   963
ACH24   1930  1006  1092  1210  1218  1173  1465  1317  1550  1468  1261
ACH24   1940  1271  1439  1197  1207  1186  1234  1221  1044   970  1237
ACH24   1950  1582  1532  1411  1014   893  1337  1191  1148  1094  1126
ACH24   1960  1169   956   960  1038  1443  1274  1274  1328  1187  1135
ACH24   1970  1115  1197  1240   982   981  1014  1153  1117  1235  1173
ACH24   1980  1192  1310  1118  1322  1364  1225  1087  1199  1291  1158
ACH24   1990  1287  1459  1297   928  1045  1090  1233  1392   978   973
ACH24   2000   932   804   868   942  1014   786   778   692   659   735
ACH24   2010 -9999
ACH25   1800  1595   810   929  1464  1650  1715  1424  1914  1762  1030
ACH25   1810  1838  2583  2538  2195  1827  1841  1479  1770  1439  1062
ACH25   1820   881   615   871  1359  1544  1740  1530  2128  2201  1517
ACH25   1830  1317  1194  1096  1444  1270   767   928  1306   905   384
ACH25   1840   308   460   668   781   352   449   521   417   678   953
ACH25   1850  1325  1251  1548  1137  1589   903   805  1051   970  1780
ACH25   1860  1563  1808  1374  1166   992  1171  1020   928   940   875
ACH25   1870  1112  1119  1536  1073  1038   841   810  1106  1295  1033
ACH25   1880  2144  1017  1428  1014   953   734   784   814   669   681
ACH25   1890   543   560   544   592   529   691   637   663   783   740
ACH25   1900   858   521   701   836  1119   903   754   596   605   771
ACH25   1910   778   616   584  1011   890   582   439   262   341   459
ACH25   1920   512   806   653   683   633   552   700   626   637   512
ACH25   1930   632   472   525   462   456   669   657   675   689   815
ACH25   1940   767  1111   837   854   626   657   472   690   439   740
ACH25   1950   644   826   974   904   542   897   719   776   718   521
ACH25   1960   485   413   567   795   483   562   428   460   355   477
ACH25   1970   536   559   519   504   386   331   455   560   854   676
ACH25   1980   655   421   435   629   683   637   770   904   909  1279
ACH25   1990  1084  1049   984   903   855   802   769   991   880   901
ACH25   2000   901   663   573   567   494   509   519   576   373   395
ACH25   2010 -9999
ACH27   1823   523   701   810   478   572   649   703
ACH27   1830   858   661   791  1008  1056   979   905   707   620   418
ACH27   1840   729   617   550   554   561   617   241   347   932  1538
ACH27   1850  1212  1040  1268   614   976   624   658   729   872   898
ACH27   1860   746   606   550   721   743   779   664   511   875  1228
ACH27   1870  1324   857  1171   995  1001   778   708   588   347   267
ACH27   1880   596   367   485   458   441   346   342   564   542   584
ACH27   1890   558   516   412   493   587   360   328   394   545   237
ACH27   1900   218   208   128   114   186   162   134   104   147   262
ACH27   1910   119   138   151   256   298   204   222   191   148    67
ACH27   1920    88   221   271   275   321   237   418   100   234   154
ACH27   1930   232   285   416   248   242   234   228   191   281   114
ACH27   1940   125   180   123   237   305   257   237   195   132   375
ACH27   1950   395   375   237   218   275   184   171   232   241   184
ACH27   1960   239   194   282   224   309   218   195   375   145   138
ACH27   1970   193   334   420   409   341   397   478   373   211   234
ACH27   1980   277   205   150   352   256   342   373   299   321   469
ACH27   1990   558   621   479   502   170   309   605   890   657   756
ACH27   2000   508   519   234   202   276   275   286   192   254   191
ACH27   2010 -9999
ACH28A  1854   712   371   455   519   711   922
ACH28A  1860   879   773   910  1001  1080  1126   858   661   674   769
ACH28A  1870  1030   802  1330  2033  1909  1577  1318   865   577   511
ACH28A  1880   652   418   582   751   859   741   604   603   403   468
ACH28A  1890   476   381   328   349   351   413   508   478   656   699
ACH28A  1900   647   509   571   677   773   657   710   702   657   603
ACH28A  1910   757   883   767   947   754   465   382   291   303   334
ACH28A  1920   286   314   400   313   329   457   368   478   352   499
ACH28A  1930   362   302   271   328   345   195   162   165   149   181
ACH28A  1940   282   398   273   213   142    90   162   306   174   278
ACH28A  1950   309   237   282   324   401   670   636   603   673   569
ACH28A  1960   345   298   332   405   420   340   374   420   396   574
ACH28A  1970   464   398   386   532   429   579   605   669   393   393
ACH28A  1980   332   275   213   308   309   308   371   445   423   500
ACH28A  1990   553   477   488   424   445   476   488   551   382   256
ACH28A  2000   223   233   202   267   275   201   191   149   159   211
ACH28A  2010 -9999
ACH28B  1789   849
ACH28B  1790  1181  1108  1044  1405  1318  1754  1915  1342  1043   763
ACH28B  1800   577   616   668   830   799   695   682   719   701   530
ACH28B  1810   657   689  1228  1471  1557  1726  2522  2625  2121  1906
ACH28B  1820  1420  1166   852   988   891   615   735   712   712   876
ACH28B  1830   828  1254  1227   967   887  1075  1520  1462   857  1144
ACH28B  1840  1335  1206  1509  1455  1072  1323  1082   880  1165  1111
ACH28B  1850  1058  1344  1314   867   635   419   498   561   857   656
ACH28B  1860   667   519   371   434   371   223   211   255   287   361
ACH28B  1870   603   477   565   839  1308  1710  1395  1061   723   705
ACH28B  1880   810   546   734   670   933   663   578   321   268   235
ACH28B  1890   363   324   321   401   372   366   443   365   505   442
ACH28B  1900   459   401   303   370   470   393   291   346   349   280
ACH28B  1910   302   269   403   459   527   291   312   342   257   371
ACH28B  1920     0   385   345   436   509   459   584   454   466   315
ACH28B  1930   406   385   275   238   219   280   237   192   258   173
ACH28B  1940   165   290   225   226   195    75   140   299   202   291
ACH28B  1950   237   193   228   248   303   621   439   489   319   277
ACH28B  1960   320   297   322   371   364   459   547   583   467   554
ACH28B  1970   542   466   510   488   404   488   551   660   573   500
ACH28B  1980   445   319   286   351   403   308   361   445   407   641
ACH28B  1990   759   661   671   471   488   552   749   649   511   554
ACH28B  2000   415   362   330   437   383   299   328   245   155   234
ACH28B  2010 -9999
ACH28C  1834  1415   993   839   738   682   720
ACH28C  1840   984   807   937  1916  1238  1223  1297  1158  1808  1838
ACH28C  1850  1497  1478  1523   980  1320   689   557   857  1299  1520
ACH28C  1860  1285  1258  1412  1105   948  1047   902   602   744   694
ACH28C  1870  1272   860  1217  1797  2000  2022  1549  1249  1171   655
ACH28C  1880   980   623  1119  1686  1483  1553   857   931   593   640
ACH28C  1890   652   359   443   494   573   668   756   978  1297  1056
ACH28C  1900   980   735   659   797   668   725   987  1030  1514  1345
ACH28C  1910  1519  1461  1930  2795  2820  1735  1736  1218  1567  1738
ACH28C  1920  1473  2286  1620  1132  1186  2043  1949  1976  1390  1569
ACH28C  1930  1386  1176  1503  1640  1249  1303   788  1026   976   794
ACH28C  1940   895   745   943   926  1020  1612   775   429   280   501
ACH28C  1950   425   266   310   396   493   502   532   641   575   498
ACH28C  1960   422   545   531   503   689   532   455   524   493   526
ACH28C  1970   544   606   882  1096   998  2015  2124  1405  1533  1462
ACH28C  1980  1291  1108  1059  1419  1540  1240   726  1182   964  1165
ACH28C  1990  1825  1804  1902  1469  1329  1386  1568  1200   970  1049
ACH28C  2000   988   601   544   457   599   600   664   606   445   623
ACH28C  2010 -9999
ACH29   1750  1032   986   657   644   616   603   600   716   881   809
ACH29   1760   744   732   849   615  1053   822   637  1007   625   720
ACH29   1770   722   624   892   658   614   621   891   772   625   472
ACH29   1780   267   330   398   482   302   427   408     0     0   406
ACH29   1790   549   472   430   255   241   452   573   446   426   476
ACH29   1800   475   203   271   379   199   153   244   138   188   120
ACH29   1810   206   244   173   191   218   229   206   320   249   199
ACH29   1820     0     0   182   311   308   203   252   427   370   206
ACH29   1830   123   136   223   487   408   388   327   303   353   150
ACH29   1840    95    99   168   329   289   291   336   229   390   423
ACH29   1850   345   388   507   568   863   397   620   568   842   848
ACH29   1860   696   580   568   463   602   459   453   452   548   683
ACH29   1870   652   532   683   201   456   358   418   422   556   273
ACH29   1880   586   362   393   582   585   629   444   416   429   568
ACH29   1890   515   535   661   491   624   455   265   336   316   353
ACH29   1900   288   206   223   476   562   502   590   440   413   336
ACH29   1910   457   429   501   426   444   340   382   349   352   320
ACH29   1920   339   342   468   522   469   525   596   515   485   545
ACH29   1930   474   382   361   592   500   627   437   534   351   274
ACH29   1940   376   517   431   364   334   501   437   844   552   737
ACH29   1950   787   544   632   596   402   517   373   344   408   501
ACH29   1960   411   288   526   532   502   451   428   513   430   575
ACH29   1970   521   431   406   500   623   788   545   515   596   524
ACH29   1980   426   259   234   355   386   368   484   496   381   468
ACH29   1990   695   764   603   652   584   515   733   790   474   646
ACH29   2000   529   359   258   331   231   239   339   144   226   298
ACH29   2010 -9999
ACH30   1748  1198  1156
ACH30   1750  1779  1289  1529  1317   888   924   859   930   775  1265
ACH30   1760  1195  1092  1088   998  1588  1397  1380  1807  1849  1806
ACH30   1770  1829  1513  1613  1075  1168  1294  1105   895  1385  1301
ACH30   1780  1615  1536  1266  1313  1219  1378  1370  1316  1216  1345
ACH30   1790  1354  1625  1084  1070  1301  1104  1127   982   919   767
ACH30   1800   611   478   635   891   805   929   957   582   837   810
ACH30   1810  1217  1173  1166  1358  1472  1442  1427  1452  1312  1306
ACH30   1820  1281  1064  1755  1403  1302  2203  2304  2224  1730  1242
ACH30   1830  1613  2083  1847  1869  1821  1466  1430  1170   970   878
ACH30   1840  1286   984  1409  1907  1257  1880  1536   980  1325  1456
ACH30   1850  1547  1525  1656  1316  1248   717  1167  1546  1352  1189
ACH30   1860  1283   862   691   925   635   734   853   789  1160  1045
ACH30   1870  1497  1352  1226  1102  1341  1338  1249  1131  1292  1033
ACH30   1880   948   872  1466  1019  1245   744   747   925   858   868
ACH30   1890   964   659   777   758   853   735   604   562   870   765
ACH30   1900   765   626   723   752   984   996   880   571   742   736
ACH30   1910   812   933   955  1114  1444  1020   870   871   672   759
ACH30   1920   829  1193  1018   917   705   856   967   672   601   646
ACH30   1930   609   618   554   739   648   673   844   763  1064  1082
ACH30   1940  1410  1397  1432  1074   944  1032   901  1300  1070  1244
ACH30   1950  1129  1142  1049  1301   818  1020   882  1093   936   807
ACH30   1960  1021  1126  1018  1211  1198  1102   911   878   751   667
ACH30   1970   870   847   836   847   785   899   931   900   984   868
ACH30   1980   922   825   847   921   963   709   795   878   794   889
ACH30   1990   868   656   889   741   730   752   699   741   666   741
ACH30   2000   741   614   656   476   826   667   677   615   497   604
ACH30   2010 -9999
ACH31   1711   608   972   614   899   944   741   783   787   967
ACH31   1720   996   594   487   959   719   583   649   875   840  1169
ACH31   1730  1926  1883  1345  1331  1304  1334  2171  1783  2223  1915
ACH31   1740  2358  2494  2492  2972  2772  2768  1386  2959  2343  1817
ACH31   1750  2055  2283  2441  2343  2113  1587  1496  1787  2468  3305
ACH31   1760  3036  2607  1978  1710  1181  2058  2003  2414  2188  2398
ACH31   1770  1562  1221  1397  1573  1627  1724  1751  1677  1767  1586
ACH31   1780  2072  1622  1999  2286  1908  1820  1721  1872  1307  1235
ACH31   1790  1420  1685  1205  1104  1551  1173  1194  1181   935   994
ACH31   1800  1019   598   596   917   936  1075   981  1311  1788  1126
ACH31   1810  1051  1584  1191  1359  1234  1151  1280  1498  1181  1844
ACH31   1820  1815  1166  1189  1248  1435  1202  1262  1310  1683  1324
ACH31   1830  1250  1853  1459  1388  1435  1142   783   792   623   547
ACH31   1840   469   621   510   629   469   498   608   448   606   595
ACH31   1850   742   671   530   466   626   466   444   563   732   837
ACH31   1860   901   805   837  1080   904   762   627   594   777   582
ACH31   1870   794   745  1000   968   850   840   982  1157  1413   814
ACH31   1880  1159   493   666   771   892   470   429   367   334   401
ACH31   1890   679   496   557   342   386   352   428   329   504   482
ACH31   1900   395   395   375   394   504   479   651   447   649   480
ACH31   1910   565   500   862  1108  1097   783   911   698   679   675
ACH31   1920   728  1136   973   843   843  1014   822   846   759   606
ACH31   1930   639   701   448   617   648   715   861   628   586   610
ACH31   1940   832   803   684   612   440   522   397   493   288   364
ACH31   1950   376   482   563   395   276   403   382   296   318   296
ACH31   1960   340   308   264   413   489   405   415   468   383   436
ACH31   1970   403   287   392   404   413   425   571   720   656   498
ACH31   1980   412   498   751   783   741   773   793   879   815   773
ACH31   1990   825   931   985   825  1334  1143  1292  1503  1132  1037
ACH31   2000   678   510   329   465   593   434   540   339   286   402
ACH31   2010 -9999
ACH39   1752  1810  1386  1774  1874  2268  1799  1963  2553
ACH39   1760  2071  1920  1741  1414  1605  1853  1439  1398  1376  1621
ACH39   1770  1609  1235   998   959   969  1064  1183  1117   993   714
ACH39   1780  1121   680   727  1212   580   876   894  1489   666   519
ACH39   1790   763   928   580   542   552   411   818   532   355   545
ACH39   1800   749   325   503   965   719   546   706   952  1146   701
ACH39   1810  1107  1153  1358  1814  1105  1334   986  1306   978   870
ACH39   1820  1135  1017   667   771   760   725   712   583   625   627
ACH39   1830   642   674   575   794   788   694   723   568   680   644
ACH39   1840   797   835   814   878   601   796   789   549   810   840
ACH39   1850   532   678   606   411   637   378   311   466   442   582
ACH39   1860   602   851   697   717   603   560   535   378   449   475
ACH39   1870   489   516   787   632   898   731   439   382   452   402
ACH39   1880   523   515   486   483   568   527   460   568   563   418
ACH39   1890   436   378   308   436   308   332   289   369   369   298
ACH39   1900   298   244   195   285   341   355   314   220   274   236
ACH39   1910   303   265   429   552   417   327   484   464   373   385
ACH39   1920   763   957   780   633   940   973   653  1033   734   633
ACH39   1930   890   639   654  1044   697   930   791   789   718   522
ACH39   1940   489   580   598  1031   976   836   524   663   578   980
ACH39   1950   974   938   794   788   683   750   696  1201  1017   807
ACH39   1960   746   684   868  1289  1735  1457  1496  1999  1636  1085
ACH39   1970  1211  1052  1275   977  1146  1844  1832  1812  1722  1233
ACH39   1980   687   626   706   848  1132  1003   884  1054   988  1792
ACH39   1990  1843  1869  1761  1029  1212   944  1020  1432   876   823
ACH39   2000   747   573   447   390   316   214   268   251   144 -9999
ACH50   1779   624
ACH50   1780   503   436   865   889   806   746   612   536   563   597
ACH50   1790   536   522   454   451   625   361   388   520   470   502
ACH50   1800   519   385   499   617   654   640   546   578   605   354
ACH50   1810   567   879   638   668   876   875   704   846   817   913
ACH50   1820   846   614  1012  1342  1445  1488  1520  1931  1258  1505
ACH50   1830  1648  1317  1394  1356  1456  1071   765   887   847   635
ACH50   1840   749   813   899   753   304   367   423   409   470   650
ACH50   1850   615   559   470   427   269   114   211   314   597   773
ACH50   1860   872   773   639   563   639   739   853   789   942  1013
ACH50   1870  1364  1062  1009   959   939   820   940   924  1071   878
ACH50   1880   841   580   583   677   749   596   449   382   446   522
ACH50   1890   584   655   585   360   413   536   569   501   702   421
ACH50   1900   540   359   432   506   605   556   574   455   519   480
ACH50   1910   447   456   620   788   796   695   630   636   372   657
ACH50   1920   794  1054   842   749   928   800   701   748   772   560
ACH50   1930   702   767   688   698   755   771   774   895   629   698
ACH50   1940  1033  1062   791   781   625   511   654   818   578   777
ACH50   1950   768   749   635   631   576   798   509   653   570   578
ACH50   1960   633   532   539   858   827   573   642   535   419   575
ACH50   1970   541   388   496   449   351   408   517   508   540   563
ACH50   1980   417   384   468   630   578   507   527   563   627   660
ACH50   1990   644   793   797   550   550   673   819   740   680   596
ACH50   2000   478   365   362   440   374   426   389   268   208   342
ACH50   2010 -9999
ACH51   1867  6916  8588  6679
ACH51   1870  7452  5989  5674  2631  4298  4533  3855  4670  4266  2546
ACH51   1880  2978  1945  2547  1976  1703  1341  1508  1480  1717  1401
ACH51   1890  1796  1766  2163  1914  1795  1568  1737  2059  2688  2012
ACH51   1900  2022  1561  2023  2127  2103  1865  1715  1707  2097  2042
ACH51   1910  1684  1207  1325  1758  1473  1164  1047   889   889  1091
ACH51   1920  1027  1255   850  1058   966  1228  1123   933   795  1028
ACH51   1930   891  1078  1063  1249  1223  1448  1487   937   767   764
ACH51   1940   736   875   796   671   771   988  1191  1251   732   763
ACH51   1950   628   593   550   604   615   786   561   404   687   615
ACH51   1960   837   561   709   709   778   603   656   642   751   699
ACH51   1970   614   646   435   615   561   540   593   692   709   593
ACH51   1980   691   551   614   763   571   542   437   940   618   697
ACH51   1990   540   758   668   438  1183  2043  2133  2366  2481  2522
ACH51   2000  3037  2540  2106  1747  1161   787   746   541   439   437
ACH51   2010 -9999
ACH52   1855  4770  6807  5546  3985  2673
ACH52   1860  4760  4808  4496  4989  4877  5784  3589  4064  6143  4887
ACH52   1870  4968  4048  4063  4504  5053  4338  2999  2084  2849  2583
ACH52   1880  4163  2788  4669  3704  4199  3445  2638  2383  3286  2903
ACH52   1890  2467  2270  2475  3085  1818  2415  2060  2375  2452  2283
ACH52   1900  2357  2323  1627  2306  2712  2206  2216   987  1008  1042
ACH52   1910  1510  1745  1415  1730  1499  1237  1297  1047   860  1176
ACH52   1920   848  1236   954   771  1012  1407   868   690   694   857
ACH52   1930   837   793   749   804   997  1413  1247  1206   871   643
ACH52   1940   468   577   484  1178  1518  1674   963  1260   983   850
ACH52   1950   760  1522  1150   886   857   819   640   914  1209  1122
ACH52   1960   881  1007  1194  1078  1279  1171  1058  1512  1508   783
ACH52   1970   656  1278  1558  1781  1295  1563  1712   670   807   941
ACH52   1980  1004   599   805  1017  1561  1289  1083  1437  1055  1089
ACH52   1990  1508  1513  1768  1638  1406   932   825  3020  1697  1701
ACH52   2000  1312   690   301   326   583   683   532   760 -9999
