UAll22b 1771   766   700   637   457   918  1894  1820  1655  1240
UAll22b 1780  1177   733   544   579   437   532   651  1400  1474  2289
UAll22b 1790  2098  1736  1877  1565  2283  1412  1353   944   623   607
UAll22b 1800   706   752   578   250   301   599   426   411   322   532
UAll22b 1810   703  1160  1572  1153   872  1256   639   394   261   606
UAll22b 1820   606   427   362   490   241   227   311   510   468   176
UAll22b 1830     0   153   362   572   640  1153  1368   790   912   284
UAll22b 1840   337   407   429   527   709   842   650   901  1141   675
UAll22b 1850   677   671  1062   715  1010   482   690   538   536   691
UAll22b 1860   506   701   467   213   318   363   297   393   487   435
UAll22b 1870   624   689   776   710   540   508   603   593   699   413
UAll22b 1880   879   746  1024   784  1194  1424  1746  1761  1741  2151
UAll22b 1890  1970  1314  1208  1313   952   679   849   936  1060   890
UAll22b 1900  1011  1341  1000  1161  1361  1051  1286  1523  1243  1222
UAll22b 1910  1370  1558  1470  1372  1571  1229   871   639   778   762
UAll22b 1920   637   830  1145   977   818   572   752   815   562   567
UAll22b 1930   466   385   593   402   329   339   403   413   328   243
UAll22b 1940   320   414   425   562   477   626   741   921   975  1220
UAll22b 1950  1228  1239  1376  1377  1158  1155  1057  1279   835   782
UAll22b 1960   832   796   692   714   996   927   938  1024   851   685
UAll22b 1970   520   724   745   637   530   619   557   581   679   776
UAll22b 1980   645   570   424   440   513   644   568   693   677   699
UAll22b 1990   622   642   576   418   342   312   314   394   266   289
UAll22b 2000   297   342   365   502   409   267   439   653   473   405
UAll22b 2010   310   310   396 -9999
UAll01A 1860  3889  3918  4388  3872  3066  3459  3435  2912  2007  2620
UAll01A 1870  2904  3665  2704  2383  2976  2319  2015  1841  1774  1427
UAll01A 1880  1897   753   868   979  1242  1122  1238  2000  1727  1471
UAll01A 1890  1846  1680  1682  2890  2265  1519  1313  1577  1779  1460
UAll01A 1900  1196  1028  1056  1279  1090   888   883   689   440   339
UAll01A 1910   426   596   689  1020   887   709   572   550   783   674
UAll01A 1920  1046  1458  1547  1240  1238   848   604   445   139   213
UAll01A 1930   297   479   827  1414  1484  1486   943  1115  1701   948
UAll01A 1940   413   252   220   244   380   262   293   195   144   215
UAll01A 1950   160   202   342   342   204   201   106   129   383   172
UAll01A 1960    96    74   108    75   111   106   106   119    63   160
UAll01A 1970   129   162    85   131    97   107    75    85   107   106
UAll01A 1980    96   244   127   101    63    65    77    75 -9999
UAll01B 1860  4017  4898  5749  3313  2752  2566  2314  3443  2133  2164
UAll01B 1870  2254  2904  3327  3202  4080  3083  2508  2636  3159  1721
UAll01B 1880  2022   995  1376  1248  1831  1853  1103  1418  1577  1240
UAll01B 1890  1644  1567  1281  1312   836   656   879  1546  1185   805
UAll01B 1900   645   678   867  1090  1123  1315  1484  1362  1203   890
UAll01B 1910  1092  1187   936  1035   966   805   543   457   520   349
UAll01B 1920   545   573   414   606   402   720   584   636   350   668
UAll01B 1930  1229   932  1297  1417   862   930   885   674  1090   602
UAll01B 1940   288   345   409   477   347   483   426   262   195   336
UAll01B 1950   309   265   603  1302   737   388   346   429   442   663
UAll01B 1960   355   232   184   164   185   273   336   529   242    54
UAll01B 1970   158   234   143    98   120    77    54    57    81   131
UAll01B 1980    77    65    70    88   187    90    91   100   101   100
UAll01B 1990    64    57    88    88 -9999
UAll06B 1878  1071   443
UAll06B 1880  1090   908  1278  1177  1553  1648  1631  1844  1551  2016
UAll06B 1890  2818  1685  1573  1784  1104  1165  1560  1969  2639  2065
UAll06B 1900  1837  1973  1527  2071  2214  1895  2162  1874  1761  1840
UAll06B 1910  2094  2367  1927  2500  2400  1229  1440  1408  1439  1207
UAll06B 1920  1081  1389  1122  1187   974   878   709   572   699   998
UAll06B 1930  1472  1431  1773  1283   593   901   711   858  1386  1195
UAll06B 1940   880  1281  1365  2097  1756  1609  1197  1238   751  1261
UAll06B 1950   689   816  1197  1200   995  1062   551   880   767   565
UAll06B 1960   491   431   544   426   841   468   565   321   226   154
UAll06B 1970   121   219   292   566   613   901   881   571   659   562
UAll06B 1980   589   644   624   465   221   237   272   288   250   755
UAll06B 1990   942   559   535   442   325   295   311   287   225    97
UAll06B 2000   180   128   195   191   261   342   295   291   193 -9999
UALL04  1708   870   321
UALL04  1710   171    66   184   190   288   664   223   374   300   680
UALL04  1720  1099   479   943   322  1037   406   442   426   444   285
UALL04  1730   369   311   353   291   404   516   323   496   309   239
UALL04  1740   371   645   650   380   694   349   545   696   635   636
UALL04  1750   587   650   624   323   245   414   140   237   493   940
UALL04  1760   814  1280   596   858   382   425   394   403   677   445
UALL04  1770   276   277   551   414   381   476  1091   890   732   944
UALL04  1780   826  1155  1048  1261   648   500   574   808   368   159
UALL04  1790   140   107   226   334   526   293   334   440   320   364
UALL04  1800   364   206   119   185   288   380   397   413   478   517
UALL04  1810   357   909  1030   878   764   791   650   738   416   786
UALL04  1820   797   698   990   555   711  1655  1658  1662  1647  1444
UALL04  1830  1246  1226  1430  1821  2009  1869  1605  1447  1141  1053
UALL04  1840  1361  1051  1524  2226  3018  2816  1958  1090   952   741
UALL04  1850   730   752   711   426   299   415   429   635   775   595
UALL04  1860   605   746   848   572   529   508   699   719  1101   870
UALL04  1870  1071   768  1067   803   621   390   465   716   942   484
UALL04  1880   719   367   306   323   468   449   478   893   752   665
UALL04  1890   631   786   474   431   248   267   385   513   533   758
UALL04  1900   702   446   490   779  1135   939   955   551  1071   901
UALL04  1910   890  1134  1147  1688  1610  1419  1071  1370  1203  1165
UALL04  1920  1041  1057  1301  1343   910   901   683   611   276   224
UALL04  1930   481   383   420   507   431   917   695   561   781   833
UALL04  1940   704   623   716   907   868   657   511   763   331   563
UALL04  1950   551   463   288   521   677   837   552   519   472   614
UALL04  1960   493   406   402   624   953   737   305   514   447   440
UALL04  1970   456   363   643   830   532   700   717   640   586   649
UALL04  1980   548   242   452   664   515   480   522   733   650   820
UALL04  1990   877   843   573   352   209   395   603   629   402   591
UALL04  2000   544   483   386   426   245   470   499   602   588   598
UALL04  2010   609   754   488 -9999
UAll06A 1879   544
UAll06A 1880  1209   632  1138   907  1149   914   915   759   937   937
UAll06A 1890   678   854  1089   838   565   621   987  1481  1931  2078
UAll06A 1900  1593  1301  1104  1163  1235  1266  1487  1682  1567   961
UAll06A 1910  1261  1307  1198  1073   941  1020   964   818  1017  1016
UAll06A 1920  1166  1494  1492  1609  1325  1112   816   656   508   803
UAll06A 1930  1400  1579  1997  1769  1033   905   616   562   893   657
UAll06A 1940   596   806   972  1132  1115   893   769   811   427   546
UAll06A 1950   416   396   587   392   361   351   180   224    86    64
UAll06A 1960   190   169   106    96   412   350   455   264   117    75
UAll06A 1970   116   265   392   626   412   466   511   286   265   222
UAll06A 1980   276   393   360   243   180   180   318   542   571  1058
UAll06A 1990   880   532   342   352   245   159   275   372   201   169
UAll06A 2000   180   180   201   180   148 -9999
UAll07B 1878  1737  1271
UAll07B 1880  2457  2225  2808  2506  2547  3155  3503  3479  2553  2437
UAll07B 1890  2615  1918  2237  2760  2257  2177  2306  1955  1904  1903
UAll07B 1900  1760  1567  1482  1643  1832  1810  1396  1111  1235  1153
UAll07B 1910  1032  1278  1284  1970  1951  1718  1640  1612  1972  1729
UAll07B 1920  1842  1894  1305  1210  1199  1101  1093  1074   881   874
UAll07B 1930  1249  1268  1474  2033  1562  1423  1562  1622  2205  2064
UAll07B 1940  1706  1426  1284  1487  1223   933   871   659   306   327
UAll07B 1950   490   430   653   711   672   769   558   662   735   995
UAll07B 1960   938   703   645   777   973   776   922   951   720   407
UAll07B 1970   334   329   478   469   601   735   943   853   946  1117
UAll07B 1980  1159   934   596   719   608   604   331   582   529   540
UAll07B 1990   529   499   667   730   836 -9999
UAll08  1836  2466  2016  2286  1081
UAll08  1840  2115  2010  2260  2593  2085  2575  2845  2287  1855  1316
UAll08  1850  1799  1760  1766   808   506   655   656   866  1269  1909
UAll08  1860  1999  2591  2931  2522  2315  1724  1191  1164  1465  1086
UAll08  1870  1119  1045  1236  1166  1841  1836  2446  2855  3224  1662
UAll08  1880  2233  1813  1458   942  1273   688   890  1612  1410  1411
UAll08  1890  2038   910   790  1000   531   397   682   885  1272  1250
UAll08  1900  1889  1725  1449  1408  1745  1708  1575  1347  1047   862
UAll08  1910   809   880  1004   932  1038  1081  1042  1083  1284  1011
UAll08  1920   901   995   921   854   912   901   482   601   325   491
UAll08  1930   843   943   922  1186   774   760   455   388   432   408
UAll08  1940   478   496   412   718   785   550   598   550   435   780
UAll08  1950   722   612  1081  1289   968   706   416   334   342   265
UAll08  1960   369   197   338   389   413   349   358   555   311   321
UAll08  1970   416   683   873   532   586   523   881   666   606   853
UAll08  1980   814   479   476   563   391   310   270   501   462   584
UAll08  1990   440   801   573   449   368   371   420   435   401   380
UAll08  2000   524   549   399   402   372   357   601   542   891   871
UAll08  2010   475   312   297 -9999
UAll10  1794   949   924   883   966  1222   845
UAll10  1800  1640   863   736   419   704   673   959  1207   801   898
UAll10  1810   946  1056  1193  1561  1651  1946  1265  1173   649  1920
UAll10  1820  1796  1365  1354  1089   966  1033  1155  1615  1451  1410
UAll10  1830   642  1024  1641  2841  3174  2744  2441  1798   927   848
UAll10  1840   858   735   701  1366  2126  3212  2595  1346  1239  1024
UAll10  1850   857  1078  1679  1291   884   659   449   359   442   552
UAll10  1860   954  1328  1074   930  1133  1510  1610  1839  2455  1520
UAll10  1870  1697  1671  1420  1264  1173   793   621   529   832   613
UAll10  1880  1061   588   382   250   347   448   455   649   927  1242
UAll10  1890  1073  1130   944   904  1102   920   792  1176  1162   870
UAll10  1900   704   648   552   648   828   883   802   883   703   498
UAll10  1910   667   700   540   732   789   838   699   658   714   636
UAll10  1920   944  1064  1051  1013   910   849   599   658   488   804
UAll10  1930  1143  1037  1324  1293   797  1049   709   636   709   465
UAll10  1940   360   498   445   465   213   138   169   330   309   413
UAll10  1950   520   551   486   446   275   319   562   659   288   232
UAll10  1960   299   289   489   582   463   382   318   385   349   328
UAll10  1970   127   423   598   529   331   466   426   446   444   519
UAll10  1980   433   288   310   402   476   402   531   709   446   477
UAll10  1990   370   371   340   508   699   741   593   497   423   561
UAll10  2000   498   510   561   963   754   561   858   587   631   667
UAll10  2010   594   679   646 -9999
UAll14B 1854  1240  1209  1344  1957  2310  2462
UAll14B 1860  2393  1443  1645  1499  2338  2087  1834  1402  1334  1580
UAll14B 1870  1813  1516  1214  1048  1398  1298  1177   809   941   715
UAll14B 1880  1195 -9999
UAll15A 1743   370   456   346   421   478   602   664
UAll15A 1750   613   690   616   584   587   718   403   643   867   932
UAll15A 1760   672   563   449   611   621   556   513   650   588   521
UAll15A 1770   228   291   355   423   275   309   284   355   295   268
UAll15A 1780   225   143   248   322   167   154   104   219   238   348
UAll15A 1790   284   138   115    38    62    48    24    34   154    76
UAll15A 1800   121   147   138   114   157   179   404  1008  1364  1373
UAll15A 1810   997  1323  1289   814   564   557   478   389   228   954
UAll15A 1820  1540  1605  1550  1875  1880  1741  1127  1545   848   785
UAll15A 1830   529   498   884  1084  1289   951   907   994   897   767
UAll15A 1840  1064  1101  1296  1028  1092  1032  1138  1026   924   532
UAll15A 1850   575   670  1015   704   712   680   584   708   847   701
UAll15A 1860  1081  1114  1105  1081  1446  1360  1088   874   580   329
UAll15A 1870   390   482   452   655   442   474   487   329   399   352
UAll15A 1880   510   375   568   549   717   604   490   564   745   698
UAll15A 1890   648   655   745   988   601   561   789   704   658   872
UAll15A 1900  1069 -9999
UAll15B 1743   422   583   357   667   737   998   857
UAll15B 1750   567   733   757   584   547   651   345   846   938   796
UAll15B 1760   859   489   579   713   781   526   371   517   718   542
UAll15B 1770   195   232   341   673   660   596   664   513   493   531
UAll15B 1780   621   270   355   504   479   209   218   288   252   463
UAll15B 1790   351   161   200   138   236   199   170   329   244   327
UAll15B 1800   246   151   133    97   147   256   483  1071  1485  1024
UAll15B 1810   818  2179  2839  2496  2021  1737   960   594   385   526
UAll15B 1820   794  1211  1151  2524  2835  2469  1206  1653  1195  1132
UAll15B 1830   922  1153   834   807  1108  1195  1316  1448  1570  1516
UAll15B 1840  2156  1751  1743  1409  1064  1363  1416  1165   997   643
UAll15B 1850   604   689   958   720   787   763   669   934  1041  1052
UAll15B 1860  1232   969  1052   660  1230  1501  1255  1028   961   691
UAll15B 1870   873   960   807   647   657   712   587   647   852   763
UAll15B 1880   987   676   801   713   701   542   482   469   482   498
UAll15B 1890   452   565   589   862   486   502   739   793   914  1073
UAll15B 1900  1283  1165   931  1132  1292   815   771   663   739   512
UAll15B 1910   716   744   582   637   741   490   479   526   748   633
UAll15B 1920   540   570   598   624   654   702   778   779   623  1062
UAll15B 1930  1013   881   941   937   663   719   629   382   573   475
UAll15B 1940   529   623   728   874  1000   966   754  1062   776  1009
UAll15B 1950   807   548   515   608   554   536   626   799   762  1021
UAll15B 1960   839   699   881   782   974   769   780   877   576   417
UAll15B 1970   488   665   627   625   510   393   361   413   539   860
UAll15B 1980   646   761   668   656   435   444   572   784   825 -9999
UAll16A 1814   893  1866  1514  1842  1539  2083
UAll16A 1820  2119  1999  1108  1175  1259  1283  1091  1306  1380  1180
UAll16A 1830  1333  1416  1578  1250  1231  1383   719   578   608   460
UAll16A 1840   478   563   754   661   726  1069  1174  1242  1427  1938
UAll16A 1850  1664  1613  2275  1953  2650  1569  1488  1843  2118  1800
UAll16A 1860  1751  1917  1609  1545  1638  1170   895  1293   998  1000
UAll16A 1870  1370  1062   783   983  1150  1206  1091   957  1024   838
UAll16A 1880  1232   500   712   714   931  1036   800   976   858   716
UAll16A 1890   891   598   733   815   431   420   487   596   497   518
UAll16A 1900   761   735   928   821  1056   842   914   816   685   668
UAll16A 1910   715   706   532   578   614   626   688   677   616   568
UAll16A 1920   346   751   876   902  1101   900  1101   684   417   536
UAll16A 1930   743   767  1023  1373  1233   918   987  1024   798   717
UAll16A 1940   634   670   814   777   800  1285  1232   980   751   803
UAll16A 1950   828   780  1023  1108   933 -9999
UAll16B 1813  1301   736  1544  1378  1953  1656  2546
UAll16B 1820  2590  2400  1956  1822  1964  1354   895   943   637  1111
UAll16B 1830  1438  1380   960   926  1050   938   717   300   628   476
UAll16B 1840   619   645   904   977   616   898   975   899   975   822
UAll16B 1850   985   952  1198   962  1184   927   684  1385  1420  1315
UAll16B 1860  1378   955  1240   877   679   572   924  1101  1155  1000
UAll16B 1870  1220   810   590   720   792   974   874   671   706   621
UAll16B 1880  1396   717   560   598   718   966   580   714   622   494
UAll16B 1890   536   237   339   434   501   370   545   609  1072   673
UAll16B 1900   676   827   567   965  1079   707   812   796   850   692
UAll16B 1910   954  1012   783   882  1319   786   519   360   732   592
UAll16B 1920   592   776   728   691   659   693   903   717   493   370
UAll16B 1930   439   560   920   991   786   615   685   502   917  1051
UAll16B 1940   835   988   675   796   659  1119   648   450   446  1166
UAll16B 1950   786   722   479   615   701   688   784   423   392   656
UAll16B 1960   371   234   255   340   731   571   499   424   235   202
UAll16B 1970   381   508   329   513   413   455   773   699   678   625
UAll16B 1980   467   391   625   540   317   298   497   692   838   677
UAll16B 1990   910   880   508   476   339   349   402   543   447   354
UAll16B 2000   476   467   270   411   456   265   553   360   244   360
UAll16B 2010   349   203 -9999
UALL17  1689   198
UALL17  1690   279   509   515   187   233   194   271   746  1028   733
UALL17  1700   835   975   805   779   801   767   975   605   467   530
UALL17  1710  1034   985  1281   774   953  1082  1719   862   665  1036
UALL17  1720  1226  1402  1246  1016  1718  1175   843  1449  1262   827
UALL17  1730  1476  2022  1098   988   763   733   756  1060   703   370
UALL17  1740   391   790   997   975   956   886   861   887  2131  1553
UALL17  1750  1392  1092   896   586   537   793   735   966  1006   946
UALL17  1760   602   532   948  1268  1884  1546  1579  1238   986   403
UALL17  1770   192   298   382   436   382   509   573   520   499   836
UALL17  1780   974  1563  1208  1080   450   593   416   713   754   447
UALL17  1790   517   371   334   275   466   403   212   297   341   289
UALL17  1800   267   180   159   127   223   298   403   248   226   288
UALL17  1810   364   450   341   255   248   426   368   288    80   183
UALL17  1820   178   182   101   141    67    97   162   177   244   142
UALL17  1830   254   191   214   145   135   133   154   114   105    32
UALL17  1840   106   129    97    54    64   194   183    98   129   106
UALL17  1850   214   179   106   222   201   312   216   174   196   174
UALL17  1860   174   138   214   124   147   184   248   328   321     0
UALL17  1870   198   172    48    53    77   133   125   178   162   182
UALL17  1880   234   185   188   188   273   312   226   195   252   131
UALL17  1890   218    77   127    97    86     0   129   129   205   190
UALL17  1900   140    96   106   106   138    95   138   169   149     0
UALL17  1910   116   137     0   160   191   169   127   117   159   129
UALL17  1920   105   145   160   151   118   152   167   129    65   226
UALL17  1930   336   368   611   622   703   804   508   378   513   382
UALL17  1940   472   472   276   475   472   581   732   776   545   684
UALL17  1950   418   542   463   483   406   463   382   353   262   293
UALL17  1960   359   275   447   529   952  1041  1235  1333  1176  1122
UALL17  1970  1070  1470  1502  1204   830   763   612   691   568   412
UALL17  1980   371   209   204   291   214   225   288   259   321   428
UALL17  1990   781   993  1051  1024  1332  1581  1340  1587  1049  1362
UALL17  2000  1217   955   709   736   894   520   743   666   584   680
UALL17  2010   790   902   656 -9999
UAll18  1714   729   856   318   465   289   522
UAll18  1720   861   459   658   775   715   447   420   482   355   625
UAll18  1730   459   426   594   676   529   252   265   254   375   754
UAll18  1740   675   928   567   533   822   669  1123   702   838   994
UAll18  1750  1027  1033  1081   997   958  1099  1002   995  1133  1130
UAll18  1760   842  1007   748   680   664   720   698   693   771   734
UAll18  1770   922   657   682   734   637   648   586   563   282   462
UAll18  1780   484   422   381   449   804  1015   877  1332  1104   973
UAll18  1790   606   744   625   791   904  1223  1022   800   375   318
UAll18  1800   205   298   234   257   154   129   100    78    77   152
UAll18  1810    77   174   241   248   154   265   332   311   355   482
UAll18  1820   788   434   576   552   208   205   200   195   191   157
UAll18  1830   161   154   175   314   486   698   532   600   586   365
UAll18  1840   288   576   764   754   704  1176  1797  1555  1418  1619
UAll18  1850  1811  1372  2549  1611  1548  1369  1063  1617  1694  1102
UAll18  1860  2156  2181  2753  2896  2720  2003  1774  1201   973   764
UAll18  1870  1177  1104   745   795  1153  1737  1376  1080  1397  1387
UAll18  1880  1716  1333  1207   773  1068   899   763   923  1283  1403
UAll18  1890  1675  1240  1779  2362  1651  1145  1420  1503  1737  1344
UAll18  1900  1958  2555  1875  1506  1790  1526  1355  1366  1208  1344
UAll18  1910  1016  1444   975  1365  1513   963   603   636   868   730
UAll18  1920   561  1082  1112  1177  1134  1308  1360  1023   725   858
UAll18  1930   745  1002  1343  1338  1050  1364  1104  1505  1310  1032
UAll18  1940  1212  1249   919   951   958   881   654   810   806  1236
UAll18  1950  1008  1198  1254  1656  1403  1966  1545  1362  1241  1048
UAll18  1960   802   820   924  1158  1079  1215  1027  1122   819   657
UAll18  1970   712   711   702   753   661   678   754   985   965  1038
UAll18  1980  1146   677   574   647   837   745   686  1072  1219   912
UAll18  1990   985   912   763   626   782   974   456   402   693   651
UAll18  2000   641   583   546   745   606   504   627   791   524   512
UAll18  2010   573   508   383 -9999
UAll20  1850  2211  2125  2872  2229  2340  2096  1368  1566  2001  1589
UAll20  1860  1781  2120  2035  1685  1833  1464  1545  1969  2298  2213
UAll20  1870  2530  1762  1822  1643  2477  2945  2821  1800  2002  1568
UAll20  1880  2816  1991  1716  1325  2191  1971  1208  1471  1397  1397
UAll20  1890  2193  1399  1156  1548  1161  1083  1421  1431  1898  1863
UAll20  1900  2147  2085  1637  1499  2101  1413   773   974   784   709
UAll20  1910   684   804   603   776  1304   913   774  1134  1430  1083
UAll20  1920  1178  1719  1856  1383  1852  2530  2066  1192   985  1155
UAll20  1930  1281  1294  1770  1975  1587  1515  1644  1642  1737  2534
UAll20  1940  1452  1470  1590  1513  1228  1062   914   795   669   912
UAll20  1950  1017   531   583   804   829   582   740   498   762   916
UAll20  1960   711   382   566   603  1164  1313  1327  1896  1442  1144
UAll20  1970  1218  1922  1276  1297  1173  1128  1391   784   717   989
UAll20  1980   941   693   534   663   564   660   758  1746  1872  1863
UAll20  1990  2988  3118  2034  1744  1723  1631  1315  1721  1438  1975
UAll20  2000  2052  1704  1654  1871  1279  1001  1042  1089  1107  1413
UAll20  2010  1199   927   719 -9999
UAll21C 1855  1428  2038  1781  3175  2867
UAll21C 1860  3844  2841  3212  1874  2128  2266  3398  2290  1918  1884
UAll21C 1870  2254  2323  2475  2018  2879  3068  2684  1934  1951  1663
UAll21C 1880  3052  2234  2199  2189  1867  1575  1349  1176  1188   649
UAll21C 1890   631   448   372   612   681   487   532   728   944  1118
UAll21C 1900   939   823   828  1013   912   782   849   721   702   628
UAll21C 1910   758   883   681   791   744   437   415   458   478 -9999
UAll22A 1814   512   449   316   436   116   509
UAll22A 1820   868   720   508   444   381   275   298   497   361   413
UAll22A 1830   148   117   127   297   265   296   159    85    86   169
UAll22A 1840   180   350   942  1593  2318  2000  1821  1292  1555  1323
UAll22A 1850  1525  1186   745   351   371   181   258   212   234   222
UAll22A 1860   289   517  1017  1329  1587  1120  1355  1396  1970  1133
UAll22A 1870  1038  1225   919   778  1319   818   393   191   288   113
UAll22A 1880   101     0     0     0     0     0     0   113   180   119
UAll22A 1890    81   218   255   365   282   540   480   873   957   947
UAll22A 1900   948   998   650   808   869   487   555   384   333   246
UAll22A 1910   205   214   225   430   522   602   653   621  1004  1218
UAll22A 1920   991  1680  1257   861  1206   850  1183   850   484   575
UAll22A 1930   787   810  1208  1403   554  1137   861  1052  1701  1079
UAll22A 1940   914  1109  1340  1586  1730  1704   823  1649   657   694
UAll22A 1950   465   251   359   447   578   657   351   244   382   362
UAll22A 1960   372   285   422   413   520   474   896   657   701   573
UAll22A 1970   791   930  1003   737   475   740   529   282   328   348
UAll22A 1980   311   232   256   257   100   239   251   285   188   221
UAll22A 1990   434   643   439   345   275   505   479   724   594   567
UAll22A 2000   593   409   373   421   544   309   529   582   825  1441
UAll22A 2010  1208   688   561 -9999
UAll23A 1812  2638  1894  1120  1335  1213  1123  1070  1978
UAll23A 1820  2303  2261  2245  1659  1667  1662  1551  1696  1571  1346
UAll23A 1830   777   790  1058   880  1084  1050   947   674   447   424
UAll23A 1840   561  1017  1461  1419  1250   953   933   836   870   646
UAll23A 1850   858   863   997   616   604   444   413   616   821   725
UAll23A 1860   715   735   746   587   485   418   437   321   298   385
UAll23A 1870   512   416   584   669   576   478   614   571   614   522
UAll23A 1880   666   595   615   468   699   593   604  1069  1112  1252
UAll23A 1890  1305  1135  1250  1607  1156   937  1336  1605  1883  1896
UAll23A 1900  1698  1520  1095  1091  1220   898  1083  1132  1102  1012
UAll23A 1910   985  1166  1263  1186  1031   711   416   275   298   426
UAll23A 1920   468   872   872   700   616   651   402   489   363   489
UAll23A 1930   604   563   552   614   531   488   382   423   492   574
UAll23A 1940   508   674   590   684   726   829   680   696   468   571
UAll23A 1950   575   532   679   522   657   755   483   581   627   411
UAll23A 1960   594   469   510   683   784   563   595   550   467   455
UAll23A 1970   424   508   657   518   476   564   571   498   541   603
UAll23A 1980   426   423   287   562   413   456   564   616   593  1175
UAll23A 1990  1599  1366   963   753   846   806   804  1164   963   743
UAll23A 2000   603   508   339   741   974   572  1005   795   603   550
UAll23A 2010   299   256   275 -9999
UAll23B 1812  3087  2542  1430  1652  1198  1220   901  1462
UAll23B 1820  2035  2084  1998  1316  1466  1610  1515  1538  1776  1875
UAll23B 1830  1168  1128  1456  1503  1352   980  1075   865   715   485
UAll23B 1840   501   642   940   733   925  1139  1223  1166  1024   829
UAll23B 1850   933   831  1001   923  1032   716   890  1274  1392   959
UAll23B 1860   921   749   825   604   479   422   372   239   256   307
UAll23B 1870   301   343   456   620   562   788   910   825   859   636
UAll23B 1880  1048   615   723 -9999
UAllS02 1857  2783  3399  2583
UAllS02 1860  2949  4166  3948  3248  3311  3357  2478  2533  2248  1811
UAllS02 1870  2776  2205  2267  2305  3023  2998  2755  2131  2288  1238
UAllS02 1880  1991  1524  1462  1567  1293  1664  1681  1940  1571  1244
UAllS02 1890  1293  1437  1606  1579  1001  1028  1098  1639  1425  1315
UAllS02 1900   863   746   715   764   685   752   734   638   435   341
UAllS02 1910   472   545   490   616   735   734   922   918   806   649
UAllS02 1920   670   720   635   550   287   223   332   329   233   170
UAllS02 1930   329   350   328   582   603   668   444   605  1038   752
UAllS02 1940   733   804   797   901   668  1011   762   533   308   371
UAllS02 1950   330   275   360   498   412   404   477   455   341   352
UAllS02 1960   478   584   764   783  1175   794   593   721   537   456
UAllS02 1970   309   435   392   531   346   399   352   353   407   393
UAllS02 1980   320   257   323   355   223   148   190   180   159   381
UAllS02 1990   709   518   425   403   190   297   349   571   286   222
UAllS02 2000   297   275   127   191   201   148   222   361   287   424
UAllS02 2010   318   317   233 -9999
UAllS05 1767  1444  1646  1073
UAllS05 1770   976  1398  1724  1349  1105  1458  1755  1457   921  1344
UAllS05 1780  1093   938   471  1313  1378  1628  1272  1019   980   923
UAllS05 1790   527   343   468   512   727   690   353   557   646   828
UAllS05 1800   840   864   931   684   473   313   620   808   693   643
UAllS05 1810   748   349   300   702   854  1485  1042  1060  1970   686
UAllS05 1820   707   687   572   667   725   677   953   863  1328   616
UAllS05 1830   709   626  1153  1703  1127  1269   868   848   810   618
UAllS05 1840   431   750   989  1174  1200  1093  1151   833   814   682
UAllS05 1850   753   847   849   790   780   634   692   727  1059   894
UAllS05 1860   964  1054   907   908   865   948   944   727  1001   768
UAllS05 1870  1226   911  1301  1184  1171  1279  1199   968   830   680
UAllS05 1880   760   625   616   642   765   968   629   720   808   814
UAllS05 1890   859   981  1005  1171  1069   851   601   604   661   646
UAllS05 1900   651   850   651   654   819   693   523   679   673   540
UAllS05 1910   617   711   446   605   806   739   693   517   676   540
UAllS05 1920   338   620   633   743   801   939   924  1069   753   709
UAllS05 1930   942   931   815  1324  1411  1301  1334  1080  1123   913
UAllS05 1940   771   692   418   608   587   806   811   657   478   561
UAllS05 1950   595   539   349   740   826   614   434   296   265   466
UAllS05 1960   360   286   360   286   582   804   741  1013   742   701
UAllS05 1970  1179  1731  1737  1366  1258  2002  1993  1217  1006  1102
UAllS05 1980   797   542   913  1017   573   515   726   913   757   956
UAllS05 1990   902   797   588   318   224   340   620   428   245   212
UAllS05 2000   382   299   302   479   481   193   235   425   214   331
UAllS05 2010   415   310   226 -9999
UAll07A 1878  2005  1137
UAll07A 1880  2128  1832  1649  1528  1369  1208  1726  1909  1926  2187
UAll07A 1890  2126  1722  1915  2329  2005  1557  1878  1803  2235  2079
UAll07A 1900  2165  2540  1971  1932  2042  1890  1737 -9999
ALD01A  1860  1861  1513  1765  1175  1124  1227  1384  1144  1777  1580
ALD01A  1870  1932  1547  2272  3022  2906  2894  1197  1968  2135  2022
ALD01A  1880  2520  1714  1892  2048  1219   650  1022  1021  1875  2072
ALD01A  1890  2552  2226  2760  2253  1799  3150  3009  2938  2363  3048
ALD01A  1900  3110  2345  2022  2080  2639  2049  2288  2115  1894  2290
ALD01A  1910  2741  1775  2105  2480  1987  2190  2227  2387  2685  2478
ALD01A  1920  1685  1909  1611  1158  1183  1465  1456  1644  1629  2055
ALD01A  1930  1789  1789  1990  1935  1499  1916  1851  1627  2637  2141
ALD01A  1940  1382  1381  1252  1065  1112  1808  1872  1532  1162  1464
ALD01A  1950  1655  1309  1038  1047  1442  1165   940   887  1281  1645
ALD01A  1960  1944  1439  1777  1396  1673  1503  1576  1892  1445  1187
ALD01A  1970  1176  1410  1815  1815  1250  1216  1685  1502  1304   788
ALD01A  1980   711   480   698   573   220   424   602   726   865   962
ALD01A  1990  1351  1643  1205   671   573   930  1009  1295   632   753
ALD01A  2000  1155  1178  1024  1124   905   640   935  1035  1189  1500
ALD01A  2010 -9999
ALD01B  1856  1410  1313  1652  1445
ALD01B  1860  1393  1166  1744  1567  1128  1245  1828  1998  2062  1647
ALD01B  1870  2091  2490  3256  3658  3913  4035  3223  3844  4119  3553
ALD01B  1880  5057  3223  3872  3759  1784  1357  1605  1732  2041  1993
ALD01B  1890  2688  2414  2787  2133  2087  2355  3100  2625  2519  3482
ALD01B  1900  3820  2837  2478  3285  3211  3136  3285  3157  3230  3138
ALD01B  1910  4002  3634  3728  4534  3993  3606  2883  3237  2780  3461
ALD01B  1920  3314  3347  2777  2384  1939  2502  2783  2767  2449  3074
ALD01B  1930  4237  3437  3446  3492  2956  2794  3366  2642  3423  3338
ALD01B  1940  2154  2094  1757  2235  2837  2700  2625  1757  1525  1981
ALD01B  1950  2039  1763  2060  2338  2952  2794  1926  1927  2106  1852
ALD01B  1960  2074  1291  1863  1763  1628  1437  1298  1502  1073  1224
ALD01B  1970  1496  1566  1580  1479  1058  1188  1576  1055  1138  1061
ALD01B  1980  1073   829  1094  1081   385   331   513   598   674   725
ALD01B  1990   996  1058   942   603   498   868   911   805   650   706
ALD01B  2000  1320  2239  2163  2171  1748  1016  1271  1282  1684  1990
ALD01B  2010 -9999
ALD02A  1911  1161  1147   517   538   246   427   243   313   353
ALD02A  1920   294   537   554  1072  2030  3079  3297  2707  1205  1316
ALD02A  1930  1201  2181  2082  2423  1363  1931   755   367   570   661
ALD02A  1940   534   620   404   593   748   776   668   780   289   545
ALD02A  1950   691   790   837   865  1040   660     0     0     0     0
ALD02A  1960     0    80    88    77   143    77    67   124   121    90
ALD02A  1970   168   406   542   673   254   298   498   312   277   751
ALD02A  1980   498   201   274   830   405   188   244   585   556   830
ALD02A  1990   818   877   586   817   633   435   331   643   599   580
ALD02A  2000   752  1060   937  1197  1860  1460  2198  1854  1110  2560
ALD02A  2010 -9999
ALD02B  1911  1206  1283   429   303   178   391   365   893  1456
ALD02B  1920  1314  1456  1359  1704  1436  1227  2233  2367  2075  2298
ALD02B  1930  1591  1330  1281  1487  1017  1874  1354  1416  3149  1663
ALD02B  1940  1563  1493  1449  1865  1683  1720  1272  1272   837   992
ALD02B  1950   992  1007  1229  1094  1269   868     0     0     0     0
ALD02B  1960     0    85   118   179   191   169   148   307   191   180
ALD02B  1970   159   328   498   498   466   816  1248   974  1408   946
ALD02B  1980   371   254   212   487   297   169   201   234   286   340
ALD02B  1990   425   296   243   287   169   191   180   445   370   402
ALD02B  2000   503   467   776   827   584   447   625   563   331   925
ALD02B  2010 -9999
ALD03B  1905   605  1193  1013   993  1150
ALD03B  1910  1371  1048  1034   908   706   658   737   660   690   856
ALD03B  1920  1071  1312  1158  1110   787   628  1184  1301  1069  1322
ALD03B  1930  1001   899   671   637   602  1216   648   838  1178   686
ALD03B  1940   564   544   607   659   646   542   557   543   589   761
ALD03B  1950   737   586   546   546   854   800   776   465   489   777
ALD03B  1960  1054  1286  1524  1094  1014  1034   914   766   483   498
ALD03B  1970   633   683   789   566   493   791   758  1076   925  1053
ALD03B  1980   848   656   533   900   436   640   709   640   462   839
ALD03B  1990  1493  1342   606   676   452   486   754   787   517   765
ALD03B  2000  1036  1062   584   518   765   860   936   989   753   667
ALD03B  2010 -9999
ALD05A  1726   956  1431   987   942
ALD05A  1730   842   583   766   708  1225   841   719   808   666   600
ALD05A  1740   382   705  1093   696   479   359   607   690   691   443
ALD05A  1750   443   653   586   631   561   523   495   638   632   553
ALD05A  1760   617   481   542   587   325   470   341   365   323   324
ALD05A  1770   248   285   210   172   233   337   316   181   247   292
ALD05A  1780   188   233   127   180   225   194   225   165   188   256
ALD05A  1790   270   240   195   180     0     0     0     0   143   120
ALD05A  1800   254   136   232   180   209   135   194   203   150   173
ALD05A  1810   149   165   150   128    67     0    82    83    60   105
ALD05A  1820   115    82    76    38    61    68    91   112   145   142
ALD05A  1830   142   188   135   142   120   233   115   190   165    86
ALD05A  1840   119   189   171   162   114   161   152   212   150   185
ALD05A  1850   206   185   227   151   190   161   133   138   161   157
ALD05A  1860   180   132   133   114   153   109   127   106     0    83
ALD05A  1870   144   127   162   150    77   115   113    89    83    75
ALD05A  1880    97    68    76    68    77    99    61    53   115    77
ALD05A  1890    75   106    68    47    30    83   114   129   113   113
ALD05A  1900   120   204    80   147   136   122    99    99   191   138
ALD05A  1910   159   138   194   162   138   142   223   114   208   247
ALD05A  1920   237   265   128   124   147   189   133   165    71   180
ALD05A  1930   180   212   180   157   204   355   232   346   407   356
ALD05A  1940   361   427   308   386   341   308   312   445   331   275
ALD05A  1950   246   213   222   261   222   204   256   261   341   322
ALD05A  1960   341   199   250   407   423   375   338   476   391   309
ALD05A  1970   733  1162   939   696   394   521   332   470   627   480
ALD05A  1980   456   456   462   531   298   423   329   389   352   332
ALD05A  1990   470   382   311   335   298   277   399   473   311   402
ALD05A  2000   435   434   265   285   392   371   462   559   482   411
ALD05A  2010 -9999
ALD07A  1784   723   447   485   409   556   951
ALD07A  1790  1021  1009   687   763   913   632   501   308   648   579
ALD07A  1800   644   451   494   440   517   652   517   580   806   506
ALD07A  1810   463   455   647   602   428   475   399   244   211   275
ALD07A  1820   288   221   301   215   203   285   419   495   557   676
ALD07A  1830   700   639   595   784   916  1063   989   773   633   338
ALD07A  1840   161   191   295   399   385   523   861   673   603   474
ALD07A  1850   639   430   570   507   506   265   134   221   318   268
ALD07A  1860   341   357   223   241   239   228   382   314   342   281
ALD07A  1870   549   443   458   526   502   275   369   306   421   275
ALD07A  1880   497   289   597   451   631   436   360   546   657   521
ALD07A  1890   488   379   379   554   346   468   777   844   814   924
ALD07A  1900   719   616   556   733   894   506   575   506   342   378
ALD07A  1910   474   513   388   679   639   566   522   552   412   509
ALD07A  1920   388   633   636   501   526   706   569   513   386   482
ALD07A  1930   430   371   548   753   731   722   592   484  1075  1148
ALD07A  1940   619   458   386   472   610   430   375   439   461   621
ALD07A  1950   847   416   611   498   810   629   546   707   633   611
ALD07A  1960   723   445   666   431   471   409   451   590   324   342
ALD07A  1970   439   695   674   459   387   486   614   452   401   355
ALD07A  1980   602   436   821   845   405   256   407   566   396   418
ALD07A  1990   981  1121   815   656   601   536   523   321   281   650
ALD07A  2000   914   896   698   884   810   401   523   513   259   365
ALD07A  2010 -9999
ALD07B  1807   626   525   593
ALD07B  1810   571   512   700   620   478   632   355   341    72   108
ALD07B  1820    95   108   106    96    98   137   215   223   358   429
ALD07B  1830   429   498   820   840   851   976   942   829   593   376
ALD07B  1840   493   385   560   623   843   791   941   868   847   713
ALD07B  1850   716   823   693   707   758   583   465   604   670   476
ALD07B  1860   519   390   323   388   314   412   454   339   491   396
ALD07B  1870   480   426   470   480   385   416   383   364   341   318
ALD07B  1880   624   310   574   593   565   404   466   571   550   424
ALD07B  1890   561   455   603   530   413   424   614   635   582   827
ALD07B  1900   731   698   487   624   616   372   489   478   350   371
ALD07B  1910   333   396   415   414   560   416   502   555   639   439
ALD07B  1920   372   503   468   588   597   685   682   470   341   450
ALD07B  1930   352   299   502   754   686   861   756   593  1110  1155
ALD07B  1940   678   692   517  1096   737   644   610   793   902  1235
ALD07B  1950  1139   695   690   631   629   649   758   884   427   405
ALD07B  1960   522   256   404   470   618   660   592   895   477   382
ALD07B  1970   497   923   922   688   350   469   571   485   344   379
ALD07B  1980   409   517   776   877   448   343   332   365   382   649
ALD07B  1990   826   848   794   679   678   636   508   414   287   678
ALD07B  2000  1059   816   829  1421  1093  1252  1400  1125  1125   977
ALD07B  2010 -9999
ALD08C  1789  1461
ALD08C  1790  1028  1870  1882  1764  1875  1154  1005  1389  1506  1522
ALD08C  1800  1474  1085  1191  1442  1947  1641  1432  1480  1529  1400
ALD08C  1810  1533  1542  2173  1847  1913  1715  1617  1197  1159  1700
ALD08C  1820     0     0  1355  1415  2102  1576  1633  1125  1294  1177
ALD08C  1830   921  1228  1524  1154  1513  1725  1313  1199  1155   559
ALD08C  1840   599   957  1289   786  1194  1254  1683  1862  2075  1545
ALD08C  1850  1661  1736  1058   995  2265  2148  1397  1368  1834  1335
ALD08C  1860  1102   849   414   520   510   414   647   902  1136   806
ALD08C  1870  1476  1485  1717  1754  1449  1912  1465  1218   855   490
ALD08C  1880   675   459  1001  1370  1108   868     0   652   747   512
ALD08C  1890   616   757   676   489   226   334   432   519   809  1263
ALD08C  1900  1569  1613  1439  1679  1653  1033   510   803   632   958
ALD08C  1910   981   818   885  1111   857   654   366   391  1014  1293
ALD08C  1920  1346  1495   445   704   459   720  1127 -9999
ALD10A  1760   151   165   208   162   111   139    74    97    88   158
ALD10A  1770   225   148   108    81   193    96   129    76    96   108
ALD10A  1780   159   214    67    66    75   142   215   129   232   327
ALD10A  1790   386   325   338   325   650   345   195     0    43    86
ALD10A  1800    77    81   129   259   332   611   631   366   149   127
ALD10A  1810   226   268   299   301   375   590   388   358   180   767
ALD10A  1820   893   860   827   644  1058   831   996  1216  1379  1281
ALD10A  1830  1173  1402   791  1155  1055   939   776  1088   783   561
ALD10A  1840   703   884   804   957   860   934  1189  1130  1181   591
ALD10A  1850   860   579   688   420   687   343   342   493   594   470
ALD10A  1860   489   451   504   691   564   543   626   628   616   339
ALD10A  1870   788   595   851   733   840   765   571   540   519   264
ALD10A  1880   699   350   544   434   341   326   206   262   262   295
ALD10A  1890   379   373   377   395   149   268   321   483   450   635
ALD10A  1900   805   721   391   446   636   638   349   298   372   476
ALD10A  1910   530   668   689   647   688   562   508   385   490   544
ALD10A  1920   404   682   522   331   192   266   472   393   151   329
ALD10A  1930   436   494   778   948   741   851   672   765  1220  1263
ALD10A  1940   778  1112   853  1090   931  1006   648   985   580  1032
ALD10A  1950   855   858   593   573   791  1098   552   498   561  1007
ALD10A  1960   583   712   629   702   616   704   749   596   303   447
ALD10A  1970   530   632   608   691   326   616   680   640   609   413
ALD10A  1980   457   251   365   668   409   399   537   324   442   463
ALD10A  1990   409   521   357   104   119   170   411   334   191   170
ALD10A  2000   369   412   313   421   478   334   532   477   354   311
ALD10A  2010 -9999
ALD10B  1710   256   361   418   311   320   252   203   153   120   188
ALD10B  1720   180   360   188   256   346   234   204   227   227   338
ALD10B  1730   339   270   355   361   460   461   403   508   305   434
ALD10B  1740   218   267   233   243   259   214   128   229   177   182
ALD10B  1750   129   308   373   404   570   502   517   206   334   364
ALD10B  1760   361   533   510   511   413   413   157   203   428   405
ALD10B  1770   309    90   136   225   278   248   466   390   458   579
ALD10B  1780   481   554   165   164    76   150   202    76    98   135
ALD10B  1790   270   188   143   254   324   299   175   229   292   329
ALD10B  1800   277   134   150   206   561   674   714   656   308   265
ALD10B  1810   332   377   559   542   549   737   556   441   209   555
ALD10B  1820   811  1034   750   395   545   322   313   605   582   781
ALD10B  1830   611  1057   933   952 -9999
ALD12A  1760   228   182   489  1311  1550  1078  1592  1897   802   811
ALD12A  1770   651   606   364   532   705  1683  1570   701   554   668
ALD12A  1780   818  1172  1429   872   673   446   708   475   428   507
ALD12A  1790   716   767   709   685   691   725   478   235   309   509
ALD12A  1800   573   530   318   382   605   594   604   531   688   636
ALD12A  1810   552   699   413   393   148   404   489     0   296   556
ALD12A  1820   555   320   333   288   334   168   554   414   282   763
ALD12A  1830   649   839   984   704   886   832   711   826   687   151
ALD12A  1840   185   336   573   609   799   663   704   822  1102  1230
ALD12A  1850  1161  1418  1542  1441  1900  1183   691   837  1363  1069
ALD12A  1860   851   783   914   967   698   821   935   799  1009   894
ALD12A  1870  1086  1141  1198   981  1012   836   790   490   543   297
ALD12A  1880  1056   757   892   605   762   685   614  1122  1200  1025
ALD12A  1890   904   836  1024   605     0   578   743  1034  1265  1064
ALD12A  1900   978   866   814   904   947   638   880   760   614   416
ALD12A  1910   578   614   621   800   978   874   823   665   881   863
ALD12A  1920   685   966   727   763   670   704   655   858   523   580
ALD12A  1930   782   771   815  1100   778   588   579   626   800   548
ALD12A  1940   319   201    96   212   139   212    74   690   498   415
ALD12A  1950   552   884   587   794   795   815   350   457   477   467
ALD12A  1960   825   307   402   286   264   288   222   235   339   532
ALD12A  1970 -9999
ALD13A  1731  2075  2040  2410  2736  1048  1270  1905  2032  1164
ALD13A  1740   603   984  1214  1493  1767  1489  1587  2075  1820  1693
ALD13A  1750  1627  1540  1199  1200  1274  1507   691   649   840  1158
ALD13A  1760  1422   889   882  1052   937   513   869  1235   922   881
ALD13A  1770   631   631   575   478   370   456   620   628   688   806
ALD13A  1780   817   927   667   682   497   623   750   542   728   814
ALD13A  1790   760   623   737   648   802   825   574   574   631   987
ALD13A  1800  1048   981   783   827   991   784   649   694   479   382
ALD13A  1810   401   573   519   244   650   954   760   314   435   901
ALD13A  1820   876   664   766   630   760   687   770  1071   803   974
ALD13A  1830   629   919   801  1051  1127   596   517   506   389    97
ALD13A  1840     0   188   226   162   228   370   621   752  1035   891
ALD13A  1850   967   902  1523  1086   968   880   671   998  1137  1084
ALD13A  1860  1040   878   845   717   697   773   588   739   659   439
ALD13A  1870   696   650   760   636   742   786   699   531   541   231
ALD13A  1880   593   328   370   276   296   213   338   508   424   465
ALD13A  1890   498   624   667   645   392   360   329   508   551   501
ALD13A  1900   766   532   478   436   362   309   371   288   350   364
ALD13A  1910   521   721   689   763   665   822   760   663   752   790
ALD13A  1920   544   755   658   457   339   360   370   413   254   393
ALD13A  1930   445   381   381   582   604   645   572   582   539   689
ALD13A  1940   608   510   427   634   572   275   222   688   298   412
ALD13A  1950   456   433   414   536   548   741   657   453   429   463
ALD13A  1960   687   430   398   603   499   330   414   309   202   265
ALD13A  1970   340   201   211   254   298   308   298   435   378   308
ALD13A  1980   234   181   137   298   191   169   160   223   214   276
ALD13A  1990   169   180   138     0   116   224   169   180    97   150
ALD13A  2000   116   254   180   307   329   286   487   478   571   572
ALD13A  2010 -9999
ALD13B  1785   720  1144  1024  1741  2213
ALD13B  1790  1317  1001   976   840   811  1059   869   551   711  1145
ALD13B  1800  1378  1530  1198  1451  1442  1284   989   943   612   711
ALD13B  1810   655   692   741   655   802  1063   818   513   208   526
ALD13B  1820   786   546   440   459   490   406   623  1093   892  1388
ALD13B  1830   793   933  1286  1321  1169   847   164   160     0     0
ALD13B  1840     0   129   195   268   352   634   859  1142  1394   808
ALD13B  1850   806   922  1423  1196  1293  1142  1038  1386  1584  1415
ALD13B  1860  1396   970   927   937   793   663  1125   934   921  1125
ALD13B  1870  1430  1168  1637  1443  1685  1808  1732  1322  1267   589
ALD13B  1880  1604   965   851   984  1121   619   901   931  1151   954
ALD13B  1890  1390  1071  1175  1239  1054   573   776  1142  1658  1406
ALD13B  1900  1789  1550  1348  1375  1517  1127   796   804   834  1073
ALD13B  1910   971  1182  1132  1229  1518  1491  1591  1375  1599  1534
ALD13B  1920  1168  1746  1270  1001   703   817   706   961   781   942
ALD13B  1930  1304  1239  1077  1489  1299  1968  1113   987  1481  1450
ALD13B  1940   826  1040   952   773   646   497   328   635   730  1355
ALD13B  1950   825   889   847   677   604   594   625   381   307   277
ALD13B  1960   509   308   244   297   223     0     0   159   137   127
ALD13B  1970   137   106   169   276   106   244   222   275   307   233
ALD13B  1980   137   170   233   306   159   170   158   149   211   382
ALD13B  1990   339   370   298     0   391   361   436   360   213   298
ALD13B  2000   297   554   328   457   702   286   467   424   414   468
ALD13B  2010 -9999
ALD16A  1745  1423  1149  1174  1595  1178
ALD16A  1750     0     0     0     0  1008   864   743   810  1140  1632
ALD16A  1760  1520  1108  1355  1313   868   777   948   943   994   365
ALD16A  1770   521   517   459   388   516   696   596   459   573   559
ALD16A  1780   487   848     0  1005   904  1227  1165  1089  1136  1151
ALD16A  1790   807   985   800   824  1014  1110   702   811   660   482
ALD16A  1800   780   669   669   803  1148  1113   657   961   786   658
ALD16A  1810   904   890   876   819   715   611   516   776   966  1136
ALD16A  1820  1228  1111  1190   793   849  1050  1399   918  1205  1165
ALD16A  1830   984  1308   948   837  1361  1749  1227  1236  1119   816
ALD16A  1840   779   582   825  1891  1775  1666  1358  1615  1462  1413
ALD16A  1850  1757  1489  1480  1214  1635  1487  1285  1210  1748  1617
ALD16A  1860  1471  1560  1242  1173  1424  1022  1277  1244  1448  1373
ALD16A  1870  1628  1593  1131   844  1259  1036   534   672   897   534
ALD16A  1880   916   729  1096   801   858  1022  1216  1030  1239  1045
ALD16A  1890  1562   998   984  1190   685   449   665   739   868   890
ALD16A  1900   963   921   749  1082  1460   942   964   837   753   678
ALD16A  1910   635   837   774   837   890   837   932   847   649   909
ALD16A  1920   995  1165  1092   814   919   707   938  1003   534   693
ALD16A  1930   775   670   641   924   602   676   505   612   957   650
ALD16A  1940   561   424   403   519   520   773   477   625   574   765
ALD16A  1950   501   549   430   342   355   501   447   483   531   801
ALD16A  1960   898   500   638   531   670   586   468   680   565   692
ALD16A  1970   710   783   601   665   548   598   855   767   714   603
ALD16A  1980   530   528   334   527   313   444   451   567   627   440
ALD16A  1990   811   706   641   529   545   655   528   766   655   507
ALD16A  2000   475   388   365   389   423   300   347   393   411   278
ALD16A  2010 -9999
ALD17B  1683  2033  1681  1243  2104  1415   684   511
ALD17B  1690   797   729   583   713   637   613   852   976   630   744
ALD17B  1700   701   715   621   810   874   826   859   554   721   653
ALD17B  1710   393   470   515   546   498   469   371   529   577   277
ALD17B  1720   402   658   592   713   601   577   590   632   523   879
ALD17B  1730   621   590   484  1002   903   756   755   989  1117   947
ALD17B  1740  1388     0   758   294   320   408   308   292   256   460
ALD17B  1750   245   256   320   321   375   453   436   463   512   342
ALD17B  1760   895  1099  1181   608   598   670   556   628   491   310
ALD17B  1770   374   333   301   418   537   386   386   610   633   623
ALD17B  1780  1459  1014   386   434   392   397   374   385   440   787
ALD17B  1790   385   819   850   660  1138   948   352   415   425   396
ALD17B  1800   286   191   170   161   311   329   338   425   296   276
ALD17B  1810   169   245   277   382   350   341   234   383   296   710
ALD17B  1820   530   413   262   213   181   235   148   235   244   172
ALD17B  1830   190   319   320   243   373   646   307   370   318   148
ALD17B  1840    63   159   162   116   140   159   265   201   170   264
ALD17B  1850   201    85   159   180   254   181     0   170   180   150
ALD17B  1860   255   278   265   318   223   148   233   285   350   275
ALD17B  1870   413   275   286   349   382   244   222   291   204   289
ALD17B  1880   245   159   320   129   213   170   150   309   353   266
ALD17B  1890   212   255   235   298   193   137   213   268   204   245
ALD17B  1900   453   337   219   231   358   248   114   241   225   258
ALD17B  1910   254   248   234   255   257   258   277   128   128   134
ALD17B  1920   165   311   311   265   312   247   244   298   138   170
ALD17B  1930   119   255   246   299   265   233   138   275   261   242
ALD17B  1940   285   227   223   233   209   227   261   356   294   355
ALD17B  1950   521   212   227   265   199   220   218   184   224   209
ALD17B  1960   205    72   104   199   171   176   209   180   130   162
ALD17B  1970   203   174   235   235   167   165   273   174   182   248
ALD17B  1980    99   159   157   202    98   106   223   197   176   168
ALD17B  1990   252   318   165    98    76    91   109   159   105     0
ALD17B  2000    98   153   153   156   119   144   262   233   188   240
ALD17B  2010 -9999
ALD18A  1746  1428  1469  1212  1127
ALD18A  1750   798   992   814  1043   989   934   800   634   898   863
ALD18A  1760   849   707  1162   734   810  1008   689   919   863   742
ALD18A  1770  1071   743   617   757   892   749   840  1150   885   865
ALD18A  1780  1649  1336   824   897   773   855   940   800  1067   948
ALD18A  1790   945   593   719   975   667   900   942   707   729   762
ALD18A  1800   981   411   596   852  1132  1098  1369  1298  1013   801
ALD18A  1810   525   602   510   731   674   743   606   649   452   647
ALD18A  1820   542   688   897   788   760  1005   902   851   695   567
ALD18A  1830   654   972   849   760   948  1364   715  1107  1010   643
ALD18A  1840   480   487   516   663   590   670   784   841   737   489
ALD18A  1850  1026   715   763   554   649   947   616   748   810   505
ALD18A  1860   708   597   321   578   714   519   589   418   671   655
ALD18A  1870   914   621   457   557   641   470   424   370   470   331
ALD18A  1880   498   272   331   376   408   446   277   312   365   311
ALD18A  1890   429   475   422   653   509   542   817   961  1151   796
ALD18A  1900   718   741   526   588   785   544   482   582   413   546
ALD18A  1910   588   734   780  1033   862   672   923   621   608   663
ALD18A  1920   627   788   889   835   959   886   881  1114   532   722
ALD18A  1930   616  1040  1264  1561   756   772   487   635  1101   698
ALD18A  1940   752   645   593   656   805   822   818  1212  1061   943
ALD18A  1950   925   574   414   532   510   573   595   605   765   829
ALD18A  1960   679   361   590   729   724   633   407   546   482   462
ALD18A  1970   461   396   547   502   420   524   407   468   540   550
ALD18A  1980   352   455   411   436   396   473   334   602   429   410
ALD18A  1990   367   765   375   334   345   409   322   398   323   503
ALD18A  2000   416   460   447   559   524   524   560   644   535   580
ALD18A  2010 -9999
ALD20   1793   270   427   294   318   550   270   389
ALD20   1800   232   233   165   244   226   220   209   447   385   624
ALD20   1810   475   397   484   232   135   316   370   383   578   824
ALD20   1820   720   712   856   408   602   432   481   637   445   572
ALD20   1830   313   341   303   549   554   525   451   532   461   312
ALD20   1840   275   346   370   261   379   451   403   346   338   209
ALD20   1850   128   128   142   124   104    78    71   104   114    80
ALD20   1860    91   104    80   104   134   148   200   285   391   328
ALD20   1870   425   522   506   332   293   185   138   115   119   147
ALD20   1880   133    67    80   154   194   109   251    61   138   147
ALD20   1890   104   109   123    62    57   100    99   242   218   280
ALD20   1900   359   100   180   250   229   218    99    70    54    77
ALD20   1910   111   114   124   225   204   178   140    54    57   151
ALD20   1920    67   128   175    91    64   121   143   209    66    67
ALD20   1930   157   181   191   265   255   190    88   161   181   134
ALD20   1940    54    64    54    53   100   164    87   198   120   134
ALD20   1950   208   262   275   265   174   138   100   119   134   118
ALD20   1960   225   268   241   227   235   458   301   359   200   235
ALD20   1970   181   385   449   309   177   164   308   208   106   145
ALD20   1980    66    67   123   111 -9999
ALD22   1908   916   870
ALD22   1910   929  1059   983   893   889   952  1019   837   943   834
ALD22   1920   911   743   478   276   493   686  1121  1309   843   887
ALD22   1930   964  1265  1101  1167   532   724   540   812  1926  1785
ALD22   1940  1125   942   812  1171   928  1313  1185  1365   783  1768
ALD22   1950  2065  1407  1376  1408  1747  1915  1006  1206  1188 -9999
ALD23   1955  2291   906  1543  1534  2682
ALD23   1960  2109  2033  1748  1386  1580  1730  2403  2727  1266   877
ALD23   1970   931   877   800   864   699  1209  1312  1319  1086  1302
ALD23   1980  1261  1129  1010  1268   619   383   596  1075   848  1328
ALD23   1990  2014  1675  1060   922   647   519   605   880   784  1304
ALD23   2000  1538  1643  1558  1707  1336  1156  1579  1601  1707  2014
ALD23   2010  1939  2216  1589 -9999
ALD24   1882  1517  1125   894   745   661   631   666   644
ALD24   1890   994  1083  1443  1130  1092   758   567   811   802   673
ALD24   1900   777   769   920   911   849   456   773   488   370   470
ALD24   1910   793   708   508   438   826   707   955   729   661   766
ALD24   1920   432   476   552   522   584   813  1246  1420  1288  1614
ALD24   1930  1255  1311  1080  1151   628  1275   566   736  1612  1626
ALD24   1940  1393  1258  1207  1437  1266  1570  1421  1880  1619  1880
ALD24   1950  1435  1491  1242 -9999
ALD25   1805   531   559   771   786   673
ALD25   1810   629   602   840   629   472   448   388   227   101   146
ALD25   1820    78    94   178    80   110   134   255   228   338   391
ALD25   1830   435   510   582   748   725   943   952   933   876   551
ALD25   1840   611   459   531   710   929   848   781   820   912   546
ALD25   1850   650   697   704   607   898   593   536   744   583   543
ALD25   1860   586   398   379   365   308   368   452   452   378   341
ALD25   1870   432   432   354   423   374   432   375   328   315   368
ALD25   1880   519   334   432   542   452   401   334   519   519   390
ALD25   1890   463   455   497   595   367   412   603   638   621   857
ALD25   1900   837   653   526   623   674   410   492   451   353   301
ALD25   1910   387   439   354   386   450   407   420   504   558   386
ALD25   1920   396   505   418   547   601   700   693   491   298   416
ALD25   1930   362   342   501   704   714   970   672   608  1173  1226
ALD25   1940   628   523   458   843   864   639   587   704   854  1086
ALD25   1950  1068   628   693   618   682   714   704  1026   539   404
ALD25   1960   416   223   383   480   649   609   489   746   523   341
ALD25   1970   448   799   862   544   372   523   554   544   414   300
ALD25   1980   383   425   587   821   320   235   244   426   309   650
ALD25   1990   848   818   681   616   701   584   414   276   234   627
ALD25   2000  1031   882  1009  1519  1487   968  1176  1107   874   916
ALD25   2010   657   778   745 -9999
ALD26   1889   798
ALD26   1890  1165  1059  1227  1162  1175  1171  1324  1362  1013  1268
ALD26   1900  1155  1581  1699  1525  1525   900  1109  1486  1818  1394
ALD26   1910  1255  1143  1092  1013  1349  1403  1198  1025  1124   830
ALD26   1920   961   748   866  1110  1484  1559  1815  1475  1389  1838
ALD26   1930  1784  1976  2024  2749  1872  2044  1596  2142  2537  2150
ALD26   1940  2563  2209  2408  2179  1644  1808  1632  1941  1589  1631
ALD26   1950  1728  1300  1233  1076  1243  1235   847   892   978  1460
ALD26   1960  2094  1902  2194  2078  2191  2529  2180  2034  1536  1282
ALD26   1970  1853  1959  2117  1811  1303  1567  1419  1441  1302  1949
ALD26   1980  1345  1567  1377  1567   900   688  1397  1174  1144  1471
ALD26   1990  1629  1715  1460  1514  1196  1439  1295  1552  1306  1807
ALD26   2000  1796  2114  1743  1816  1796  1403  1373  1469  1411  1510
ALD26   2010  1702  1669  1293 -9999
ALD27   1875  1587  1271  1474   127   551
ALD27   1880   833   561  2709  2080  2337  1991  1114   805   597   350
ALD27   1890   351   120   150   269   188   331   452   399   298   439
ALD27   1900   449   402   325   364   603   391   498   492   345   392
ALD27   1910   522   703   957   963   948  1028  1022   918   717   592
ALD27   1920   640   871   649   691   571   789  1370  1164  1320  1461
ALD27   1930  1556   741   894  1143   981  1018   721   546   783   677
ALD27   1940   450   428   420   547   530   362   386   366   237   239
ALD27   1950   213   309   523  1026  1843  2011  1100  1059  1185  1323
ALD27   1960  1507  1098  1679  1539  1964  2010  1992  1503  1159   660
ALD27   1970   974   975   781   782   515   844   899   621   577   987
ALD27   1980   920   717   825   803   374   586   879  1314  1262  1536
ALD27   1990  1706  1389   571   509   435   349   372   446   246   574
ALD27   2000  1386  2418  1971  1237   596   405   544   350   395   480
ALD27   2010   277   213   341 -9999
ALD28   1927  1090   594   693
ALD28   1930   898   839   840   824   832  1505  1043  1539  1393  1552
ALD28   1940  1463  1364  1656  1783  1752  1521  1551   796   953  1414
ALD28   1950  1819  1454   942   630  1780  1397  1061   646   550   916
ALD28   1960   967   574   812  1033  1464  1410  1195  1034   664   631
ALD28   1970   778   574   682   806   813  1169  1231  1017   744   791
ALD28   1980   716   284   290   692   483   508   739   891  1001  1038
ALD28   1990  1343  1226  1268   817   627  1036   912   922  1122  1680
ALD28   2000  1912  2556  2365  1739  1572 -9999
ALD29   1885   977   787   867   978   944
ALD29   1890   971  1139   981  1273   781  1047  1045   880   880   938
ALD29   1900  1011   988   751   969   961  1079  1761  1110   809  1005
ALD29   1910  1165   832   765   982   943   995  1183   832   726   980
ALD29   1920  1120   404   369   393   331   523   628  1024  1120  1035
ALD29   1930  1226  1366  1744  1622  1024  1440   897   735  1057   980
ALD29   1940   758   810   726  1129   918   928  1045  1341   865  1547
ALD29   1950  1785  2032  2034  2276  2492  2023  1686  1643   925   971
ALD29   1960  1437  1125  1566  1169  1513  1663  1634  1058   753   663
ALD29   1970   975  1380  1603  1503  1189  1225  1087  1021  1001  1173
ALD29   1980   862   746   788  1086   480   554   852   948   766   991
ALD29   1990  1388   977   756   789   543   490   575   713   501   660
ALD29   2000   926   735   992  1106   810   671   555   511   489   688
ALD29   2010 -9999
ALD30A  1831  1573  1338  1370  1572  1201  1284  1264  1091   804
ALD30A  1840   567   611   513   663   822   991  1080  1227  1556  1037
ALD30A  1850  1207   973  1366  1248  1080   921   836   963  1556  1524
ALD30A  1860  1016   952   857   889  1016  1270  1122  1058  1472  1566
ALD30A  1870  2328  1694  1619  1492  1323  1291  1154   934   953   804
ALD30A  1880  1312  1175  1482  1365  1439   942  1260  1195  1038  1185
ALD30A  1890  1175  1005  1027   762   582   772   858  1174  1165  1566
ALD30A  1900  1725  1333  1016  1429  1344  1175  1450  1291  1238  1186
ALD30A  1910  1238  1249  1577  1697  1503  1831  1587  1365  1228  1101
ALD30A  1920   889  1196   889   804   635   656   783   921   402   530
ALD30A  1930   836   719  1006  1555  1440  1788  1694  1111  1556  1005
ALD30A  1940   995  1058   445   237   310   455   391   434   328   519
ALD30A  1950   698   699   529   444   593   519   423   445   317   413
ALD30A  1960   455   402   434   349   265   328   413   317   265   349
ALD30A  1970   423   678   963   751   561   857   912   879   804   730
ALD30A  1980   720   519   539   572   349   455   445   444   582   900
ALD30A  1990  1058  1016   900   868   815  1132  1048  1206  1080  1323
ALD30A  2000  1418  1439  1768  1883  1080   995  1174  1165   878  1164
ALD30A  2010  1313  1069   899 -9999
ALD30b  1695  1515  1235  1168  1103   830
ALD30b  1700   760  1302  1515  2495  1979  2089  2025  2012  1070  1530
ALD30b  1710  1330  1188  1340  1004  1004  1012   744   701   705   905
ALD30b  1720  1022  1157   823  1088  1523  1111  1109  1010   998  1229
ALD30b  1730  1171  1128  1092  1242  1078  1105  1122   932  1066   540
ALD30b  1740   942   602   998  1093  1506  1552  1804  1415  1165   814
ALD30b  1750   724   673   624   781   700   686   670   663   899  1123
ALD30b  1760   899   961   814   616   416   668  1186  1289  1055   772
ALD30b  1770   543   884  1039   866  1047  1352  1388  1269  1421   868
ALD30b  1780   309   991   493   645   616   883   644   664   920  1119
ALD30b  1790   900   737   625   733   823   927   646   767   936   978
ALD30b  1800  1225   888   855  1039   908   819   594   854   742   794
ALD30b  1810  1096   918   863  1041   830  1185  1165   715   638  1306
ALD30b  1820  1141  1183  1151   911   722   748   963  1171  1027  1051
ALD30b  1830  1165 -9999
ALD31   1932  1523  1571  1311  1719   576   992  1798  1278
ALD31   1940   794  1328  1085  1491  1086   738   953  1744   866  1779
ALD31   1950  1295   926   690   790   637  1714   867   842   904  1551
ALD31   1960  1465  1710  2165  2842  3063  3035  3792  3820  3461  4005
ALD31   1970  3473  2895  2547  2410  2269  2428  2598  2895  2159  1809
ALD31   1980  1323   963   932  1323  1132   878   646   857   879   931
ALD31   1990  1757  1704  1577  1047  1196  1546  2180  2042  1642  2689
ALD31   2000  1959  1927  1790  2043  1631  1398  1991  1694  1525  1715
ALD31   2010  1525  1653  1357 -9999
ALD32   1870  1819  1524  1895  1849  1473  1821  1746  1335   854  1128
ALD32   1880  1376   719  1195   853   659   885   685   703   579   463
ALD32   1890   679  1004  1142   454   636   657   470   519   740   794
ALD32   1900   942   445   571   656   540   476   667   762   466   539
ALD32   1910   678   762   889   635   444   593   677   667  1048  1026
ALD32   1920  1270   614   984   752   794  1164  1439  1746  1260   911
ALD32   1930   648   713   797  1244  1041  1509  1733  2041  2358  1358
ALD32   1940  1063  1137  1083  1104   751   533   413   640   388   625
ALD32   1950   596   642   860  1263   878   601   313   329   421   567
ALD32   1960   523  1335  2276  1397  1259   805   952   900   391   466
ALD32   1970   688   773  1026   794   381   317   361   414   418   825
ALD32   1980  1176  1271  1049  1271   508   465  1028   848   624   890
ALD32   1990  1737  1747  1185   949   544   223   332   437   458   427
ALD32   2000   437   320   223   779   811   586   971   895   917   852
ALD32   2010   715   811   833 -9999
ALD33   1897  1616  3390  2389
ALD33   1900  1587   903   894   746  1114   646   840   927   734   627
ALD33   1910   726   801   584   835  1191  1148  1191  1114  1309  1220
ALD33   1920  1014  1125  1126  1620  1576  1824  2068  2328  2015  1773
ALD33   1930  1576  1652  1747  1376  1344  1683  1334  1270  2498  1852
ALD33   1940  1185  1090  1175  1630  1375  1196  1821  1788  1683  2752
ALD33   1950  2201  1640  1630  1325   954   847   689   339   392   626
ALD33   1960   550   594  1006   933  1526  1483  1378  1982  1399  1049
ALD33   1970  1006  1495  2077  1960  1615  1392  1031   914  1040  1339
ALD33   1980  1360  1424  1912  1539 -9999
ALD34   1906   661   844   726   853
ALD34   1910   586  1370  1432  1241  1503  1738  1691  1204  1060  1046
ALD34   1920   967  1207   791   798   960   990   874  1150  1064  1073
ALD34   1930   934   796   766   797   745   777   510   682   825   600
ALD34   1940   537   450   556   686   557   440   555   409   160   259
ALD34   1950   332   312   301   323   472   580   468   372   434   439
ALD34   1960   492   314   616   459   530   562   611   429   219   294
ALD34   1970   352   449   590   549   394   371   241   352   405   657
ALD34   1980   765   614   483   513   254   252   372   436   341   547
ALD34   1990   449   730   720   389   398   357   489   442   402   633
ALD34   2000   709   723   756   657   244   171   434   389   399   434
ALD34   2010   500   535   534 -9999
ALD35   1792   307   431   597   511   226   282   326   402
ALD35   1800   368   219   249   455   783  1106  1161  1052   543   574
ALD35   1810   822   881   937   837   752  1011   753   423   588   837
ALD35   1820  1165  1143   729   562   679   531   755   734   647   914
ALD35   1830   606   872   690   935   701   840   871  1010   722   521
ALD35   1840   371   563   670   712   599   952  1207  1185   857   519
ALD35   1850   868   709  1174   890   762   635   550   857   752   645
ALD35   1860   572   529   571   646   614   825   741   721   816   943
ALD35   1870  1334   943  1440  1398  1262  1260  1326   960  1228   658
ALD35   1880  1440   837   805   943   721   731   530   583   763   774
ALD35   1890   710   763   795  1058   700   656  1017  1080  1282  1377
ALD35   1900  1440  1091   817   730  1101  1048   942   465   783   889
ALD35   1910   900  1027   931  1079   921   773   762   899   667   752
ALD35   1920   486   678   571   435   434   392   307   380   191   201
ALD35   1930   413   551   603   900   583   784   647   838   795   816
ALD35   1940   741   752   764   764   573   584   499   573   351   509
ALD35   1950   753   616   519   540   582   783   434   381   412   551
ALD35   1960   603   498   211   159   180   233   264   328   244   286
ALD35   1970   444   582   620   652   429   802   779   812   632   364
ALD35   1980   320   194   377   548   293   290   291   332   239   301
ALD35   1990   399   355   237   121   139   257   206   171   184   237
ALD35   2000   453   484   399   484   442   679   473   409   388   592
ALD35   2010   378   245 -9999
ALD37   1879  1109
ALD37   1880  1386  1215  1772  1147  1024   871   962   625  1090   622
ALD37   1890   667   787  1005   773   848   889  1514  1468   716   991
ALD37   1900  1062   826  1069   882  1385   973  1205  1212  1661  1514
ALD37   1910  1395  1326  1680  1325  1308  1473  1292  1015   944  1191
ALD37   1920   933  1175  1499  1875  1607  1551  1800  1951  1817  1755
ALD37   1930  1756  1604  1255  1158  1113  1309   809   849  1708  1490
ALD37   1940  1058   681   593   681   648   680   931   874  1156  1673
ALD37   1950  1631  1740  2128  1972  2367  1797  1369  1337  1184  1699
ALD37   1960  1809  1385  1798  1483  1406  1319  1627  1751   817   677
ALD37   1970   717  1483  1832  1483   934   714  1039  1140   821  1040
ALD37   1980   985   768   986   942   526   493   594   831   872  1320
ALD37   1990  2336  2379  1802  1374   852   675   922  1055  1102  1189
ALD37   2000  1360  1499  1135  1168   814   782  1038   868   665   609
ALD37   2010   675   878   889 -9999
ALD38   1913  2205  2084   563   982  1041   593   471
ALD38   1920   483   863   856   741   584   479   555   374   188   346
ALD38   1930   596   537   499   490   737   989   861   740   842   914
ALD38   1940   705   942   841  1370   900   771  1227   800  1249  1248
ALD38   1950  1530   947   465   381   662   956   587   457   443   717
ALD38   1960   722   459   570   781   822   965   945   591   385   570
ALD38   1970   627   744   857   676   781   919  1209  1166   855   909
ALD38   1980  1068   838  1042  1432   634   731   788  1070  1181  1804
ALD38   1990  2067  1972  1460   813   991  1426  2008  1633  1680  1499
ALD38   2000  1487  1579  1437  1475  1296   753  1446  1444  1110  1174
ALD38   2010  1541   992   905 -9999
ALD39   1869  1270
ALD39   1870  1639   977  1578  1372  1201  1441  1541  1508  1122  1020
ALD39   1880  1594   786   896   875   866  1075   907   904   928   748
ALD39   1890   956   914  1145   966   914   960  1038  1318  1095  1271
ALD39   1900  1383  1104  1427  1401   965   739  1068  1268   908   868
ALD39   1910  1305  1260  1207  1069  1012  1155  1097   994   889  1101
ALD39   1920  1270   868   846   890   614   720   720  1281   804   741
ALD39   1930   635  1027   975   687   752  1430  1206  1080  1620  1153
ALD39   1940   879  1016  1631  1990  1355   857   604   941   572  1069
ALD39   1950   656   540   592   911   867   530   444   709   805   846
ALD39   1960   741   720   561   359   572   370   498   540   486   318
ALD39   1970   497   730   720   688   730  1196  1027   836   921   889
ALD39   1980   751   680   572   763   497   540   498   868   625  1568
ALD39   1990  2235  1504  1070   964   689   582   763  1091  1028   816
ALD39   2000   763   476   487   539   848   837   964   837  1049   954
ALD39   2010   837   816   986 -9999
ALD40   1941  1346   876   827   397   353   937  1138   397   512
ALD40   1950   975  1131  1008  1033   923  1027   568   322   592  1303
ALD40   1960  1662  1737  1368  1463  1289   806   775   819   363   520
ALD40   1970   951  1480  1395  1574   763  1469  1469  1164   957  1629
ALD40   1980  1397  1232  1229  1658  1312  1199  1384  1847  1463  1315
ALD40   1990  2387  2160  1549  1163  1381  1029  1263  1383  1437  2308
ALD40   2000  2256  2223  2245  1906  1111  1620  1990  1652  1705  2509
ALD40   2010  1525  1749 -9999
ALD41   1677  1289   677   522
ALD41   1680  1136  1047  1645  1588  1141   832  1038  1268   828  1072
ALD41   1690   952   848   756   685  1262   973  1304   828   761   737
ALD41   1700   493   547   646   593   464   528   471   675   591   572
ALD41   1710   477   715   833   772   664   578   748   752   762   785
ALD41   1720   635   809  1093  1321  1295   837  1158  1537  1516  1417
ALD41   1730  1081  1432   855  1359  1588  2018  2586  1886  1289   817
ALD41   1740   817  1431   989   737   813   871   911   769   971   709
ALD41   1750   489   578   544   492   711   756   691   671   506   476
ALD41   1760   863   907   821   714   594   810   735   593   571   428
ALD41   1770   350   190   278   309   618   649   628   809   714   767
ALD41   1780   829   798   587   606   882   616   648   691   468   521
ALD41   1790   488   320   361   170   574   244   244   287   368   309
ALD41   1800   415   233   319   288   287   553   605   737   509   509
ALD41   1810   573   679   541   584   552   732   690   562   350   551
ALD41   1820   446   488   520   254   382   233   449   180   244   391
ALD41   1830   286   773   645   889   762  1143  1037   964   901   106
ALD41   1840   127   222   402   275   286   392   582   825  1069   794
ALD41   1850   974   932  1048   953  1037   773   466   677   848  1058
ALD41   1860   962  1509  2052  1658  1637  1371  1223  1000   905   745
ALD41   1870   916  1214  1204   840   927   787  1023   873   681   627
ALD41   1880  1150   850   815   624   762   805   635  1069  1174  1112
ALD41   1890  1217  1047   794   614   381   349   540   889   902  1154
ALD41   1900   951   513   631   652   801   661   717   620   501   408
ALD41   1910   671   834   823   981  1004  1057   696   879   760   974
ALD41   1920   439   729   610   584   550   808   776   667   457   721
ALD41   1930   645   624   894  1180  1135  1005   948   840   730   777
ALD41   1940   718   750   532   619   413   326   316   498   382   390
ALD41   1950   432   346   360   357   347   443   414   400   467   586
ALD41   1960   564   390   401   336   370   369   324   434   478   456
ALD41   1970   599   590   778   425   298   694   885  1476  1094  1090
ALD41   1980   544   319   277   617   300   360   246   342   149   202
ALD41   1990   265   330   205   169   118   173   512   506   366   237
ALD41   2000   205   496   538   657   974   660   959   830   787   884
ALD41   2010   851   625   342 -9999
ALD42   1881   879   931   889  1164   921   836   900  1079   995
ALD42   1890  1207  1047   974  1069   794   666   910  1450  1674  1555
ALD42   1900  1355  1122  1196  1100  1345  1111   751   783   815   984
ALD42   1910  1313  1461  1662  1926  1736  1577  1471  1301  1302  1260
ALD42   1920  1058  1651  1323   868   550   667   847  1111   688   931
ALD42   1930  1217  1133  1037  1323  1386  1842  1206   879  1408  1536
ALD42   1940  1195  1017  1238  1281  1103   561   721  1122  1102  1494
ALD42   1950  1104  1159   961   744   732  1056   907   617   294   239
ALD42   1960   349   318   218   306   231   108   118   175    54    47
ALD42   1970    24   106    15   155   107   188   211   358   357   259
ALD42   1980   154   142   172   249   183   206   219   270   269   435
ALD42   1990   323   357   273   129   147   272   332   364   235   257
ALD42   2000   278   471   279   457   879   392   784   561   413   487
ALD42   2010   763   626   636 -9999
ALD43   1948   586  1411
ALD43   1950  1004   746  1286  1406  1332  1528  1155  1429   860   884
ALD43   1960  1323  1167  1175  1036  1218   765   797   830   810   928
ALD43   1970  1034  1177  1282  1316  1390  1730  1980  1574  1108  1340
ALD43   1980  1121   888  1069  1175   741   847   963  1291  1185  1725
ALD43   1990  1948  1714  1694  1005   857  1111  1143  1366  1090   783
ALD43   2000  1111  1471  2360  2203  2230  1179  1583  1030  1138  1412
ALD43   2010  1446  1136   780 -9999
ALD44   1896   855  1374  1139  1269
ALD44   1900  1270  1152  1402  1785  2246  1489  1867  1467  1773  1336
ALD44   1910  2217  2095  1684  2579  2331  1600  1653  1855  1987  1834
ALD44   1920  1799  1236   895   995  1342  1472  1498  1836  1772  2852
ALD44   1930  2790  2697  2973  3399  2196  2613  1899  1523  2770  2770
ALD44   1940  2242  2649  2112  1771  2170  2781  1926  2623  1652  2234
ALD44   1950  2786  2256  2420  1955  1618  3081  2315  2112  1818  2140
ALD44   1960  1773  2335  2734  2885  2796  2903  3242  3388  1981  1652
ALD44   1970  2119  3591  2902  3294  2479  3444  2838  2753  3093  2815
ALD44   1980  3107  2864  2797  3186  2481  1897  2140  3338  3142  2916
ALD44   1990  4500  3625  2353  2290  1867  2528  2420  3323  2110  3327
ALD44   2000  2874  2299  2150  1950  1461   897   919   653   726   480
ALD44   2010   436   262   206 -9999
ALD49   1780    34   114   152   184    66   205   168    47   100   205
ALD49   1790   295   208   332   138   611   432   314   305   195   214
ALD49   1800   205   271   295   723   847  1212  1256   758   353   459
ALD49   1810   458   450   469   427   299   588   609   704   204   961
ALD49   1820   854   837   806   699  1017   689   689   796  1038  1155
ALD49   1830   787   976   690   903   753  1019   913   998   680   562
ALD49   1840   701   669   631   578   508   519   764   679   604   360
ALD49   1850   539   455   555   222   296   265   286   456   615   465
ALD49   1860   402   383   518   583   487   456   394   361   266   372
ALD49   1870   436   254   324   350   447   383   341   286   168   127
ALD49   1880   312   205   449   159   177   134    88   119   139   203
ALD49   1890   183   164   259   120   246   334   486   420   494   668
ALD49   1900   496   280   204   398   463   191   110   132   274   355
ALD49   1910   487   611   513   564   654   480   457   587   457   610
ALD49   1920   457   708   533   381   262   305   544   487   178   206
ALD49   1930   479   426   740   849   699   783   759 -9999
ALD52   1864   640   743   824   786   601   630
ALD52   1870   776   587   478   526   601   464   346   359   488   366
ALD52   1880   716   487   740   843   569   474   394   511   417   356
ALD52   1890   408   493   771   971   776   886  1221  1455  1803  1757
ALD52   1900  2404  1209  1224  1172  1101   826   815   844   735   643
ALD52   1910   958   924  1353  1557  1400  1543  1414  1137  1149  1128
ALD52   1920  1090  1246  1122   985  1155  1383  1688  1249  1278  1276
ALD52   1930  1702  1390  1467  1911  1472  1590   987  1049  2033  1876
ALD52   1940  1305  1176  1150  1646  1200  1915  1491  1383  1262  1331
ALD52   1950  1239   929  1274  1390  1316  1157   988   966   902  1264
ALD52   1960  1444  1316  1476  1720  2113  1846  1482  1758  1313  1143
ALD52   1970  1387  1228  1302  1568   964  1451  1366  1312  1196  1493
ALD52   1980  1154  1271  1259  1249   773   793   911  1079   963   868
ALD52   1990  1577  1344   984   942   688  1016   963  1027  1291  1598
ALD52   2000  1704  2095  2075  2021  1862  1639  2085  2063  1830  2319
ALD52   2010  1810  1648  1783 -9999
ALD53   1769  1411
ALD53   1770  1118  1583  1738  1522  1462  1756  1967  1782  1592  1295
ALD53   1780  1676  1647  1236  1093   988  1093  1192  1162   860  1134
ALD53   1790  1027   842   637   643   828   752   904  1248  1013   847
ALD53   1800  1389  1065   758   725   828  1154   930   739   687   572
ALD53   1810   616   649   657   914   646   628   588   687   599  1917
ALD53   1820  1583  1076  1044  1024  1029   658   789  1006   959  1040
ALD53   1830   493   580   650   835  1041  1055   936   855   442   459
ALD53   1840   386   650   271   290   921   708   922  1105   955   900
ALD53   1850   720   807  1047   987   777   147    62   128   109   184
ALD53   1860   212   157   161   235   311   368   364   298   365   278
ALD53   1870   200   419   422   331   489   398   345   365   432   225
ALD53   1880   288   241   565   244   154   268   409   321   389   354
ALD53   1890   400   334   304   218   183   293   604   443   466   475
ALD53   1900   617   508   434   519   573   421   422   400   421   542
ALD53   1910   593   542   532   480   473   461   463   343   301   410
ALD53   1920   278   463   504   524   310   546   460   525   278   256
ALD53   1930   483   502   546   514   674   653   493   364   492   333
ALD53   1940   428   385   129   418   299   526   492   481   546   779
ALD53   1950   817   670   487   478   421   368   401   370   226   413
ALD53   1960   519   465   316   357   530   346   293   411   239   293
ALD53   1970   249   519   512   508   347   431   532   683   377   413
ALD53   1980   530   477   390   774   463   447   489   522   691   808
ALD53   1990  1000  1042   861   735   723   829   788   649   595   702
ALD53   2000   766   829   790   637   667   562   763   763   498   667
ALD53   2010   487   467   476   233 -9999
ALD56   1698   205   204
ALD56   1700   332   511   223   284   189   251   294   189   199   265
ALD56   1710   403   441   420   327   343   427   229   211   229   131
ALD56   1720   203   440   320   358   382   345   532   682   652   652
ALD56   1730   719   772   663   678   746   784   846   807   707   532
ALD56   1740   526   559   535   459   629   607   592   635   407   440
ALD56   1750   446   259   237   298   331   443   311   241   379   428
ALD56   1760   600   519   332   288   352   508   553   709   539   489
ALD56   1770   432   552   375   502   412   464   730   592   582   455
ALD56   1780   416   266   337   360   317   378   370   351   458   881
ALD56   1790   790   460   445   308   398   331   451   218   454   523
ALD56   1800   612   598   597   389   612   830   849   880   741   644
ALD56   1810   571   603   711   395   372   459   416   362   286   459
ALD56   1820   395   316   362   395   383   305   447   468   608   628
ALD56   1830   426   596   714   915   714   938   883  1086   620   405
ALD56   1840   212   370   318   413   307   434   624   656   752   550
ALD56   1850   519   529   645   667   466   412   191   370   466   265
ALD56   1860   232   328   254   392   360   371   456   381   487   339
ALD56   1870   582   455   509   520   456   690   413   393   584   223
ALD56   1880   594   265   637   350   445   340   329   403   456   287
ALD56   1890   361   323   298   466   404   392   477   446   531   668
ALD56   1900   669   371   434   476   477   319   414   350   244   181
ALD56   1910   371   371   403   521   392   414   414   275   298   350
ALD56   1920   308   466   542   435   520   774   626   625   340   456
ALD56   1930   498   477   552   891   764   827   594   530  1040   965
ALD56   1940   562   584   435   668   764   657   574   699   615   796
ALD56   1950   794   510   573   574   688   520   435   689   550   762
ALD56   1960   847   455   550   328   741   529   455   540   328   286
ALD56   1970   403   413   720   529   296   476   657   560   487   339
ALD56   1980   540   296   350   646   296   233   360   370   445   402
ALD56   1990   677   794   974   719   731   645   529   455   371   626
ALD56   2000   817   836   826  1101  1206   783  1281  1101   656   645
ALD56   2010   529   688   563 -9999
ALD57   1932  1638  1475  1083   916   719   858  1357   907
ALD57   1940   852  1005  1014   795   563   487   823   756   533   830
ALD57   1950   658   861   650   601   896  1481  1421  1006   810  1031
ALD57   1960   796   863   819  1090   953   881   564   839   625   793
ALD57   1970  1007   608   963  1111  1023   922  1082  1095   735   871
ALD57   1980   840   414   352   892   596   414   396   790   587   735
ALD57   1990   750   710   549   360   383   743   824  1046   874  1191
ALD57   2000  1537  1138  1390  1472  1008   824  1008  1283  1368  1032
ALD57   2010   663   748   631 -9999
ALD58   1854   173   197   143   231   151   157
ALD58   1860   209   210    82   172   284   750   539   307   449   390
ALD58   1870   501   367   673   795  1010   914   681   510   277    86
ALD58   1880   248   188   196   153   156   377   627   496   484   373
ALD58   1890   502   646  1098  1202   684   888  1058  1230   793   844
ALD58   1900   939   667   558   436   337   256   156   172   157   181
ALD58   1910   351   421   716   707  1024  1292   730   539   596   572
ALD58   1920   620  1498  1343  1038  1274   834  1410   847   488   398
ALD58   1930   706   711   650   620   208   439   385   204   213   554
ALD58   1940   467   345   500   469   608   447   202   213   148   268
ALD58   1950   288   287   267   523   468   789   575   575   383   544
ALD58   1960   502   414   629   741  1268   743   827   869   414   191
ALD58   1970   350   530   976   699   710   976   880   626   625   816
ALD58   1980   551   520   467   826   584   328   382   660   414   538
ALD58   1990  1081  1124   704   825   609   524   642   631   740   952
ALD58   2000   673   537   748   847   769   525   771   630   985   866
ALD58   2010   567   611   544 -9999
ALD59   1842  1562  1880  1754   606   955   603  1196   580
ALD59   1850   901  1346  1286  1101   624   614   667   550   805   275
ALD59   1860   413   232   625   529   434   614   942   783  1079   900
ALD59   1870   889  1058   995  1312   826  1132   847   984   974   698
ALD59   1880  1408   762   783  1164  1038   762   592   529   519   466
ALD59   1890   508   857  1037   900   668  1060  1812  2035  1791  2088
ALD59   1900  2279  1686  1187  1198  1240  1219  1346  1188  1027  1187
ALD59   1910  1823  1367  1686  1505  1632  1262  1240  1271   783  1038
ALD59   1920  1121  1355  1005   709   847   847  1026   699   593   751
ALD59   1930   921  1069  1174  1651  1514  1228  1471  1005  1090  1323
ALD59   1940   804  1493  1661  2245  2297  2044  1705  1663  1641  1991
ALD59   1950  2224  1959  2044  2319  1991  1843  1376   986  1133  1875
ALD59   1960  1716  1535  2044  1895  2150  1853  1855 -9999
ALD60   1776   178   265   282   261
ALD60   1780   201   274   255   288   378   419   575   575   543   709
ALD60   1790   630   652   787   786   609   763   485   309   118   185
ALD60   1800   194   117    96   196   224   120   185   194   160   161
ALD60   1810   235   235   355   235   224   343   256   270    63   345
ALD60   1820   191   119   118   107   129    53   162   203    77   191
ALD60   1830   149   257   537   609   386   513   450   429   342   148
ALD60   1840   107    65    84    88   116   271   246   316   267   160
ALD60   1850   365   256   301   343   480   355   354   393   466   361
ALD60   1860   328   339   318   275   266   222   190   106   244   211
ALD60   1870   371   286   382   445   467   613   573   317   298   264
ALD60   1880   487   328   434   297   243   317   307   265   307   296
ALD60   1890   402   307   413   445   275   349   434   635   698  1048
ALD60   1900  1122   794   889   878   794   529   550   404   276   319
ALD60   1910   245   352   531   723   776   756   531   404   511   521
ALD60   1920   542   808   882   935  1011   828   978  1118   871  1219
ALD60   1930  1295  1165  1092  1251   874  1001   708   783  1266  1032
ALD60   1940   807   587   501   533   520   455   542   521   531   673
ALD60   1950   760   531   598   498   532   500   380   411   511   598
ALD60   1960   578   465   476   596   747   597   477   519   358   249
ALD60   1970   379   498   532   431   370   616   521   368   322   482
ALD60   1980   368   447   411   381   271   216   303   489   456   444
ALD60   1990   717   705   466   400   434   347   411   463   354   295
ALD60   2000   375   472   352   462   398   175   208   331   285   332
ALD60   2010   274   212   224 -9999
ALD61   1806   786  1226  1115  1260
ALD61   1810  1277   748   885   842   646   355   534   540   142   598
ALD61   1820   852   501   564   478   554   399   688   883   741  1205
ALD61   1830   711  1016  1647  1419  1218  1492  1123  1273   929   252
ALD61   1840   350   611   753  1388  1198  1316  1720  1874  1807  1758
ALD61   1850  2014  1753  2406  2233  2996  2318  1391  1537  1928  1282
ALD61   1860  1439  1074  1195  1185   864  1108  1098   931  1088  1316
ALD61   1870  1895  1833  1877  1401  1637  1391  1066   733   752   568
ALD61   1880  1618  1141  1309  1617  1540  1074  1513  1611  1322  1148
ALD61   1890  1194  1106  1192  1550   868  1191   978  1605  2437  1779
ALD61   1900  1948  1800  1642  1842  1536  1144  1503  1250  1134   995
ALD61   1910  1468  1476  1735  1875  1907  2133  1894  1429  1796  1845
ALD61   1920  1396  1478  1006  1028   922   974  1294  1589   890   837
ALD61   1930  1547  1356  1567  2532  1534  1931  1524   997  2121  1439
ALD61   1940   760   652   454   881   878   683   488   655 -9999
ALD63A  1904  2246  1988  2423  2547  1891  1984
ALD63A  1910  1486  1677  1335  1368  1233  1479  1376   360   259   115
ALD63A  1920   105   185    62   120   135   326   841  1289   758   944
ALD63A  1930  1549  1037  1075  2136  1692  2348  2284  1567  2567  3937
ALD63A  1940  2037  1732  1448  2273  1538  1107   898   960   875  1993
ALD63A  1950  1681  1605  2013  2615  2050  1795  1358  1127  1314  1771
ALD63A  1960  1733  2204  2973  2461  2663  2837  2430  2235  1505   990
ALD63A  1970   795   918  2009  2005  1804  1986  2182  1901  1442  1530
ALD63A  1980  2025  2433  1403  1262   813  1022  1250  1944  1528  1713
ALD63A  1990  3529  2675  2390  2323  2172  1532   878   814  1306  2605
ALD63A  2000  3772  2678  2019  2222  1482   909  1476  1915  2217  2529
ALD63A  2010  1487  1091  1075 -9999
ALD64   1844  2153  2004  2744  2331  1393  1887
ALD64   1850  1648  1715  1189  1246  1729  1685  1272  1071  1991   820
ALD64   1860   688  1000  1195  1212  1071  1029  1182   813  1277   868
ALD64   1870   922  1178  1387  1789  2042  2273  1822  1651  1693  1383
ALD64   1880  2314  1500  2006  2161  2113  1301  1163  1196  1302   662
ALD64   1890  1173  1313  1429  1099  1068  1433  1984  2277  2279  2459
ALD64   1900  2233  1516  1306  1426  1704  1473  1361  1191  1040  1077
ALD64   1910  1789  1559  1692  1320  1297   650   549   385   725   683
ALD64   1920   726  1141   925   861   791   803   761   583   539   694
ALD64   1930   539   571   462   606   777   807   595   409   830   817
ALD64   1940   431   543   546   877  1045   800   543   565   526   994
ALD64   1950  1204  1122   834   801   773  1079   724   601   554   530
ALD64   1960   498   554   772   781   933   920   678   720   644   531
ALD64   1970   545   928  1022   888   747   612   718   739   838   604
ALD64   1980   459   395   268   305   325   281   348   362   382   261
ALD64   1990   234   332   157   244   211   208   258   220   188   311
ALD64   2000   342   224   265   255   277   255   265   388   305   334
ALD64   2010   298   332 -9999
ALD99   1742   170   213   188   149   272   449   658   511
ALD99   1750   332   393   372   341   707   426   382   623   908   823
ALD99   1760   535   256   266   385   289   385   470   428   416   256
ALD99   1770   213   439   427   663   923   963  1032   434   347   534
ALD99   1780   434   770   871   716   476   797   752   691   412   408
ALD99   1790   268   265   332   266   748   714   925   888   660   714
ALD99   1800   660   419   506   449   680   624  1017  1547  1228  1153
ALD99   1810  1174  1399  1143   981   812   892  1101  1356   945  1206
ALD99   1820  1134   966  1041   880  1255  1214  1075   340   650  1415
ALD99   1830  1043  1000  1416  1309  1063  1232   322   201   224   191
ALD99   1840   288   373   585   542   712  1068  1901  1888  2053  2041
ALD99   1850  2136  2368  3167  2339  2490  1228  1377  1800  1323  1802
ALD99   1860  1630  1715  1380  1334  1083  1057  1084   996  1303  1239
ALD99   1870  1485  1707  2262  1515  1654  1195   909   912  1010   710
ALD99   1880  1092   729  1156   967   985   964   854  1193  1204  1031
ALD99   1890   821  1096  1001  1096   799   808   980  1166  1178  1324
ALD99   1900  1625  1354  1139  1415  1628  1573  1936  1884  1387  1800
ALD99   1910  1942  2003  1571  1641  1854  1650  1440   992  1631  1631
ALD99   1920  1110  1569  1552  1319  1261  1191  1015  1235   912  1286
ALD99   1930  1211  1148  1286  1500  1331  1478  1243  1589  2299  2165
ALD99   1940  1666  1788  1968  2266  1607  1960  1809  1692  1327  1802
ALD99   1950  1492  1270  1185  1471  1916  1926  1778  2191  1547  1430
ALD99   1960  1507  1123  1048   978  1259  1061   786   859   796   806
ALD99   1970 -9999