BG1     1864   363   574   697   767   756   809                                  
BG1     1870  1726  1555   641   474   390   550   441   408   789   430          
BG1     1880   880   676   614   163   290   602   591   440   775   937          
BG1     1890  1388  1098  1497   846   936   666   652   620   524   515          
BG1     1900   866   897   621   715   840  1002   977   888   610   449          
BG1     1910   954   736  1064  1411   695   637   796   379   529   924          
BG1     1920   643  1055   644   819  1149   681   517   786   736   734          
BG1     1930   682  1113   906   950   474   674   800   464   740   490          
BG1     1940   611   945   408   824   865   556   455   270   253   578          
BG1     1950   685   995   627  1365   977  1135   550   549   975   675          
BG1     1960   439   497   976  1214  1412  1541  1507  1383  1330  1006          
BG1     1970   985  1545  1215   901  1045  1027   638   392   947  1110          
BG1     1980   688   533   774   855   792  1431  1413  1694  1226  1244          
BG1     1990  1661  2820  1656  1430   988   591   701   875   966   991          
BG1     2000   760   509   553   319   509   388   482   560   484 -9999          
BG3     1836   253   328   438   427
BG3     1840   157   441   567   688   998  1089  2254  2025  1311  1726
BG3     1850  1855  1272  1469   935   317  1200  1040  1907  2365  1366
BG3     1860   619   706  1207  1174  1233  1278  1326  1216  1937  1766
BG3     1870  1798  2358  1920  1045  1511  1253  1230   976  1133   720
BG3     1880  1523  1104  1036   734   766   680   985  1722  1507  2021
BG3     1890  1723  1672  1611  1888  2074  2372  1504   636   691   976
BG3     1900  1072  1601   944   873   696   809  1347  1068  1125     0
BG3     1910   621   598  1246  1348  1383   945   650   851   246   305
BG3     1920   584   633  1259   918   666   445   282   347   571   540
BG3     1930   308   296   348   630   786  1796   751   191   141   385
BG3     1940     0   358   909  1173   845   171   187     0   312   590
BG3     1950   405   975   377   320   128   262   114   404   168   123
BG3     1960   111   175   345   309   283   265   231   381   489   729
BG3     1970  1119  1827  1783  1678  1735  2247  1522  1010  1425   920
BG3     1980   827  1082  1033  1161  1319  1295  1982  1747  1466  1726
BG3     1990  1632  1771  1225  1452  1180  1045  1107  1786  1383  1718
BG3     2000  1443  1027  1039   909  1117   776  1691  1225  1072 -9999
BG4     1868  1788  1758                                                          
BG4     1870  2254  2199  1402  1151   907   730   906   873  1377   492          
BG4     1880  1030   838   579   421   789   739  1019   945   954  1257          
BG4     1890  1006  1102  1052   781  1412  1607  1037   521   187   232          
BG4     1900   612  1218  1093  1368   870   585   531   352   883   517          
BG4     1910   673  1155  1084  1494  1014   762   645   453   353   398          
BG4     1920   326   824   513   549   445   482   388   306   182   169          
BG4     1930   157   225   358   397   494   640   500   426   715   848          
BG4     1940   615   635   473   910   781   505   277   116   144   300          
BG4     1950   151   153   231   464   486   403   297   376   490   683          
BG4     1960   913   752  1385  1925  1970  1407  1421  1914  2346  2089          
BG4     1970  1628  2595  2233  1805  1576  1719   959   824  1794  2237          
BG4     1980  1950  2089  1819  1912  1338  1622  2238  2901  2144  1804          
BG4     1990  2257  2345  1217  1719   988  1083  1375  2853  1954  1598          
BG4     2000  1176   937  1214   553   509   421   799  1163 -9999                
BG5     1849  8147                                                                
BG5     1850   629   575   722   395   598   438   856   809  1058   660          
BG5     1860   381   514   398   423   248   200   380   525   683   692          
BG5     1870   977   785   459   668   524   416   351   831  1019   888          
BG5     1880   972   582   524   597   853   697   857   910   978  1137          
BG5     1890  1150  1090  1284  1259  1218  1054   794   789   657   698          
BG5     1900   613   660   510   828   824   936   819   816   732   520          
BG5     1910   444   614   833   931  1165  1185  1375  1069   900   563          
BG5     1920   585   683   553   602   544   516   682   663   706   524          
BG5     1930   514   639   684   594   544   767   577   587   695   551          
BG5     1940   365   580   882  1103   760   649   455   158   198   166          
BG5     1950   159   181   125   186   257   154   194   186   358   339          
BG5     1960   344   342   746   674   734   560   635   851   996   688          
BG5     1970   563   878  1153   828   636   700   758   561   860   786          
BG5     1980  1060  1458  1348  1135   849   736  1081  1975  1778  1739          
BG5     1990  1385  1074   927  1100   693   582   463   744   543   612          
BG5     2000   293   436   414   333   301   356   473   745   765 -9999          
BG5B    1849  1599                                                                
BG5B    1850   883   463   701   621   542   624   996   663  1000   736          
BG5B    1860   354   199   455   508   364   272   748   792   591   748          
BG5B    1870   745   717   626   749   484   326   270   500   554   593          
BG5B    1880   862   664   815   670   810   948   737   860   943   832          
BG5B    1890   752   756   693   621   703   577   604   288   118   240          
BG5B    1900   230   569   656   830   663   878   896   912   926   623          
BG5B    1910   645   449   566   612   674   619   723   356   563   597          
BG5B    1920   699   874   618   610   776   590   751   559   364   466          
BG5B    1930   504   954  1032  1194  1141  1077   787   579   400   502          
BG5B    1940   232   303   186   311   373   325   274   162    42    57          
BG5B    1950   135   176   105    85   134     1     0   150   268   369          
BG5B    1960   400   243   572   568   795   778   805  1206   905   634          
BG5B    1970   435   638   826   846   771  1216   961   646   842  1090          
BG5B    1980  1214  1216  1186   846   871   753   922  1547  1431  1546          
BG5B    1990  1873  1659  1231  1417   961   705   839  1203   933   947          
BG5B    2000   868   719   709   747   523   490   790   777   650 -9999          
BG7     1833  2380  2729  2453  1153  1288  1663  1220                            
BG7     1840   991   756  1015  1274   889   640   797   762  1007   562          
BG7     1850   451   480   591   477   868   552   809   891   905   698          
BG7     1860   280   212   644   791   396   261   267   414   628   555          
BG7     1870   658   832   751   692   544   397   496   453   589   552          
BG7     1880   475   490   291   229   277   247   220   295   604   512          
BG7     1890   758   660   950  1030   848   901   314   256   292   260          
BG7     1900   345   574   377   526   743   668   696   631   610   484          
BG7     1910   462   555   551   653   530   605   476   402   433   568          
BG7     1920   603   878   596   432   288   452   287   290   185   471          
BG7     1930   526   579  1039  1238  1161  1270   913  1081  1031  1093          
BG7     1940   815   918   859  1096  1048   560   376   717   555   307          
BG7     1950   284   464   483   428   607   582   231   193   337   532          
BG7     1960   557   355   721   726   736   464   297   307   359   241          
BG7     1970   210   368   602   578   448   718   594   440   505   571          
BG7     1980   555   626   566   590   531   523   821   944  1047   895          
BG7     1990  1182  1099   688   778   562   651   740   848   816   868          
BG7     2000  1098   767   793   844   834   840   751   706   731 -9999          
BG8     1833  2311  4225  3611  2741  1965  1524  1274
BG8     1840   546   906  1522  1871  1694   864   915  1419  1575  1356
BG8     1850  1395  1485  1471  1337  1024  1406  1088  1028  1438  1613
BG8     1860   877   709   853   629   853  1007  1305   985   949  1526
BG8     1870  1819  1545  1635  1004  1089  1060  1073   954  1240  1008
BG8     1880  1622   986   698   572   880  1302  1116  1167  1520  1380
BG8     1890  1277  1042  1592  1667  1385   993   557   881  1147  1096
BG8     1900  1518  1484  1189  1222  1567  1357   953  1042  1140   949
BG8     1910   990  1541  1372  1245  1196   534   350   191   261   355
BG8     1920   324   693   690   700  1130   847   980  1143   680   566
BG8     1930   548   671   907  1197   902  1169   969   862  1051  1125
BG8     1940   549   361   496   767   782   168    38     0     0     0
BG8     1950   102   119    31    94   110    79   118   240   245   251
BG8     1960   544   251   398   501   666   525   366   452   427   208
BG8     1970   248   401   349   286   356   373   436   273   824  1005
BG8     1980   931   639   366   360   371   800   894  1070   976   771
BG8     1990  1216  1711  1133  1344  1113   809   783  1300  1315   780
BG8     2000   332   310   522   188   261   337   359   526   473 -9999
BG10    1888  1502  1549
BG10    1890  1697  1310   667  1228   729   821   232   151   185   161
BG10    1900   258   581   408   593   563   452   916   685   530   752
BG10    1910   585   953  1338  1486  1512   855  1153   655   908  1193
BG10    1920   878  1517  1385  1214  1158   482   461   677     0   455
BG10    1930   456   194   191   424   653   705  1367  1101  1553  2380
BG10    1940  1550   838  1014   959  1231  1079   993   232     0   209
BG10    1950   270   572  1118  1289  1045   945   764   593   707  1015
BG10    1960   818  1268  1949  2012  2106  2010  1942  2082  2522  1738
BG10    1970  2222  3072  3420  2410  3094  3174  3299  2202  3828  3009
BG10    1980   897   927  1015  1134  1713  1495  2060  2569  2670  2657
BG10    1990  4170  3576  2115  2318  2528  2206  1584  2658  2389  2041
BG10    2000  2287  1646  2332  2463  2730  1921  2461  3116  2688 -9999
BG14    1889  1474                                                                
BG14    1890  1854  1883  1510  1376  1315   965   572   254   120   202          
BG14    1900   497   763   492   863   442   369   426   884  1140   639          
BG14    1910   768  1282  1486  1536  1804  1826  1652   978   661  1251          
BG14    1920  1113   817   674   880  1015   630  1264   875   660   574          
BG14    1930   623   635   558  1424  1598  1438   719   727  1309  1721          
BG14    1940   613   591  1210  2081  1198   365   501   245   478   653          
BG14    1950   887   994   621   707   536   607   706  1081  1708  1755          
BG14    1960  1273   598   771   704   876   901  1329  1810  1390  1108          
BG14    1970  1359  1402  1624  1171  2151  2068  2552  1221  2642  2195          
BG14    1980  1920  2728  2061  1619  3458  3091  3689  5018  4302  3811          
BG14    1990  6274  4703  2451  3735  2235  1188  1259  1439  4120  3721          
BG14    2000  3918  3032  2983  3190  1972   950  3061  4869  2636 -9999
BG15    1893  2231  2338  2218  1468   685   563   607                            
BG15    1900  1031  1481  1165  2349  2642  2309  2155  1881  1809  1688          
BG15    1910  1617  2038  2300  2484  2622  1781  1298   813   665   882          
BG15    1920   643  1096  1127  1045  1042   750   570   490   311   556          
BG15    1930  1005   837   990  1076  1519  1599  1092   853   465   797          
BG15    1940   696  1196  1368  2381  2081  2648  2067   501   260   321          
BG15    1950   321   356   430  1006  1125  1762  1551  1579  1147  1431          
BG15    1960  1646  1446  1478  1582  1804  1364  1357  1657  1520  1396          
BG15    1970  1420  1536  1930  1437  1404  1350  1185  1058  1274  1148          
BG15    1980  1229  1770  2270  1809  1477  1363  1477  2094  1704  1878          
BG15    1990  2009  2233  2150  2069  1489  1478   819   810   949  1568          
BG15    2000  1350   850   901  1049  2029  1876  1639  1650  1803 -9999          
BG19    1934  1485  1841  1365  1130   886  1085                                  
BG19    1940   749   869   753  1252  1225   897   810   201   228   594          
BG19    1950   748   953   906   617   546   795   237   335   482   607          
BG19    1960   866   719  1170  1276  1439   947   665  1206  1170  1392          
BG19    1970  1671  2697  2470  2290  1945  2268  2626  1684  2628  2227          
BG19    1980  2192  3341  2514  1832  1694  2051  2314  3032  2670  2818          
BG19    1990  2954  3252  2224  2461  1758  1718  2062  2470  2783  2781          
BG19    2000  3191  2882  2850  2923  2960  2626  2028  2447  2497 -9999          
BG20A   1834   911  1279   513   476   357   555
BG20A   1840   265   398   532   581   646   731  1309  1561  1740  1168
BG20A   1850   973  1034  1279   946   673   925  1860  2159  2438  2500
BG20A   1860  1087  1035   929  1294   950  1313  1219  1164  2066  1351
BG20A   1870  1411  1787  1015  1248  1307   861  1338   913  1820  1062
BG20A   1880  1535   959   670   392   642   692  1120  1012  1120  1323
BG20A   1890  1189   934   655   939   947   930   722   351   302   795
BG20A   1900   583   711   403   509   542   547   404   404   443   334
BG20A   1910   389   654   784   849  1143   640   437   297   641   458
BG20A   1920   560   887   407   235   271   210   529   470   414   550
BG20A   1930   591   624   874   964  1366  1340   759   825   960   935
BG20A   1940   559   628   457   633   427   548   372   277   483   245
BG20A   1950   267   134     0   320   226   258   175   297   233   212
BG20A   1960   217   273   286   257   460   431   280   330   291    98
BG20A   1970   166   428   404   764   609  1147  1338  1120  1282   764
BG20A   1980   807   888  1118   573   515   255   495   726   808  1108
BG20A   1990  1302  1291  1422  2008  1920  1601  1698  1572  1352  1634
BG20A   2000  2101  1361  1784  1199  1317   819  1594  1764  1333 -9999         
BG20B   1834  1126  1384   854   610   802   609
BG20B   1840   462   240   748   486  1457  1410  2066  1396  1151  1135
BG20B   1850   772   922   905   449   233   758  1296  1411  1538  2829
BG20B   1860  1129  1271  1506  2171  2320  2216  1708  1769  3858  1849
BG20B   1870  1679  1777   912   954  1510  1057   873   767  1585   901
BG20B   1880  1473  1147   882   452   745   837   857  1860  1808  2011
BG20B   1890  1436  1189  1086  1544  1925  1417   591   410   310   772
BG20B   1900   757  1157   853  1261   962   765  1015   706   948   600
BG20B   1910   757  1110  1430  1192  1197   827   705   304   547   355
BG20B   1920   406   857   469   547   444   185   424   606   543   589
BG20B   1930   632   445   705  1052  1223  2044  1134   703   838   973
BG20B   1940   364   633   527  1044   654   268   242   100     0   233
BG20B   1950   186   126    94   168   144   215   156   245   272   312
BG20B   1960   341   286   763   541   648   361   472   338   325   196
BG20B   1970   212   287   325   426   416  1067  1131   708  1102  1030
BG20B   1980  1356  1653  1167   665  1052   598   969  1251  1348  1590
BG20B   1990  1688  1790  1633  2060  1352  1625  1394  1675  1474  1102
BG20B   2000  1450   800  1420   998  1364   929  1775  2295  2007 -9999
BG23    1838  1080   624                                                          
BG23    1840   239   391  1062  1529  1292   472   932  1594  1039   936          
BG23    1850   427   662  1271   680   656   552   625   683   776   831          
BG23    1860   423   351   312   270   544   661  1042   998   850   957          
BG23    1870  1338  1465  1181   796   954   959   991  1300  1667  1147          
BG23    1880  1533   923   661   422   332   640   895  1110  1552  1764          
BG23    1890  1522   899  1479  1592  1139   714   764   820   529   961          
BG23    1900  1130  1474  1008  1026  1034  1135   946   783  1018   787          
BG23    1910   912  1286  1165  1078  1052   632   673   423   453   591          
BG23    1920   439  1116   956   687   740   635   979   898   585   583          
BG23    1930   564   723   901  1361  1199  1108   942   899  1402  1462          
BG23    1940   534   811   960  1087   724   478   139     0   207   200          
BG23    1950   244   311   223   350   295   259   169   341   643   644          
BG23    1960   547   384   450   531   463   513   454   292   398   331          
BG23    1970   221   270   343   222   244   449   402   276   610   947          
BG23    1980   674   665   489   578   386   706  1007  1109  1040   662          
BG23    1990   813  1000   542   816   649   644  1048  1472  1461   848          
BG23    2000   519   432   515   361   408   493   412   545   414 -9999          
BG24    1847  2683  1671  1165                                                    
BG24    1850   875   774   578   323   379   359   260   352   457   369          
BG24    1860   231   135     0   171   157   228   280   343   678   464          
BG24    1870  1098  1161   928   873   948   615   873   733  1423   719          
BG24    1880  2148  1521  1525   517   640   603   948  1187  1505  1827          
BG24    1890  1834  1271  1491  1566  1450  1397   953   812   620   921          
BG24    1900   832  1738  1474  1758  1626  1228  1230  1409  1269  1381          
BG24    1910  1621  1758  1399  1919  2200  1424  1754  1628  1882   951          
BG24    1920   367   657   745   849   888  1151   682   875   946  1181          
BG24    1930  1179  1333  1687  1531  1091  1914  1496  1866  2595  2231          
BG24    1940  1641  1294  1557  2399  1794  1081   621   619   536   725          
BG24    1950  1039  1263  1317  1313   858  1141   375   618   937  1529          
BG24    1960  1021   788  1078  1288  1169  1017   888  1243  1228   883          
BG24    1970   770   903   899  1162  1605  2126  2268  1556  1064   983          
BG24    1980  1126  1781  1830   986  1053   882  1677  2478  2210  1911          
BG24    1990  2643  3260  2372  2717  1994  2192  1790  2399  1847  2444          
BG24    2000  1261  1307  1630  1222   738  1038  1264  1754  1710 -9999          
BG27A   1862   724   873  1141  1101  1959  1283  1769  2097
BG27A   1870  2358  2487  1827  1046  1014  1179  1161  1217  1540  1823
BG27A   1880  2880  2027  1081   942  1226  1543  1725  1662  1860  1736
BG27A   1890  1870  1170  1505  1173  1536  1282   821   620   811   624
BG27A   1900  1389  1406  1143  1142  1182  1276  1546  1542  1000  1274
BG27A   1910  1565  1911  2317  1710  1831  1500  1566   695   786   461
BG27A   1920   606  1016   664   394   471   388   440   605   567   700
BG27A   1930   507   571   848   634   727  1182   894   938  1045   978
BG27A   1940   414   672  1336  2328  1512     0     0     0   872   142
BG27A   1950    96   199    48   119   121    72   122   121   222   278
BG27A   1960   249   107   251   358   364   200   257   338   388   252
BG27A   1970   220   687   739   971   662  1057  1101   738   963   931
BG27A   1980   897  1537   981  1008   869   966  1312  1824  1773  2047
BG27A   1990  2696  2047  1958  1935   925   833   713   840   491   325
BG27A   2000   408   311   906  1189  1199   742  1275   872  1071 -9999
BG27B   1862   923   808   927  1320  1185   902  2007  1812
BG27B   1870  2316  2320  1590  1047  1082  1591   892  1396  1458  1267
BG27B   1880  2110  1887   824   486   850   951   834   773  1071  1023
BG27B   1890  1473  1243  1220  1059   979   639   325   204     0   209
BG27B   1900   647  1044   803   588   524   331   392   588   500   702
BG27B   1910   722  1129  1297   906   925   417   460   214   126   154
BG27B   1920   120   178   280   292   278   253   394   548   447   454
BG27B   1930   388   399   543   525   859  1128   878   658   779   604
BG27B   1940   239   481   682   945   735   483   129     0     0     0
BG27B   1950   150   138   141   152   282   281   239   339     0   332
BG27B   1960   255   158   282   436   205   149   102   232   346   206
BG27B   1970   423   587   426   548   765   661   524   443  1053   874
BG27B   1980   904   873   817   508   339   353   462  1140  1717  1872
BG27B   1990  1801  1874  1500  2418  2163  2520  1345  1243   653  1048
BG27B   2000   770   530   882   555   528   442   827   782   557 -9999
BG28    1838  2217  1995                                                          
BG28    1840  1445  2333  3206  2818  2334  1782  3023  2948  3285  2818          
BG28    1850  1686  2219  2042  1182  1472  1736  1542  1449  1363  1497          
BG28    1860  1761  1794  1635  1602  1666  1221  1423  1528  2350  2631          
BG28    1870  2399  1980  1250  1691  1602  1179   925  1136  1851  1022          
BG28    1880  1713  1082   829   578   871   932  1113  1425  1233  1527          
BG28    1890  1036  1205  1723  1785  1007   989   475   501   352   427          
BG28    1900   599   774   610   847   774   540   669   495   489   455          
BG28    1910   587   835   669  1351  1250   722   695   600   426   488          
BG28    1920   456   439   373   357   283    83   142   193   114   167          
BG28    1930   115   160   184   195   278   393   374   463   363   387          
BG28    1940   282   337   359   356   181   122   245   112   145   204          
BG28    1950   260   123    83    64   145    83   192   167   226   336          
BG28    1960   191   150   240   195   325   179    79   237   320   417          
BG28    1970   443   781   727   877   893  1424  1369   877  1088  1348          
BG28    1980  1198  1590  2154  2004  1430  1606  1806  2385  1905  2295          
BG28    1990  2155  1889  1342  1392  1454  1236  1646  1804  1734  1550          
BG28    2000  1623  1347  1191  1034   953   709  1075  1188  1547 -9999                  
BG29    1838  1638  1419
BG29    1840   955   942  1372  1711  2474   915  1283  1836  1583  1082
BG29    1850   545  1494  2300  1174   660   869  1223   982  1569  1084
BG29    1860   467   445   205   368   621   668   774   531   918   623
BG29    1870   967  1505  1245   746   503   676  1165  1068  1167   782
BG29    1880  1130   956   610   403   794  1033   984   954  1139  1353
BG29    1890  1115   905   764   844  1302  1182   456   267   194   191
BG29    1900   302   613  1086   991   539   372   614   835   962   569
BG29    1910   783  1304  1143  1603  1195  1112  1008   599   510   518
BG29    1920   242   376   466   502   545   412   262   163    69   266
BG29    1930     0   413   218   319   992   741   696   510   420   764
BG29    1940     0   959   800   890   354   488   236   131    66   128
BG29    1950   182   275   442   479   434   830   255   264   339   556
BG29    1960   610   368   611   609  1098   832   797  1316  1269  1520
BG29    1970  2332  3287  2916  2475  2017  3384  3286  2411  3380  2743
BG29    1980  2027  1709  1265  1053  1101  1644  1668  1794  1724  2640
BG29    1990  4206  4192  2778  2691  1804  1465  1044  1511  1767  1428
BG29    2000  1341  1186  1353  1768  1464  1080  1447  1732  1817 -9999
BG31    1836  1742  1210  1463  1300                                              
BG31    1840   845   598   573   517   928  1349   795   909  1173  1170          
BG31    1850   799   655   737   691   567   529   461   375   388   422          
BG31    1860   457   461   561   517   516   438   468   450   627   592          
BG31    1870   932  1417  1333  1302  1109   957   925   788  1070  1017          
BG31    1880  2000  1308  1876  1370  1168  1302  1086  1360  1892  2355          
BG31    1890  2037  1720  1879  2330  1963  1193  1308  1217  1078  1449          
BG31    1900  1377  1368   849  1335  1816  1527  1565  1087   951   887          
BG31    1910  1558  1374   937  1624  2128  1652  1799  1126  1110   652          
BG31    1920   825  1350  1420  1152  1001   861  1463  1587   934  1333          
BG31    1930  1243   668  1009  1631  1090  1370  1789  1989  1201  1465          
BG31    1940   700  1170  1478  1337  1653  1655   818   204   505   891          
BG31    1950  1101  1143   843  1278  1114  1202   868   912  1383  1684          
BG31    1960  1126   840  1623  1672  2383  1889  1576  1751  1445  1425          
BG31    1970  1426  1580  1645  1627  1949  1416  1584  1043  1494  1591          
BG31    1980  2458  3024  2618  1866  1953  2393  2395  3620  3096  2425          
BG31    1990  3370  3006  2225  2077  2173  2144  2199  2700  2264  1872          
BG31    2000  1874  1570  1978  1463  1720  1131  1998  2743  2410 -9999  
