CE2a    1849  1658                                                                
CE2a    1850  1338  1621  1789  1586   932   590   685   496   658   655          
CE2a    1860   706   630   791   673   671   873   841  1099   602   737          
CE2a    1870  1116   682  1214   843   758   777   939  1038  1186   641          
CE2a    1880   680   611   449   342   449   519   485   356   645   789          
CE2a    1890   787   426   550   565   633   406   666   803   864   916          
CE2a    1900   828   861   700   368   728   795   537   614   778   604          
CE2a    1910   567   538   682   761   522   693   939   676   970   804          
CE2a    1920   602   819   530   651   694   371   537   745   350   377          
CE2a    1930   343   505   749   866   541   696   554   725   927   713          
CE2a    1940   542   522   160   203   507   763   687   233   326   878          
CE2a    1950   618   682   498   538   573   771   675   810   475   534          
CE2a    1960   612   723   565   424   355   604   551   832   806  1013          
CE2a    1970  1094  1246  1034   301   310   360   452   751   588   497          
CE2a    1980   329   265   497   300   401   565   803   570   770   567          
CE2a    1990   790   808   870   773   716   695   632   929   488   769          
CE2a    2000   630  1058   576   948   734   921   726   778   707 -9999          
CE2b    1844  1459  1507  1592  1496  1238  1087                                  
CE2b    1850  1308  1699  1786  1656  1150   786   845   825   995  1077          
CE2b    1860  1437  1505  1496  1021  1017  1020  1063  1334  1333  1228          
CE2b    1870  1435   891  1740  1451  1523  1087  1400  1167  1451   858          
CE2b    1880   894   729   515   286   291   615   372   484   639   458          
CE2b    1890   745   667   677   574   648   818   614  1107   707   712          
CE2b    1900   722   661   471   486   687   572   541   741   854   732          
CE2b    1910   484   522   640   520   496   469   520   508   540   532          
CE2b    1920   385   618   626   619   791   690   797  1346   667   538          
CE2b    1930   580   652   484   672   462   524   630   886   926   634          
CE2b    1940   463   425   157   165   478   787   360   216   334   775          
CE2b    1950   736   704   437   392   435   763   652   365   305   511          
CE2b    1960   682   715   503   486   254   356   634   674  1037  1022          
CE2b    1970   638   864   803   247   236   352   394   529   348   234          
CE2b    1980   218   253   330   240   331   488   546   382   564   194          
CE2b    1990   492   658   555   338   236   389   378   637   445   685          
CE2b    2000   494   847   664  1016   920   711   583   649   601 -9999          
CE4a    1807  1492  1484  1782
CE4a    1810  1571  1596  1163  1089  1049  1726   861   696   941   889
CE4a    1820   704   873   735   627   861   684   759  1186  1288  1244
CE4a    1830   945   750  1071  1014   865   926   847   807   763   283
CE4a    1840   292   270   270   317   470   657   647   714   594   715
CE4a    1850   681   699   711   756   798   545   729   622   664   749
CE4a    1860   789   996   960   878   559   580   611   916   763   634
CE4a    1870   782   714   982   988  1102   771  1101   818   993   476
CE4a    1880   847   636   678   357   374   367   365   411   503   446
CE4a    1890   435   574   341   470   335   268   280   355   327   400
CE4a    1900   697   624   573   629   583   477   297   422   519   291
CE4a    1910   310   412   629   519   462   398   412   531   382   446
CE4a    1920   446   582   404   394   379   372   556   569   325   151
CE4a    1930   160     0     0     0   297   182   151   338   272   458
CE4a    1940   439   481   388   492   585   390   314   238   335   438
CE4a    1950   289   215   185   267   359   278   246   261   230   239
CE4a    1960   433   276   349   385   303   282   367   312   401   412
CE4a    1970   375   556   527   400   315   382   365   447   394   290
CE4a    1980   282   331   369   378   203   190   435   445   525   551
CE4a    1990   400   553   593   524   524   530   593   677   530   554
CE4a    2000   673   657   565   782   833   671   882   595   558 -9999
CE4b    1807  1591  1321  1011                                                    
CE4b    1810  1151   916   536   770   759  1293  1710  1547  1663  2396          
CE4b    1820  1712  1753  1789  1395  1842  1816  2057  2435  2672  2633          
CE4b    1830  2211  1897  2275  2161  1897  2148  1807  1615  1530   954          
CE4b    1840  1077  1146  1329  1345  1361  1513  1459  1738  1788  1615          
CE4b    1850  1812  1755  1975  1334  1456  1137  1255  1552  1387  1775          
CE4b    1860  1767  2180  1831  2057  1576  1225  1006   930  1110  1093          
CE4b    1870  1171  1095  1494  1991  2755  2307  2215  1540  1466   687          
CE4b    1880  1150   973  1298   739   772   699   721   791   907   815          
CE4b    1890   905  1000   786  1175  1456  1076   779   951  1136  1193          
CE4b    1900  1249  1722  1403  1442  1575  1039   778   689  1030   881          
CE4b    1910  1028   888   946  1125  1149   682   675   780   753   665          
CE4b    1920   578   598   484   575   619   462   651   571   587    83          
CE4b    1930   108   221   320   405   494   356   212   322   441   412          
CE4b    1940   539   494   412   483   398   446   341   264   355   831          
CE4b    1950   460   223    95   212   222   567   343   370   362   393          
CE4b    1960   701   436   815   989  1013   821   708   609   537   470          
CE4b    1970   500   671  1135   913   669   836   602   739   647   755          
CE4b    1980   874   736   755   526   404   346   618   578   633   666          
CE4b    1990   516   553   661   448   396   419   651   640   540   583          
CE4b    2000 -9999                                                                
CE5     1849   466                                                                
CE5     1850   496   449   758   754   312   332   384   635   633   463          
CE5     1860   419   470   456   386   468   653   572   824   666  1375          
CE5     1870  1773  1722  1941  2047  1709  1276  1492  1403  1093   689          
CE5     1880  1107  1310  1284   978  1043  1434  1217  1051   943  1162          
CE5     1890  1315   912  1089   943  1343   918  1090  1127   924   842          
CE5     1900  1320  1237   866   876   691   815   968  1244   935  1115          
CE5     1910   625   790  1018   929  1220   902   835   733  1211  1292          
CE5     1920  1082  1135  1445  1660   934   714   866   889   490   626          
CE5     1930   837  1102   988   827   586   991   995   921  1269   807          
CE5     1940   575   665   319   408   696   700   632   256   374   460          
CE5     1950   305   304   258   252   371   382   257   274   421   492          
CE5     1960   432   301   350   383   350   443   436   533   691   649          
CE5     1970   441   661   483   315   299   171   249   217   219   211          
CE5     1980   252   251   330   155   211   250   288   462   304   385          
CE5     1990   247   234   238   234   152   128   175   206   131   225          
CE5     2000   159   241   341   222   193   321   369   263   347 -9999          
CE7     1808  2443  2439
CE7     1810  2685  2925  2631  2002  1851  1660  1158   868   565  1188
CE7     1820   791  1205  1519  1091  1011   785  1104  2108  1447  1373
CE7     1830  1157  1525  1393  1351  2300  1784  1634  2127  2044  1036
CE7     1840  1165   862   946  1749  1292  1300  1255  1807  1394  1313
CE7     1850  1490  1349  1694  1353   953   826   907  1097  1482  1116
CE7     1860  1053   972  1027   644   794  1294  1532  1529  1043   908
CE7     1870   904  1187  1266  1080  1053   696   928   798  1138   580
CE7     1880  1146   563   673   528   684   776   953   986  1000  1147
CE7     1890  1280   766   626   807  1314   593   521   545   702   693
CE7     1900   807   809   801   772   854   704   625   584   598   535
CE7     1910   567   532   513   563   498   315   418   386   638   566
CE7     1920   536   584   580   472   616   645   632   543   430   218
CE7     1930   205   257   330   334   275   354   336   217   250   194
CE7     1940   190   296     0     0     0   268   282   206   313   406
CE7     1950   268   280   313   410   401   253   264   174   230   281
CE7     1960   421   216   384   393   346   428   321   330   411   512
CE7     1970   604   702   629   425   341     0   353   358   400   443
CE7     1980   530   398   265   247   166   154   226   225   248   265
CE7     1990   246   255   256   213   296   302   258   254   288   251
CE7     2000   327   295   466   564   712   461   414   425   296 -9999
CE8     1821  1779  2412  1560  2125  2265  2019  2553  2798  2635
CE8     1830  1904  1291  1883  1628  2166  1267  1232  1277  1227   717
CE8     1840   730   780  1050  1221  1352   809  1095  1458  1231  1437
CE8     1850  1642  1969  2390  1423  1686  1498  1828  1756  2482  2955
CE8     1860  1952  2101  2317  3098  2842  2441  2326  2184  2152  2174
CE8     1870  2247  1939  2087  2027  2221  1695  1627  1333  2108   716
CE8     1880  1377   945   861   572   766   916   862  1197  1437  1435
CE8     1890  1475   815   838  1079   973   846   777   962   960  1221
CE8     1900  1187  1462   916  1142  1336  1213   992  1123  1390   924
CE8     1910  1106  1569  1032  1430  1225   810   657   585   555   680
CE8     1920   745  1211  1087  1171  1628  1211  1319  1092   786   254
CE8     1930     0   310   334   474   329   337   332   403   491   426
CE8     1940   434   375     0   349   427   320   361   244   300   364
CE8     1950   311   345   213   260   227   350   380   419   417   544
CE8     1960   583   453   594   562   577   624   802   967  1012  1025
CE8     1970  1159  1564  1641  1112  1197  1271  1054   928  1034  1190
CE8     1980  1161  1092   688   528   431   711   842  1176  1412  1518
CE8     1990  1623  1843  1485  1480  1599  1372  1134  1088   859   910
CE8     2000  1232  1191  1475  1326  1482  1207  1373  1009  1304 -9999
CE10a   1847  1846  2435  2176
CE10a   1850  2154  1685  2120  1924  1668  1889  1460  1117  1273  1306
CE10a   1860  1108  1322  1571  1508  1414   992   863   958  1025  1321
CE10a   1870  1166   663   892  1109  1716  1329  1364  1221   750   488
CE10a   1880   880   822   566   482   366   523   525   566   590   481
CE10a   1890   492   507   348   407   421   294   468   283   480   584
CE10a   1900   602   840   567   398   341   271     0   294   379   325
CE10a   1910   339   295   405   549   506   453   420   458   470   720
CE10a   1920   715   926   836   898   936   744  1000   994   603   813
CE10a   1930  1044   987  1089  1447  1175  1911  1482  1410  1644  1495
CE10a   1940  1350  1133   773  1236  1189   982  1036   702   676   832
CE10a   1950   847   459   673   708   953   893   738   553   475   812
CE10a   1960  1104   888  1177  1546  1305  1168  1334  1267  1083  1346
CE10a   1970  1198  1306  1256  1003  1344  1348   889  1072   909   890
CE10a   1980   892   892  1065   788   994   747   917  1085  1045  1315
CE10a   1990  1198  1233  1046   899  1025   987  1052  1195  1004  1029
CE10a   2000   923   802   815   898  1149  1201  1475  1183  1044 -9999
CE10b   1851  1729  1757  1567  1493   948  1332  1082  1031  1197                
CE10b   1860  1127   900   963   949   893   790   816   924   755   516          
CE10b   1870   797   828   759   822  1119   187   547  1277  1446   954          
CE10b   1880   608   402   514   216   314   273   198   125   128   186          
CE10b   1890   210   165   214   245   161    91   138   115   183   226          
CE10b   1900   195   204   321   250   323   322   188   257   160   228          
CE10b   1910   134   130   269   191   283   233   176   211   148   293          
CE10b   1920   328   423   308   119   432   385   381   477   254   288          
CE10b   1930   344   333   516   437   423   659   496   688   628   689          
CE10b   1940   571   460   319   611   583   548   583   388   494   570          
CE10b   1950   456   338   354   427   580   656   653   543   478   526          
CE10b   1960   662   528   714   660   607   438   577   748   511   598          
CE10b   1970   599   806   696   586   511   688   648   792   659   515          
CE10b   1980   397   580   620   568   578   660   616   609   658   525          
CE10b   1990   444   714   635   666   564   520   589   461   524   488          
CE10b   2000   602   486   493   555   695   709   738   613   440 -9999          
CE11    1828  1434  1155
CE11    1830   406   727  1059   800   687   737   584   562  1146   536
CE11    1840   310   393   498   875   834   622   655  1226  1178  1027
CE11    1850  1608  1518  1632  1484   885  1333  1445  1489  1633  1566
CE11    1860  1378   861   752   647   416   506   695   643   557  1000
CE11    1870   938   754  1295   960   834   836  1214   984  1037   572
CE11    1880  1060   687   697   243   341   381   425   589   781   646
CE11    1890   602   265   268   367   459   358   476   140   105   430
CE11    1900   444   580   510   358   311   598   403   618   759   545
CE11    1910   469   572   572   538   667   407   341   346   167   346
CE11    1920   159   374   172    89   281   251   544   298    90     0
CE11    1930     0   274   472   489   522   615   692   707   777   748
CE11    1940   660   353   324   169   205   353   163   172     0     0
CE11    1950     0     0   174   195   215   222   328   371   299   460
CE11    1960   562   238   588   859   790   776   622   835   613   605
CE11    1970   424   412   358   410   372   534   698   670   635   531
CE11    1980   495   613   569   440   496   402   508   558   847  1051
CE11    1990  1420  1104  1047   553   402   566   988   819   836   951
CE11    2000  1300   871  1072  1153  1151   860  1125   915   813 -9999
CE12    1901  1056  1046   937   885  1002   693   860   944  1101                
CE12    1910   916   708   805  1014  1254  1100   964   907  1431  1083          
CE12    1920   847  1331  1120   832   772  1011  1264  1229   708   959          
CE12    1930  1120   957  1213  1991  1414  1863  1840  2030  2336  1830          
CE12    1940  1656  1363  1007  1492  1813  1630  1544   826   766  1208          
CE12    1950  1248  1176  1076   989   870   739   746   803  1031  1301          
CE12    1960  1057   528  1357  1800  1525   922  1063  1204   828  1100          
CE12    1970  1358  1653  1714  1352  1280  1520  1231  1395  1719  1704          
CE12    1980  1761  1778  1133   958   851   775  1028  1226  1171  1162          
CE12    1990   861  1134  1018   940   873  1023  1174  1472  1102  1083          
CE12    2000  1544  1437  2032  1460  1513  1348  1231  1268  1321 -9999          
CE13    1836   784   936  1186   812                                              
CE13    1840  1168   741   699  1139  1178  1030  1733  1578  1536  1077          
CE13    1850  1348  1435  1919  1300   933   770   611   635   641  1078          
CE13    1860   822   688   769  1142  1048  1165   803   763   784   852          
CE13    1870  1321   959  1247  1489  1479  1109  1569  1405  1526   777          
CE13    1880  1321   608   703   503   444   422   412   704   483   708          
CE13    1890  1048   481   379   459   490   491   501   433   515   866          
CE13    1900   980  1081  1153   617   463   277   262   349   387   396          
CE13    1910   361   411   577   651   916  1225  1524  1392  1104   820          
CE13    1920   581   986   903  1013   846   912  1030  1341  1207  1511          
CE13    1930  1421  1487  1699  2451  1851  2919  3390  2939  2047  1759          
CE13    1940  1166  1499  1287  1251  1492  1246   911   395   661  1090          
CE13    1950   852   872  1033   975   922  1018   768   556   522   726          
CE13    1960  1009   866  1433  1722  1868  1411  1404  1616  1473  1491          
CE13    1970  1518  1883  2383  1658  1100  1220   924   965   984  1404          
CE13    1980  1388  1285   850   737   979  1030  1111  1267  1456  1308          
CE13    1990  1374  1373  1079  1087   926   781   680   872   804   772          
CE13    2000   806  1156  1102  1070   932   785   895   822   806 -9999          
CE14    1800   681   675  1015   761   766   525   720   702   485   176          
CE14    1810   321   109   123   128   116   121   142    71   142   606          
CE14    1820   453   343   693   720   820   652   449   620   438   488          
CE14    1830   510   446   566   485   633   358   245   425   467   297          
CE14    1840   338   243   324   408   569   678   636   595   550   530          
CE14    1850   308   242   260   203   202   187    95   159   272   367          
CE14    1860   187   220   189   298   321   416   323   376   266   372          
CE14    1870   925   611   761   889  1070  1448  2122  2254  2694  1339          
CE14    1880  1436   910   980   599   502   465   347   383   599   998          
CE14    1890   802  1092   612   591   751  1126  1089   672   984  1103          
CE14    1900  1254  1237   629   902   477   332   391   297   708   718          
CE14    1910   935   697   640   994  1025   798   950  1014   651  1277          
CE14    1920   824  1430  1267  1089  1146  1083   957  1106  1012   793          
CE14    1930   632   815   949  1080  1023   996   950  1218  1412  1064          
CE14    1940   956  1014   566   819   774   384   359   324   203   363          
CE14    1950   296   363   367   296   402   484   294   215   234   334          
CE14    1960   421   235   352   433   373   309   365   403   331   455          
CE14    1970   448   209   223   161   123   174   161   264   315   301          
CE14    1980   255   239   215   153   126   228   134    81   143   182          
CE14    1990   107    90   111   100    94    78    80   197   266   242          
CE14    2000   243   283   355   299   474 -9999                                  
CE15    1831  1571  1540  1142  1351  1315  1206  1046   785   363
CE15    1840   483   408   408   930   880   952   779  1071  1092  1290
CE15    1850  1094  1240  1466  1451  1093  1042  1079  1040  1367  1047
CE15    1860  1149  1131   977   633   605   726  1010  1526  1255  1273
CE15    1870  1604  1324  1276  1214   944   764   986   761   828   707
CE15    1880   802   520   741   568   648   841  1045  1506  1496  2047
CE15    1890  2532  1533  1626  1675  1546  1241  1159   653   789  1178
CE15    1900  1418  1663  1037  1224  1392  1327  1175  1006  1179  1219
CE15    1910  1056   869   849  1026  1509  1369  1440   908  1303  1245
CE15    1920   965  1138  1151   680   882   619   637   564   280   184
CE15    1930   233   267   384   639   752   781  1060  1100   608   525
CE15    1940   716   714   425   594   517   271   178   152   121   153
CE15    1950   146    90   188   228   203   265   239   184   215   144
CE15    1960   150   133   126   243   164   162   238   309   323   336
CE15    1970   489   476   380   395   484   503   488   460   359   352
CE15    1980   380   478   450   496     0     0   495   803   736   919
CE15    1990   731   982   820   816   704   885   951  1220  1383  1508
CE15    2000  1802  1856  1427  1574  1896  1624  1928  1754  1581 -9999
CE16    1811   921  1374  1191  1315  1464  1108   901   596   938
CE16    1820   853  1316   450   575  1167  1396  2353  3603  1887  2188
CE16    1830  1520  1483  2757  2542  2119  2352  2050  2503  2160   763
CE16    1840   933   702   743  1036  1442  1613   847  1687  1758  1762
CE16    1850  1738  2141  2521  2191  1843  1211  1585  1478  1929  2003
CE16    1860  1758  1918  2358  1323  1192   882   819  1311  1169  1413
CE16    1870  1557  1118  1801  1762  1284   981   771   970  1394   492
CE16    1880   681   423   521   217   325   301   390   740   689   689
CE16    1890   980   936  1060  1222   790   627   836   463   572   594
CE16    1900   800  1176  1078   950   729   463   447   460   681   554
CE16    1910   641   625   759  1088  1073   701   949  1164  1347  1221
CE16    1920   918  1230  1093   820  1032   828   990   770   670   234
CE16    1930   193     0   398   718   839  1015   729   755   939   801
CE16    1940   505   534   414   976   938   854   661   216   289   562
CE16    1950   320   195    88   158   218   135   248   171   155   167
CE16    1960   353   201   205   197   146   220   279   290   288   324
CE16    1970   381   494   483   333   252   335   319   575   484   395
CE16    1980   310   438   382   344   155   351   356   497   458   535
CE16    1990   358   648   665   441   466   592   678   854   655   528
CE16    2000   784   859   880   678   985   575   801   755   658 -9999
CE17    1837  1675  1430   484                                                    
CE17    1840   506   462   516   925   833  1203  1576  1979  1886  2617          
CE17    1850  2060  2409  2470  2178  2326  2210  2572  2472  2517  2650          
CE17    1860  2736  2428  2454  2400  1521  1507  1964  2455  2507  1554          
CE17    1870  1613  1412  1908  2132  2615  2039  1669  1485  2174   952          
CE17    1880  2614  1547  1987  1005  1047  1091  1107  1803  1774  2189          
CE17    1890  2504  2223  2042  2222  2171  1587  1587  1990  2227  2443          
CE17    1900  2126  2467  1890  2365  2561  1700  1699  1723  1425  1522          
CE17    1910  1702  2177  1611  2401  2521  1350  1396  2174  1840  1704          
CE17    1920  1795  1802  1757  1555  1655  1660  1840  1571  1660  1172          
CE17    1930  1036  1412  2142  2763  2084  1957  1689  1411  2318  2577          
CE17    1940  1447  1588  1478  1797  3085  2120  1472   884   783  1948          
CE17    1950  1165   694   495   579   697  1054   734  1010  1291  1967          
CE17    1960  1655  1086  1806  1867  1921  1776  1628  1879  1746  1706          
CE17    1970  1891  2403  2365  1383  1373  1605  1219  1379  1340  2009          
CE17    1980  2070  2123  1402  1140  1027   799   677  1195  1213  1140          
CE17    1990  1391   967  1228  1328  1488  1057  1327  1391  1131  1514          
CE17    2000  1962  1564  1544  1452  1316  1445  1684  1350  1045 -9999          
CE18a   1837  1012  1268   854                                                    
CE18a   1840  1080   726   509   673   916   811   615   773   943  1009          
CE18a   1850   978   983  1484  1033   956  1017  1307  1326  1167  1192          
CE18a   1860   926   942   770   663   669   814   789   888   760  1162          
CE18a   1870  1254   978  1232  1313  1344  1314  1083  1174  1011   660          
CE18a   1880   752   617   889   554   519   570   699   856  1014   798          
CE18a   1890   865   885  1094   885   743   723   719   702   667   904          
CE18a   1900   753   736   771   720   705   678   600   884   728   794          
CE18a   1910   581   774   730   738   981   616   522   620   868   813          
CE18a   1920   686   886   708   768   872   941   755   843   893   740          
CE18a   1930   594   805   787   690   545   694   739   626   776   513          
CE18a   1940   520   677   522   702   750   679   548   767   599  1150          
CE18a   1950   806   908  1102   841   628   753   524   679   631   725          
CE18a   1960   702   436   582   551   702   621   464   476   425   573          
CE18a   1970   739   739   670   478   385   448   428   467   502   406          
CE18a   1980   515   548   373   370   414   529   562   495   568   556          
CE18a   1990   602   603   523   470   461   413   457   460   377   518          
CE18a   2000   431   524   483   463   464   484   464   574   535 -9999          
CE18b   1837  1357  1379  1205                                                    
CE18b   1840  1331   968  1275  1097  1230   670  1051  1887  1667  1228          
CE18b   1850  1496  1381  2032  1546  1174  1593  1765  1651  1743  2093          
CE18b   1860  1504  1676  1518  1617  1461  1570  1230  1162  1030  1034          
CE18b   1870  1219  1751  2022  2193  1996  1369  1190  1027  1132   570          
CE18b   1880   939   598  1003   515   592   541   599   775  1110  1497          
CE18b   1890  1092   624   820   888   719   587   702   595   775   748          
CE18b   1900   699   928   824   926   917   924   972   800   642   651          
CE18b   1910   592   551   579   809   790   587   568   610   536   520          
CE18b   1920   579   675   519   404   678   631   522   602   447   494          
CE18b   1930   511   579   555   612   540   757   546   788   725   850          
CE18b   1940   361   533   574   515   601   493   557   455   495   495          
CE18b   1950   469   301   494   446   322   336   338   248   452   416          
CE18b   1960   376   197   178   241   296   289   271   194   247   254          
CE18b   1970   236   301   313   307   251   274   246   293   299   261          
CE18b   1980   283   455   295   300   318   349   300   276   330   398       
CE18b   1990   425   505   507   519   482   450   469   664   391   488       
CE18b   2000   448   438   531   448   280 -9999                            
CE19a   1824  1423  1231  1643  1289  1448  1370
CE19a   1830   773  1123  1311  1170  1137  1538  1132   821   815   227
CE19a   1840   174   194   289   423   529   380   476  1330   913   696
CE19a   1850   845  1130  1598  1121   479   560  1168   752   914   717
CE19a   1860   771   648   869   593   488   815   620   294   250   493
CE19a   1870   609   628  1101   952   806   413   453   614   745   253
CE19a   1880   421   265   322    99   196   216   184   116    82   222
CE19a   1890   203   142     0    83    98    99   215   331   603   758
CE19a   1900   866   869   849   361   415   373   174   306   475   471
CE19a   1910   443   570   553   545   632   433   398   274   334   514
CE19a   1920   409   670   500   355   343   413   680  1145   641   664
CE19a   1930   516   416   663   805   778   791  1251  1368   869   872
CE19a   1940   846  1365   227   467  1079   897   356   107   269   321
CE19a   1950   461   401   187   207   270   195   274   128    55   266
CE19a   1960   329   160   286   190   199   235   400   378   523   599
CE19a   1970   565   523   943   489   375   473   740   819   763   529
CE19a   1980   572   572   649   261   269   292   400   239   336   425
CE19a   1990   348   503   522   349   260   281   344   431   308   390
CE19a   2000   413   482   355   586   963   730   831   707   497 -9999
CE19b   1824  1169  1132  1733  1234  1544  1735
CE19b   1830   632   891  1120  1597  1170  1365  1119   606   724   182
CE19b   1840   162   318   312   721   713   447   356  1291   633   719
CE19b   1850  1010  1017  1842  1531   702   807  1270  1045  1204  1068
CE19b   1860  1001   848  1252   969   911  1015   650   702   444   736 
CE19b   1870   910   828   923  1048  1165   730   816   952   716   443
CE19b   1880   504   665   162    93   153    62   166   289     0   399
CE19b   1890   622   479   409   588   713   453   869   833   890   984
CE19b   1900  1381  1067   883   542   496   468   257   503   723   756
CE19b   1910   683   840   746   757   808   717   512   554   586   662
CE19b   1920   393   620   403   378   470   465   598   670   342   454
CE19b   1930   419   347   499   468   876  1153  1079  1363  1364  1031
CE19b   1940   991   745   305   384   708   594   356    92   437   686
CE19b   1950   532   299   115   244   497   730   658   451   415   595
CE19b   1960   912   541   607   579   291   448   604   564   615   672
CE19b   1970   652   537   758   346   387   629   673  1185   707   727
CE19b   1980   596   715   565   431   529   607   691   838  1020   995
CE19b   1990   907  1117  1114   541   594   746   894  1164  1024  1155
CE19b   2000  1051  1035   939  1047  1323   950   926   813   908 -9999
CE22    1820   901  1036  1785  1683  1824  1619  1574  1337  1852  2030          
CE22    1830  1413  1033  1491  1612  1770  1599  1555  1260  1544   868          
CE22    1840  1077   972  1004  1277  1292  1200  1548  1422  1680  1814          
CE22    1850  1936  2117  2369  1982  1944  1541  1916  1645  1625  1625          
CE22    1860  1573  1850  1732  2079  2042  1496  1057  1233  1549  1559          
CE22    1870  1879  1746  1885  1931  2000  1505  1705  1784  1986  1240          
CE22    1880  1785  1475  1911  1289  1548  1440  1200  1737  2129  2054          
CE22    1890  2167  1660  1848  1808  2283  1932  1570  1039  1041  1541          
CE22    1900  2122  2861  2410  2726  2537  1991  2224  2147  1644  1756          
CE22    1910  1415   985  1022  1516  2270  1669  1616  1491  2104  1558          
CE22    1920  1231  1971  1784  1620  1356  1321  1421  1450  1319  1050          
CE22    1930   964  1170  1339  1417  1635  2231  2154  2067  2515  1750          
CE22    1940  1572  1334  1189  1319  1960  1390  1301  1204   951  1074          
CE22    1950   992   718   724   892  1133  1217  1155   922  1294  1200          
CE22    1960  1353   857  1259  1496  1567  1456  1446  1772  1571  1365          
CE22    1970  1370  1938  1511  1204   717   892  1027   809  1210  1371          
CE22    1980   870  1126  1076   657   689  1152  1133  1189  1298  1584          
CE22    1990  1423  2147  1585  1438  1272  1283  1590  1608  1489  1391          
CE22    2000  1505  1532  1316  1199  1270  1075  1038  1296  1144 -9999          
CE26    1735  2968  3389  3043  3360  2702
CE26    1740  1579  1644  1900  1601  2276  1600  1436  2165  1808  2168
CE26    1750  2026  1677  1399  1945  1951  2354  1328  1267  1761  1683
CE26    1760  1130  2292  2114  2394  2117  1373  1670  2167  1693  1286
CE26    1770   618   600   619   587   778   927  1270   897   938  1039
CE26    1780   697  1110  1060  1393   853  1306   939   404   228   798
CE26    1790  1250  1091   874   981  1171   835   709  1286  1260   956
CE26    1800   989   761   672   914   859  1083  1179  1037  1212   783
CE26    1810   949   935  1067   868  1231  1376  1403  1443  1093  2374
CE26    1820  1302  1454  1368  1243  1433  1021   803  1159  1020   593
CE26    1830   384   857   611  1469  1511   929   869  1066  1032   481
CE26    1840   358   539   946  1428  1510  1518  1772  1593  1229  1055
CE26    1850   822   745  1248  1111  1032   758   930  1133   873   963
CE26    1860   921   952   768   973   898   831   777   945   997   691
CE26    1870   636   769   751   803   846   787  1476   938  1209   513
CE26    1880   870   562   622   249   329   326   441   426   517   751
CE26    1890   747   406   412   668   538   429   560   653   561   776
CE26    1900   814   996   564   778   869   833   645   509   666   498
CE26    1910   543   539   456   529   591   392   514   424   617   783
CE26    1920   573   641   543   356   384   635   863   563   405     0
CE26    1930   289   342   530   566   572   815   679   916   848   698
CE26    1940   635   885   665   638   624   587   519   265   228   284
CE26    1950   212   284   228   141   211   193   232   262   228   291
CE26    1960   398   300   345   234   311   319   520   524   435   628
CE26    1970   661   605   557   491   488   557   482   503   436   548
CE26    1980   446   510   395   361   240   335   566   325   420   506
CE26    1990   461   527   460   289   208   204   310   150   153   202
CE26    2000   267   271   156   250   297   147   242   196   234 -9999
CE29    1830   829   795  1526  1024   958  1007  1120   907  1221   510
CE29    1840   238   266   340   934  1276  1347  1446  1749  1514   995
CE29    1850  1166  1619  1473   841   695   610  1026  1047   822   892
CE29    1860  1025   946   948  1103   881   617   506   605   427   578
CE29    1870   991   503   901   809  1031   681   824   680  1178   334
CE29    1880   277   400   490   153   154   188   118   216    87     0
CE29    1890     0     0     0   239   165   214   244   243   301   459
CE29    1900   551   611   590   452   301   331   320   330   256   369
CE29    1910   255   314   430   348   355   296   367   268   470   322
CE29    1920   250   327   186   119   256   385   395   541   105   144
CE29    1930   220   208    79   194   105   135   173   431   481   411
CE29    1940   386   414   258   225     0     0     0     0     0     0
CE29    1950   411   281   411   190    66   221   244   284   125   138
CE29    1960   182   320   140    96   166   262   328   279   239   314
CE29    1970   367   280   378   187   153   271   376   433   309   293
CE29    1980   257   237   252   203   173   187   279   272   260   202
CE29    1990   242   318   153   131   178   370   286   280   176   146
CE29    2000   237   287   322   458   338   357   289   182   105 -9999
