CF01    1849  1200
CF01    1850  1114  1204  1147  1002   813  1139  1434  1399  1876  1719
CF01    1860  1316  1458  1662  1305  1098   864   873   971  1135  1035
CF01    1870  1033   912  1255   979  1130  1065  1189  1113   861   658
CF01    1880   980   624   907   669   525   525   623   694   711   550
CF01    1890   792   832   784   711   802   580   561   722   622   870
CF01    1900   692   680   580   640   800   821   613   624   525   493
CF01    1910   381   301   485   392   572   532   734   842   591   772
CF01    1920   821   700   570   750   721   561   922  1202  1104   884
CF01    1930   470   411   260   160   211   470   480   440   790   721
CF01    1940   470   770   550   590   630   630   560   500   480   520
CF01    1950   340   450   300   450   420   390   391   220   243   201
CF01    1960   226   180   272   251   200   360   512   635   491   450
CF01    1970   334   402   290   210   180   181   150   210   251   241
CF01    1980   300   400   482   480   410   442   380   551   441   391
CF01    1990   290   262   291   280   321   330   351   340   391     0
CF01    2000   421   475   461   420     0   548   532   454 -9999
CF02    1865  1304  1458  1430  1515  1676
CF02    1870  1139  1215  1546  1393  2240  1666  1540  1149  1077  1030
CF02    1880  1989  1559  1946  1666  2106  2182  1760  1184   906   871
CF02    1890   850   631  1147  1476  1622  1635  1947  2152  2398  2109
CF02    1900  2036  2118  1909  1660  1895  1678  1613  1515  1877  1555
CF02    1910  1393  1151  1111  1372  1453  1512  1788  1865  2148  1995
CF02    1920  2233  2036  2189  2242  1994  2152  2460  2841  2681  2690
CF02    1930  2231  2001  1581  2260  2560  2990  2661  2431  3043  2007
CF02    1940  1283  1851  1610  2425  1902  1883  1952  1817  1494  1597
CF02    1950  1210  1051  1290  1680  1300  1100   812   882   881   790
CF02    1960   630   771   953   953   992  1413  1585  2330  1800  1560
CF02    1970  1610  1460  2300  2340  1810  1730  1090   600   822  1030
CF02    1980  1711  2402  2910  2400  1390  1241  1340  1690  1551  1661
CF02    1990  1110  1002   712   610   492   663   571   720   690   780
CF02    2000  1070  1345  2161  2437  2625  2207  2233  1835  1764 -9999
CF03    1911  1129  1161   962  1113  7958  1105  1488  1069  1316
CF03    1920  1324  1396  1400  1281  1149  1168  1695  1629  1718  2214
CF03    1930  1761  1670  1804  1816  1703  1792  1439  1749  2622  2186
CF03    1940  1944  1976  2114  2383  2553  2596  1649  2493  1449  2255
CF03    1950  1659  1720  2148  2033  1879  2041  1142  1315  1329  1307
CF03    1960  1651  1235  1711  1065  1749  1306  1366  2035  1337  1412
CF03    1970  1482  2092  2201  1722  1222  1518  1069   927  1335  1379
CF03    1980  1306  1089  1177   977  1376  1168  1418  1696  1319  1305
CF03    1990  1357  1055  1225   822   939   626   757   771   600   842
CF03    2000  1049  1276  1564  1323   803   842  1476  1090  1081 -9999
CF04    1845  2452  2699  3522  2384  2051
CF04    1850  2599  2743  2619  2012  1838  1995  2380  2257  2315  2426
CF04    1860  1967  1929  2374  2188  2168  2048  2050  1730  1809  1265
CF04    1870  1018  1053  1677  1737  1904  2021  1574  1626  1487  1271
CF04    1880  1730  1116  1087   857   609   566   658   830   881   946
CF04    1890   813   730   876  1187   895   784   807   876  1398  1398
CF04    1900  1359  1596   905  1114  1113   951   657   769   753   775
CF04    1910   581   804   696   668   681   603   523   523   551   801
CF04    1920   621   602   803   640   836  1520  1330  1011   676   809
CF04    1930   741   677  1125  1047   998   939   648   751   699   908
CF04    1940   685   798   829  1010  1076   652   822   751   792   977
CF04    1950   730   628   684   644   833   630   623   570   650   642
CF04    1960   532   334   533   490   701   643   582   685   543   625
CF04    1970   643   803   817   597   452   604   474   371   571   500
CF04    1980   553   550   550   541   480   581   535   754   662   628
CF04    1990   723   654   624   573   414   532   576   582   613   560
CF04    2000   711   900  1022   711   811   470   700   940   831 -9999
CF05    1840  1960  1709  1393  1209  1086   636  1015  1267  1212   888
CF05    1850  1092  1429  1124   631  1087  1244  1072  1434  1133  1424
CF05    1860  1448   844  1346  1812  1014  1397   959   974   914  1082
CF05    1870  1063   853  1020   842  1091  1032  1350  1150  1250   850
CF05    1880   842   610  1040   741   760   840   761   810   650   811
CF05    1890   683   790   684   714   470   661   700   700   651   840
CF05    1900   670   890   740  1030   851   420   460   571   791   490
CF05    1910   280   431   370   410   301   351   580   670   560   770
CF05    1920   860   620   511   812   891   670   740   642   660   833
CF05    1930   761   480   450   520   480   860   470   470   450   480
CF05    1940   361   521   390   460   610   540   380   391   331   810
CF05    1950   450   420   340   350   271   350   240   321   331   230
CF05    1960   310   210   270   270   520   610   590  1080   810   490
CF05    1970   460   622   461   441   220   479   303   413   471   584
CF05    1980   528   745   791   975   613   645   714   879   630   704
CF05    1990   757   532   434   475     0   350   330   273   401   454
CF05    2000   504   666   784   689   490     0   695   532 -9999
CF06    1801   680   720  1080   840   890   830  1100  1240  1090
CF06    1810  1510  1460  1440  1650  1250  1140   790  1090   680   700
CF06    1820   610   630   790   720   840   830   450   490   380   350
CF06    1830   370   460   540   530   590   420   370   450   380   330
CF06    1840   290   400   390   410   360   480   760   570   900   930
CF06    1850  1030   860   700   630   680   580   600   680   420   310
CF06    1860   250   310   370   390   450   410   330   360   430   430
CF06    1870   280   240   440   430   600   550   470   510   650   350
CF06    1880  1010   650   960   580   530   470   440   520   390   350
CF06    1890   400   340   290   270   190   170   310   270   270   340
CF06    1900   230   180   120   390   290   370   340   330   240   280
CF06    1910   690   530   590   770   750   460   450   480   630   460
CF06    1920   480   550   540   640   730   640   870   810   700   790
CF06    1930   860   930  1210  1330  1070  1040   770   710   960   860
CF06    1940   750   900   810  1380  1170  1260   710   430   470   760
CF06    1950   480   470   440   510   470   430   380   250   250   280
CF06    1960   360   150   170   170   200     0   160   220   200   230
CF06    1970   240   250   240   200   160   150   140    70   150   100
CF06    1980   150   170   140   160   140     0   190   210   190   190
CF06    1990   270   250   350   250   200     0   170   170    90     0
CF06    2000    80   110   140    90   180   120   230   230   170 -9999
CF07    1849  1062
CF07    1850   502   438   444   520   570   806  1140  1163  1669  1394
CF07    1860  1365  1041  1285  1140  1384  1154  1240  1338  1239  1307
CF07    1870  1016   953  1195  1420  1286  1475  1287   946   802   914
CF07    1880   626   566   743   758   772   856   652   642   500   422
CF07    1890   564   628   913   753   731   487   553   693   655   775
CF07    1900   826   772   700   703   763   494   341   420   422   371
CF07    1910   381   360   381   300   340   280   420   440   351   442
CF07    1920   400   471   613   395   483   395   485   505   275   367
CF07    1930   322   328   351   321   351   330   471   474   495   576
CF07    1940   303   505   395   271   395   383   453   515   454   335
CF07    1950   372   383   375   335   220   293   261   110   361   173
CF07    1960   191   141   261   252   212   331   518   523   565   345
CF07    1970   334   300   292   243   210   291   182   242   311   361
CF07    1980   484   505   532   572   381   421   404   532   411   434
CF07    1990   481   542   320   272   270   361   420   431   250   401
CF07    2000   703  1052  1031   781   761   590   750   581   621 -9999
CF08    1751  1179  1326  1174  1163  1034   524   592   578   948
CF08    1760   815   858   738   899   830   944  1047   856   694   863
CF08    1770     0   609   492   420   635   886   860   955   851   778
CF08    1780   511   734   643   576   550   418   402   459   459   452
CF08    1790   658   493   560   535   607   610   573   573   473   471
CF08    1800   551   551   459   418   553   568   457   386   541   671
CF08    1810   557   538   755   663   534   687   706  1047  1184  1039
CF08    1820  1327  1346  1301  1005   740   845   703   674  1597  1271
CF08    1830   710   761  1283  1151  1102  1213  1041  1221  1320   951
CF08    1840  1090   931   970  1010   890  1061  1430  1190  1030   971
CF08    1850   881   811   930   881   640   610   620   641   580   650
CF08    1860   871   745   742   691   891  1010   710   591   711   670
CF08    1870   501   351   470   431   481   500   690   711   631   460
CF08    1880   610   410   540   390   510   500   440   431   440   660
CF08    1890   530   591   450   640   680   721   721  1043  1162  1020
CF08    1900   871   772   481   663   956  1071   887   584   654   584
CF08    1910   736   836  1099  1258   972   703   556   781   636   612
CF08    1920   543   663   546   648   655   777   624   607   475   794
CF08    1930   624   625   784   835   706   884   710   591   460   633
CF08    1940   674   664   602   874  1105   784   602   613   351   822
CF08    1950   733   501   370   521   471   451   401   450   480   430
CF08    1960   440   290   301   340   400   480   551   661   541   671
CF08    1970   490   591   600   511   401   530   431   341   330   510
CF08    1980   525   510   341   371   420   440   601   610   540   500
CF08    1990   451   560   720   550   450   380   460   310   370   440
CF08    2000   410   500   410   390   330   360   480   490   450 -9999
CF09    1860   760   900  1049   694   511   381   633   555   544   490
CF09    1870   400   414   564   465   554   714   306   304   171   255
CF09    1880   455   369   294   377   651   603   290   311   322   262
CF09    1890   392   414   547   450   462   232   482   420   441   551
CF09    1900   320   432   380   420   430   370   260   470   393   447
CF09    1910   452   464   595   382   341   383   726   624   668   633
CF09    1920   594   666   532   552   676   805   962   865   730   975
CF09    1930   796   871   738   891   903   975   589   711  1026   735
CF09    1940   520   741   714   963   939   866   671   582   490   691
CF09    1950   555   585   640   582   502   359   375   298   388   582
CF09    1960   512   412   500   396   345   547   706   744   522   559
CF09    1970   272   311   290   320   280   365   314   310   406   437
CF09    1980   660  1009   927   906   808   743   871   923   866   625
CF09    1990   812   600   654   514   764   805   866   816   927  1152
CF09    2000  1392  1114  1470  1140  1042  1070   744  1194  1220 -9999
CF10    1780   160   224   101   124    94   116    83   109   110   157          
CF10    1790   134   141   142   109   108   112   115   122   100    90          
CF10    1800    67    48    48    64    72    87    68    78    89    81          
CF10    1810    83    78    75    58    52    81    64    78    65    88          
CF10    1820    61    46    50    33    53    61    51    89    69    55          
CF10    1830    49    62    67    84    91    84    91    65    47    47          
CF10    1840    50    45    37    79    56    67   109    80    57    55          
CF10    1850    55    50    54    41    27    34    31    36    60    50          
CF10    1860    35    32    21    36    30    56    42    28    53    42          
CF10    1870    30    22    34    22    25    38    40    47    37    22          
CF10    1880    33    25    38    25    25    44    40    60    35    45          
CF10    1890    57    53    46    42    45    30    30    28    41    74          
CF10    1900    49    64    33    40    44    45    29    45    33    24          
CF10    1910    23    30    30    36    41    34    44    44    56    36          
CF10    1920    46    53    43    40    40    53    69    46    30    42          
CF10    1930    46    41    59    45    58    59    35    43    38    45          
CF10    1940    25    25    21    44    33    20    26    22    16    27          
CF10    1950    19    18    19    17    18    31    30    32    18    38          
CF10    1960    46    25    26    29    31    29    28    29    29    36          
CF10    1970    37    35    39    34    26    26    31    33    24    34          
CF10    1980    26    28    27    28    26    11    19    24    21    15          
CF10    1990    13    18   999                                                    
CF11    1778  1398   145                                                    
CF11    1780    76   109   119   129   121    57   182    79    82    94          
CF11    1790    79   128    67    86   105   150   195   234   115   114          
CF11    1800   240   197   205   194   269   457   366   259   296   398          
CF11    1810   369   479   668   527   353   624   929   830   862  1108          
CF11    1820  1577  1345  1209  1091  1336  1254   785   837  1046   755          
CF11    1830   732   762  1294   745   832  1399  1491  1059   942   736          
CF11    1840   858   962   759   955  1295  1096  2000  1159  1272   702          
CF11    1850   676   667   793   673   648   764   807  1013  1423  1417          
CF11    1860  1305  1031   831   730   579   598   859   966   793   743          
CF11    1870   954   942  1045  1139  1077  1164  1148  1093   957   654          
CF11    1880   773   558   604   533   646   796   743   863   736   509          
CF11    1890   622   658   839   870   700   496   811   783   580   728          
CF11    1900   872   986   973  1181  1112   845   558   711   705   524          
CF11    1910   613   427   673   574   597   465   691   482   620   787          
CF11    1920   869   568   792   693   568   822   955  1287   590  1193          
CF11    1930  1258  1193  1348   744   876   749   654   791   797   894          
CF11    1940   573   868   892   965   760   692   677   771   668   619          
CF11    1950   489   269   324   338   250   164   154   236   118    73          
CF11    1960 -9999                                                          
CF14    1844  2704  2155  3074  3588  3826  3131                                  
CF14    1850  3165  3063  3138  2823  2552  2366  2902  2535  2784  2226          
CF14    1860  2306  2023  2307  1955  2027  1421  1485  1430  1561  1530          
CF14    1870   911   945  1372  1186  1446  1195  1141  1267  1341   959          
CF14    1880  1231   867   957   706   786  1096  1010  1075   873   715          
CF14    1890   957   993   995   969  1064   739   772   791   914   880          
CF14    1900   980  1003   832   870   915   719   533   701   816   836          
CF14    1910   776   608   752   607   635   438   468   374   436   528          
CF14    1920   586   697   654   800   695   586   560   700   428   788          
CF14    1930   604   718   803   559   432   402   430   408   435   580          
CF14    1940   416   369   277   587   490   329   400   410   320   540          
CF14    1950   326   325   449   464   471   469   544   442   354   262          
CF14    1960   337   205   202   242   249   331   348   396   372   393          
CF14    1970   285   447   541   438   285   365   191   221   266   256          
CF14    1980   244   341   404   376   264   256   237   323   287   340          
CF14    1990   330   324   343   419   261   275   191   145   223   279          
CF14    2000   188   258   287   334   331   238   224   238   116 -9999          
CF15    1736   190   103   135   263
CF15    1740   161    85    92    75    68    74    44    65    84    15
CF15    1750    41    49    46    64   105    63    35    36    26    27
CF15    1760    30    18    18    34    38    37    42    64    79    48
CF15    1770    39    15     6    11    24    19    20    20    19    24
CF15    1780    24    27    26    26    16    30    24    40    27    28
CF15    1790    30    19    22    22    29    36    23    33    17    28
CF15    1800    25    20    31    30    48    35    26    24    28    35
CF15    1810    49    54    61    76    41    59    44    61    45    74
CF15    1820    76    60    52    27    17    19    31    43    41    39
CF15    1830    48    60   112   104    92    85    54    36    23    13
CF15    1840    13    17    20    35    53    55    95    60    70    57
CF15    1850    73    65    57    40    49    38    45    61    75    53
CF15    1860    55    43    32    32    28    27    30    32    30    19
CF15    1870    26    22    35    17    11    16    30    30    32    23
CF15    1880    18    13    26    16    14    28    26    32    24    34
CF15    1890    51    50    52    54    48    19    37    56    50    46
CF15    1900    44    31    30    30    53    46    46    48    48    38
CF15    1910    30    37    40    30    37    22    33    36    43    51
CF15    1920    41    42    66    85    78    94   129    83    92   105
CF15    1930    56    69    64    49    45    54    48    41    45    37
CF15    1940    31    48    33    57    66    46    47    44    43    98
CF15    1950    66    55    54    82    63    58    55    73    67    59
CF15    1960    44    34    50    45    60    53    53    78    40    29
CF15    1970    31    70    55    44    21    34    28    22    42    30
CF15    1980    29    30    22    30    22    28    21    39    31    42
CF15    1990    28    30    29    24    22    19    19    41    29    32
CF15    2000    21    25    23    24    21    23    30    28    30   999
CF16    1748   946  1058                                                          
CF16    1750  1145  1121  1050   822   672   662   661   863  1417  1228          
CF16    1760   992   793  1157  1087  1116  1235  1146  1154  1024   958          
CF16    1770   659   674   756   862   882   927   802   709   994   859          
CF16    1780   946  1030   733   627   794   592   653   730   752   915          
CF16    1790  1149  1034   839   832   846   722   713   604   673   575          
CF16    1800   524   329   477   514   404   484   461   382   418   348          
CF16    1810   348   396   353   472   578   620   522   661   627   842          
CF16    1820   563   509   495   360   563   579   377   457   326   319          
CF16    1830   258   348   336   403   467   416   349   370   289   189          
CF16    1840   191   174   230   282   406   404   409   308   327   201          
CF16    1850   229   201   162   192   113   162   259   324   356   376          
CF16    1860   303   259   385   292   356   244   359   220   316   364          
CF16    1870   244   203   218   344   262   260   387   372   242   353          
CF16    1880   221   293   193   268   255   187   294   242   274   284          
CF16    1890   277   171   142    66   115   132    40   108   109    70          
CF16    1900   138   237   183   236   304   400   205    83   168   162          
CF16    1910   236   158   163   140   227   124   120   183   205   160          
CF16    1920   154   217   162   128   293   197   335   290   191   351          
CF16    1930   351   402   635   903   748   694   531   652   530   503          
CF16    1940   470   603   378   405   474   533   455   286   212   479          
CF16    1950   256   370   271   288   188   364   363   275   334   228          
CF16    1960   260   145   202   278   183   258   294   407   315   778          
CF16    1970   860  1009   799   554   278   395   253   154   266   349          
CF16    1980   337   288   362   412   360   303   486   567   447   809          
CF16    1990  1234  1132   849   705   552   616   587   531   424   508          
CF16    2000   557   559   538   723   315   503   924   667   798 -9999
CF17    1874   822  1156  1955  1701  2523  1343
CF17    1880  1487  1054   958   680   641   803   956  1220   906  1013
CF17    1890   567   404   482   601   417   361   644   757   691   711
CF17    1900   836   657   405   428   485   540   516   450   470   352
CF17    1910   404   384   288   306   266   242   334   475   419   508
CF17    1920   472   572   517   419   462   618   566   520   250   488
CF17    1930   499   504   636   616   584   494   408   484   439   580
CF17    1940   458   596   494   662   666   472   525   371   419   926
CF17    1950   680   573   427   516   439   738   805   608   743   707
CF17    1960   816   394   649   452   743   592   592   981   680   825
CF17    1970   988  1016   994   609   586   762   685   598   565   924
CF17    1980  1042   935   711   582   498   622   702   788   793   872
CF17    1990   646   717   694   622   383   514   411   586   591   632
CF17    2000   805   784   637   654   532   358   438   528   573 -9999
CF18    1851   885   555  1182  1733  1623  1735  1819  2075  1886                
CF18    1860  1836  1340  1537  1172   890   741   693   582   555   574          
CF18    1870   686   610   623   807   849   879   872   783   665   498          
CF18    1880   815   725  1082   916   701   745   789   895   907   876          
CF18    1890   932  1276  1441  1283   913   746   921  1301  1367  1133          
CF18    1900  1353  1289   989  1257   900   662   374   605   492   448          
CF18    1910   382   491   690   809   881   650  1025  1100  1502  1536          
CF18    1920  1338  1508   912  1002  1446  1028  1007  1006   874  1206          
CF18    1930   842   728   574   560   499   665   621   455   890   780          
CF18    1940   511   756   585   900  1099   837   910   680   594   841          
CF18    1950   610   604   645   934   797   522   408   426   576   378          
CF18    1960   440   229   337   338   563   749   750   832   699   574          
CF18    1970   431   502   661   523   309   437   318   175   317   493          
CF18    1980   605   700   564   510   304   492   544   670   502   799          
CF18    1990   572   664   682   603   430   358   399   351   431   658          
CF18    2000  1078   836   793   514   615   596   652   585   653 -9999          
CF12    1844  2760  2318  2997  3444  3798  3169                                  
CF12    1850  3019  2944  3097  2833  2598  2405  2778  2550  2701  2280          
CF12    1860  2307  2036  2216  2026  1920  1447  1426  1430  1611  1472          
CF12    1870   867   949  1361  1181  1428  1160  1133  1292  1313   980          
CF12    1880  1238   895   972   685   795  1023  1010  1076   871   773          
CF12    1890   972   956  1065   912  1038   732   806   809   921   856          
CF12    1900  1054   960   813   854   885   759   537   619   803   856          
CF12    1910   802   599   757   595   579   383   461   405   426   584          
CF12    1920   589   689   668   780   714   537   598   719   417   764          
CF12    1930   642   680   752   596   400   423   405   420   446   572          
CF12    1940   389   393   252   569   474   328   357   392   354   451          
CF12    1950   404   284   447   489   433   495   531   451   344   300          
CF12    1960   327   176   244   217   229   324   341   455   412   329          
CF12    1970   280   455   549   449   258   408   187   220   247   257          
CF12    1980   239   380   397   381   228   286   232   337   289   342          
CF12    1990   327   323   331   422   252   279   207   142   224   279          
CF12    2000   194   282   257   323   309   249   223   227   199 -9999          
CF19    1879   730                                                                
CF19    1880  1162   678  1028   972   988   887   679   706   463   591          
CF19    1890   808   855   967  1038  1177   757   956  1145  1496  1086          
CF19    1900  1074  1072   803  1063  1046   894   922   946  1094   901          
CF19    1910  1108   851   738   953   759   663   913   903   839   763          
CF19    1920   724   611   669   681   827   883  1312  1293  1094  1302          
CF19    1930  1001   782   764   642   599   713   656   926  1095   884          
CF19    1940   583   722   594   376   507   405   405   486   392   467          
CF19    1950   401   279   300   324   366   409   348   263   313   304          
CF19    1960   370   196   257   299   235   223   468   725   508   563          
CF19    1970   733   674   700   608   350   477   373   282   247   355          
CF19    1980   445   522   478   590   441   317   519   673   463   552          
CF19    1990   532   576   457   462   493   502   417   485   356   382          
CF19    2000   558   554   586   502   513   356   437   340   346 -9999          
CRF13   1886   171   227   284   345
CRF13   1890   289   241   327   257   493   392   673   640   833   822
CRF13   1900   691   854   806   757  1215  1208   833   718   808   614
CRF13   1910   447   537   523   596   588   593   594   617   558   483
CRF13   1920   374   602   543   556   509   443   629   555   442   620
CRF13   1930   543   575   540   647   645   653   560   752  1117  1137
CRF13   1940  1040   872   754   810   828   766   822   467   604  1006
CRF13   1950   590   491   536   710   533   429   405   385   395   534
CRF13   1960   429   439   827   566   682   780  1023   805   598   497
CRF13   1970   583   784   731   435   561   678   807   657   815   836
CRF13   1980   762  1207   868   973   975   730   900  1227   582   551
CRF13   1990   381   518   498   508   540   529   539   583   625   614
CRF13   2000   741   881   698   656   720   745   872   897   998   757
CRF13   2010 -9999
CRF21   1857  1755  2282  2135
CRF21   1860  1901  2116  1951  1784  1939  1498  1951  2228  2465  2873
CRF21   1870  2644  3762  3742  3552  3115  2213  1881  1978  2122  1325
CRF21   1880  2261  1339  1906  1779  1398  1758  1800  1452  1707  1654
CRF21   1890  2344  1528  2484  2300  1460   991  1373  1674  1726  1572
CRF21   1900   764   849  1220  1889  2891  2457  1682  1390  1336  1411
CRF21   1910  1625  1568  1292  1694  2118  1684  1682  2015  1828  1673
CRF21   1920  1372  1908  1623  1708  1722  1805  1984  1682  1374  1742
CRF21   1930  1689  1683  1863  2047  1431  1797  1721  1713  2085  1651
CRF21   1940  1533  1320  1450  1586  1555  1830  1786  1411  1357  1912
CRF21   1950  1623  1549  1968  1366  1036  1189  1150  1248  1302  1650
CRF21   1960  1622  1448  1232  1517  1624  1466  1705  1600  1377  1251
CRF21   1970  1314  1337  1600  1282  1421  1612  1472  1282  1451  1334
CRF21   1980  1282  1503  1545  1281  1408  1344   984  1461  1418  1429
CRF21   1990  1418  1514  1273  1166  1379  1483  1051  1599  1441  1347
CRF21   2000  1367  1387  1387  1473  1302  1038  1377  1472  1102  1324
CRF21   2010 -9999
CRF23   1896  1208  1551  1867  2526
CRF23   1900  2133  1327   300   314  1246  2048  1431  1706  1676  1436
CRF23   1910  1028  1037  1297  1184  1085  1075   759   901   526   977
CRF23   1920   914  1171  1092   782   919   768   901  1085   694   704
CRF23   1930   834  1076   871   864   124   411   846   854   932   784
CRF23   1940   842   935   785   935   910   623   668   409   498   663
CRF23   1950   770  1051  1185  1208  1171   960  1028   566   646   738
CRF23   1960   690   614   698   925   853   924  1139  1060  1375  1440
CRF23   1970  1268  1333  1111  1114  1024  1273  1231   781  1030  1402
CRF23   1980  1546  1130   894   914   893   907  1119  1027   943   732
CRF23   1990   930  1083  1014   689   672   706   623   785   696   787
CRF23   2000  1269  1042   992   839   840   818  1191   871   893   821
CRF23   2010 -9999
CRF24   1792  2364  2648  3148  2758  3016  2567  3120  1935
CRF24   1800   310   620  1028  1082  1249  1154   867  1292  1474  1547
CRF24   1810  1241  1405  1384  1386   936  1104  1093   987   902  1146
CRF24   1820   848  1328  1187  1228  1375   889   794  2202  2117  1397
CRF24   1830  1663  1058  1074  1005  1176   762   963  1282   995   753
CRF24   1840   647   382   593   615   656   783  1007   816  1227  1133
CRF24   1850  1005  1577  2085  1651  1662  1301  1249  1460  1337  1314
CRF24   1860  1335  1408  1569  1483  1515  1303  1229  1579  1453  1071
CRF24   1870  1135  1348  1081  1368  1691  1321  1461  1152  1769   969
CRF24   1880  1322  1137  1385  1402  1280   977  1105  1424  1105  1020
CRF24   1890  1305   933  1612  1560  1145   870  1180  1451  1129   768
CRF24   1900  1015   966   758  1050  1171   812   456   642   914   962
CRF24   1910   824  1009   711   760   701   802   637   808   714   493
CRF24   1920   562   970  1023   658   874  1002   692   542   592   682
CRF24   1930   563   650   670   490   530   739   516   850   764   534
CRF24   1940   491   670   714   741   719   583   627   542   488   746
CRF24   1950   521   531   555   460   659   781   411   534   975   699
CRF24   1960   834   808   617   823  1051   753   676   862   559   680
CRF24   1970   656   739   708   509   488   637   560   385   248   180
CRF24   1980   274   225   242   248   272   293   349   411   318   273
CRF24   1990   240   358   301   174   150   232   249   246   228   197
CRF24   2000   235   183   247   302   181   204   291   213   118   181
CRF24   2010 -9999
CRF26A  1832   423   276   244   330   287   309   226   231
CRF26A  1840   260   314   184   242   332   385   419   491   360   337
CRF26A  1850   401   495   749   546   544   556   542   331   561   652
CRF26A  1860   688   636   510   503   210   279   391   648   699   464
CRF26A  1870   609   741  1210   976   746   613   452   699   570   499
CRF26A  1880   502   374   658   584   670   773  1126  1269   971   701
CRF26A  1890   767   807   719   633   564   543   663   828   850   728
CRF26A  1900   757   750   657   629   598   547   472   640   840   617
CRF26A  1910   680   606   463   472   485   512   684   704   695   555
CRF26A  1920   759   868  1086   935   872   606   550   680   636   776
CRF26A  1930   756  1002   734   985   532   605   741   636   795   688
CRF26A  1940   582   518   508   508   762   529   868   879   901   943
CRF26A  1950   837   890   890   529   624   604   370   402   603   508
CRF26A  1960   657   433   974  1312  1557  1313  2074  1684  1344   773
CRF26A  1970   775   636   880   710   636   860   844   503   641   941
CRF26A  1980  1207  1101  1208  1052   709   758   786   729   741   571
CRF26A  1990   570   496   447   305   573   437   388   298   379   408
CRF26A  2000   321   489   559   355   295   154   601   273   291   447
CRF26A  2010 -9999
CRF26B  1832   267   247   223   268   202   244   216   237
CRF26B  1840   232   138   138   267   182   223   229   168   204   114
CRF26B  1850   144   147   203   308   174   233   211   165   301   346
CRF26B  1860   345   188   202   210    75   128   292   241   278   233
CRF26B  1870   293   339   758   355   229   205   259   206   168   191
CRF26B  1880   211   114   206   143   190   257   209   294   246   347
CRF26B  1890   270   309   488   324   270   218   232   309   341   394
CRF26B  1900   545   564   517   527   494   317   333   584   503   389
CRF26B  1910   558   498   327   341   389   498   683   686   659   469
CRF26B  1920   549   748   786   696   744   568   654   578   270   602
CRF26B  1930   553   702   681   663   406   474   630   767   616   719
CRF26B  1940   757   644   550   720   762   734   870  1245  1072  1189
CRF26B  1950   930   954   816   931   666   677   713   422   947   934
CRF26B  1960  1105   743  1081  1360  1618  1646  1756  2211  1262   993
CRF26B  1970   822   685   785   776   849  1318   803   358   593  1020
CRF26B  1980   741   741   756   498   521   681   899   699   660   993
CRF26B  1990   546   609   171   390   626   555   425   436   475   355
CRF26B  2000   459   486   416   509   272   301   526   369   442   515
CRF26B  2010 -9999
CRF30   1916  1510  1115  1388  1518
CRF30   1920  1266  1398  1126   948   724   858  1031  1114  1114   883
CRF30   1930   871  1841  2075  1776  1493  1764  1519  1475  1992  1544
CRF30   1940  1445  1467  1287  1557  1760  1593  1514   653   571  1066
CRF30   1950  1276  1577  1403  1358  1181  1380  1154  1385  1048  1407
CRF30   1960   875  1251  1429  1839  1790  2193  2911  2273  1704  1596
CRF30   1970  1368  1623  1310   770   667  1118   894   823  1070  1079
CRF30   1980  1170  1486  1311  1184  1101  1372  1101  1376  1581  1553
CRF30   1990  1119  1269  1336  1363  1383  1585  1605  1959  1545  2272
CRF30   2000  2056  2046  1912  2272  1687  1325  1692  1610  1389  1242
CRF30   2010 -9999
CRF31A  1852  1666  2136  1615  2083  2014  1315  1742  1285
CRF31A  1860  1832  1563  1407   874  1081   891   996  1253   720  1048
CRF31A  1870  1220  1307  1637   920   746   732   653   825   783   561
CRF31A  1880   795   633   862   553   566   631   832   789   961   863
CRF31A  1890  1248  1409  1399  1091  1326  1426  1082  1355  1062   974
CRF31A  1900   890   567   441   234   587   682   447   639   746   756
CRF31A  1910   960  1001   680   796   776   914  1254  1158  1062  1084
CRF31A  1920   870   998   796   711   776   807   689   945   871   859
CRF31A  1930   840   786   681   509   277   552   414   478   711   712
CRF31A  1940   735   670   596  1075   990   671   936   309   291   588
CRF31A  1950   782   933  1273  1051   740   644   709   547   671   603
CRF31A  1960   463   196   334   513   242   388   583   609   925   832
CRF31A  1970  1189  1374  1163   901   880  1099   575   675   902   876
CRF31A  1980   769   952  1107  1075   500   596   850   629   353   955
CRF31A  1990   579   515   591   708   625   706   772   760   763   803
CRF31A  2000  1009   814   729   760   682   555  1096   717   716   785
CRF31A  2010 -9999
CRF31B  1851  1400  1808  2072  1404  1508  1396  1092  1624  1423
CRF31B  1860  1574  1320  1238   730   877   991  1017  1533  1124  1263
CRF31B  1870  1042   966  1495  1058  1006   920   530   793   757   499
CRF31B  1880   755   469   615   566   361   385   427   523   898   704
CRF31B  1890   702   874   980   792   970   606   693  1019   922   953
CRF31B  1900  1034  1296  1058   586   860   799   584   540   704   807
CRF31B  1910   748   644   432   339   395   372   479   403   395   402
CRF31B  1920   526   671   542   616   653   687   668   690   432   677
CRF31B  1930   693   889   706   594   483   889   711   749   666   680
CRF31B  1940   618   566   597   721   729   535   944   352   180   386
CRF31B  1950   480   523   759   701   673   564   440   554   639   546
CRF31B  1960   442   191   442   452   111   124   295   371   419   361
CRF31B  1970   309   399   480   345   366   442   336   332   535   582
CRF31B  1980   525   707   769   817   415   568   593   383   462   912
CRF31B  1990   559   366   502   640   386   274   262   252   211   271
CRF31B  2000   365   486   308   365   289   398   650   552   409   565
CRF31B  2010 -9999
CRF31C  1853  2062  1353  1744  1396   917  2021  1701
CRF31C  1860  2080  2115  1621  1051  1078  1108  1556  1733  1852  1710
CRF31C  1870  1636  1589  1681  1385  1217  1124   838   743   965   689
CRF31C  1880  1369   890  1360   594   510   521   776   870  1288   960
CRF31C  1890  1133  1229  1302  1229  1366  1451  1367  2032  1621  1810
CRF31C  1900  2042  1058   341   508  1027   730   815  1355  1227  1143
CRF31C  1910  1483   975   646   656   795  1038  1390  1166   992  1291
CRF31C  1920  1065   933   925   989   881   883  1638  1595  1654  1696
CRF31C  1930  1653  1635  1421  1103   879  1451  1091  1462  1642  1251
CRF31C  1940   868  1016   613   784   571   423   794   455   435   980
CRF31C  1950   988  1103  1488  1661  1059   802   540   754   621   450
CRF31C  1960   405   182   540   562   173     0   355   321   432   409
CRF31C  1970   409   608   467   518   562   732   488   594   869  1037
CRF31C  1980  1165  1536  1419  1123   773   762   720   857   910  1101
CRF31C  1990  1048   921   772   974   712   752   763  1376  1196  1483
CRF31C  2000  1187  1239  1366  1219   912   649  1019   838   775   903
CRF31C  2010 -9999
CRF32A  1827   839  1343  1403
CRF32A  1830   937   998  1576  1419  1187   726  1071  1216   940   412
CRF32A  1840   569   596   389   466   642   577   514   847   806   654
CRF32A  1850   803   806   533   458   299   309   484   446   598   618
CRF32A  1860   660   565   714   565   534   452   355   375   345   332
CRF32A  1870   905  1636  1820  1461  1308  1213  1308  1274  1816  1028
CRF32A  1880  1525  1175  1111   815   901   667   689   838   913   980
CRF32A  1890   935   658  1104   871   937   767   809   978  1089  1346
CRF32A  1900  1048  1330   668   881  1221  1127   812  1040  1193   914
CRF32A  1910  1299  1365  1008  1001  1099   949  1674  1663  1683  1386
CRF32A  1920  1497  1807  1699  1482  1670  1537  2179  1648  1238  1598
CRF32A  1930  1639  1662  1670  2262  1350  1429  1385  1547  1503  1721
CRF32A  1940  1399  1448  1517  1495  1990  2493  1834  1652  1347  1548
CRF32A  1950  1445  1313  1976  2317  1744  1650  1726  1265  1335  1401
CRF32A  1960  1423   881  1233  1681  1063  1000  1572  1775  1954  1394
CRF32A  1970  1476  1697  2291  2499  1577  1937  1207   793  1429  1134
CRF32A  1980   953   891  1037   836   519   762   582   975   796   927
CRF32A  1990   976  1037   753   763   839   554   498   893   786   646
CRF32A  2000   743  1031   905   927   837   821  1075   766   901   953
CRF32A  2010 -9999
CRF32B  1839  1389
CRF32B  1840  1423  1181  1094  1303  1225  1078  1138  1391  1087  1011
CRF32B  1850   922  1196  1140   978   724   764   801   603  1053   679
CRF32B  1860   709   646   808   550   614   429   345   668  1092  1717
CRF32B  1870  2330  2997  2487  1949  1427  1886  2033  2065  3115  1980
CRF32B  1880  2467  1465  1765  1912  2289  1664  1706  2341  1981  2362
CRF32B  1890  2808  1694  2415  2447  2283  1348  1776  1980  1968  2286
CRF32B  1900  1461  1715   964  1450  1387  1314  1079  1106  1305  1134
CRF32B  1910  1231  1242   826   847   994   826  1248  1609  1831  2011
CRF32B  1920  1492  2054  1672  1503  1801  1240  2046  1580  1102  1453
CRF32B  1930  1824  2019  1691  1888  1611  1183  1093  1615   913  1170
CRF32B  1940   938   946   926  1044  1276  1566  1261  1019   837  1019
CRF32B  1950  1165   930  1392  1036  1329  1069  1110  1200  1012  1012
CRF32B  1960   739   571  1035  1427  1069   932  1430  1444  1400  1225
CRF32B  1970  1420  1222  1355  1110  1210  1323  1071   816  1044  1058
CRF32B  1980   938  1060   980   824   431   605   678   873  1100  1004
CRF32B  1990   658   597   549   643   596   535   390   686   323   574
CRF32B  2000   321   608   665   573   601   398   664   299   563   720
CRF32B  2010 -9999
CRF32C  1834  1506  1103  1421  1183  1316   833
CRF32C  1840   792   645   508   692   701   702   588  1081  1163   832
CRF32C  1850   757   876   801   701   634   569   770   589   680   793
CRF32C  1860   492   535   478   515   559   475   395   375   616   724
CRF32C  1870   968  1452  1995  1915  1600  1694  1499  1440  1841  1246
CRF32C  1880  1441  1379  1431  1133  1483  1229  1163  1300  1323  1357
CRF32C  1890  1383   978  1427  1458  1759  1277  1366  1576  2095  2037
CRF32C  1900  1748  1971  1228  1738  1664  1525   964  1335  1452  1230
CRF32C  1910  1493  1315  1316  1697  1710  1335  1548  1663  1335  1567
CRF32C  1920  1672  1527  1378  1515  1834  1730  2018  1820  1228  1746
CRF32C  1930  1587  1873  1492  1567  1227  1291  1219  1049  1262  1515
CRF32C  1940  1368  1663  1133  1339  1283  1252  1361  1285   911  1186
CRF32C  1950  1123  1070  1252  1200  1167  1126  1042  1101  1038  1017
CRF32C  1960   605   488   794   998   786   851  1000  1264  1192  1022
CRF32C  1970  1061  1277  1106   788   682   816   424   381   349   371
CRF32C  1980   539   614   487   658   202   456   629   446   416   407
CRF32C  1990   426   469   267   310   511   172   298   403   244   457
CRF32C  2000   361   489   520   406   446   582   690   403   573   678
CRF32C  2010 -9999
CRF33A  1845  1256  1103   860   973  1107
CRF33A  1850   860   793   935   786   494   501   876   810  1010   943
CRF33A  1860   934   795   647   779   780   894   895   729   857   820
CRF33A  1870  1687  3184  3313  2490  1737  1659  1395  1161  1439   602
CRF33A  1880  1192   614  1044   958   543   851   660  1064  1042  1246
CRF33A  1890  1458  1284  2031  2080  1944  1306  1444  1455  1830  2380
CRF33A  1900   552   668   987  1519  2298  2089  1236  1240  1572  1428
CRF33A  1910   895  1235  1034  1033  1056  1108  1445   984  1371  1329
CRF33A  1920  1159  1594  1096  1073  1138  1233  1399  1388  1168  1231
CRF33A  1930   966  1199  1814  1838  1795  1948  2173  2066  2256  1785
CRF33A  1940  1190  2062  1394  1573  1818  1955  1652  1571  1380  2331
CRF33A  1950  1669  1693  1650  1829  2061  1812  1396  1451  2162  1802
CRF33A  1960  1560  1784  2393  2415  3116  2524  2323  1339   960  1176
CRF33A  1970  1199  1645  1450  1297  1279  1445  1128  1011  1687  1450
CRF33A  1980  1284  1874  1732  1030  1105   830  1349  1449  1246  1017
CRF33A  1990  1369  1302  1269  1460  1484  1835  1780  2222  1287  1494
CRF33A  2000  1717  1571  1716  1665  1568  1295  1580  1975  2108  2205
CRF33A  2010 -9999
CRF33B  1831   726   869   572   933   741   813   896   813   534
CRF33B  1840   561   634   711   801   762   626   775   884   681   588
CRF33B  1850   548   644   587   563   554   535   925   655   693   659
CRF33B  1860   661   602   630   636   662   771   896   887   703   797
CRF33B  1870  1587  2514  2914  2470  1988  1571  1240   944  1441   564
CRF33B  1880  1033   552   998   801   760  1181  1230  1379  1466  1422
CRF33B  1890  1454  1293  1204  1704  1881  1441  1463  1393  1661  1366
CRF33B  1900   334   439   665   847  1374   912   654   905   964  1049
CRF33B  1910  1008  1499  1682  1745  1764  1488  1354  1857  1605  1521
CRF33B  1920  1343  1739  1553  1200  1585  1666  2116  1632  1652  1642
CRF33B  1930  1258  1777  1937  1925  1357  1733  1786  1764  1926  1530
CRF33B  1940  1354  2047  1993  2135  2404  2022  2086  1672  1196  2212
CRF33B  1950  1556  1916  1949  2807  2458  2903  2064  1938  2763  3007
CRF33B  1960  2193  2374  3059  2843  3555  2410  2075  2206  2212  1919
CRF33B  1970  2267  2832  2403  1894  1915  2042  1733  1439  1742  2178
CRF33B  1980  1870  2337  1982  1824  1546  1449  1890  2976  2128  2044
CRF33B  1990  2042  1808  1596  1868  1959  2097  1811  2107  1492  1748
CRF33B  2000  1177  1007  1047  1379  1367   892  1208  2398  1936 -9999
CRF34A  1819  1088
CRF34A  1820   501   413  1105   597   802   712   772   240   580   546
CRF34A  1830   191   204   549   144   104   229   331   247   327    94
CRF34A  1840    62   110   105   190   379   498   535   730   674   550
CRF34A  1850   303   548   500   580   372   568   612   496   442   666
CRF34A  1860   606   672   555   686   706   606   520   525   695   618
CRF34A  1870   448   378   711   536   328   280   370   203   185    88
CRF34A  1880   228   262   295   194   226   459   332   355   364   505
CRF34A  1890   600   461   429   594   657   480   629   511   487   457
CRF34A  1900   501   490   362   237   377   451   442   473   640   502
CRF34A  1910   550   593   668   712   886   681   587   655   504   548
CRF34A  1920   691   891   963   798   777   920   949   874   470   834
CRF34A  1930   657   406   516  1009  1294  1219  1403  1158  1389  1327
CRF34A  1940  1141  1173   763   803  1065  1016  1260   814   770   901
CRF34A  1950  1087  1014  1001  1054  1035  1415  1196  1237  1406  1736
CRF34A  1960  1841  1376  1918  1459  1787  1536  1725  1915  1846  1974
CRF34A  1970  1996  2059  1897  1814  1290  1864  1764  1774  1898  1805
CRF34A  1980  1707  1781  1989  2174  1902  1811  1822  1860  2030  2156
CRF34A  1990  2162  2335  2233  2025  1895  1790  1956  2396  1877  1922
CRF34A  2000  1375  1319  1074   971  1008  1027  1146   890   842   748
CRF34A  2010 -9999
CRF34B  1857  1086   928   987
CRF34B  1860   654   696  1023   725   683   594   646   594   518   561
CRF34B  1870   614   617   462   420   289   521   358   197   142   128
CRF34B  1880   180   123   138   157   161   209   142   208   233   338
CRF34B  1890   440   412   322   470   404   422   461   559   635   694
CRF34B  1900   874   980   557   483   765   704   553   452   661   594
CRF34B  1910   681   637   650   662   827   839  1007  1044   612   679
CRF34B  1920   720  1056  1092  1104   974  1029  1105  1172   615   693
CRF34B  1930   660   525   624   691   809  1237  1207   953  1322  1001
CRF34B  1940   748  1005   766   905  1038   814   789   542   532  1045
CRF34B  1950   848   849  1076   901   740   953   660   880   844   979
CRF34B  1960   998   968  1555  1573  1931  1312  1683  1852  1564  1413
CRF34B  1970  1317  1969  1726  1385  1136  1458  1458  1162  1421  1542
CRF34B  1980  1538  1399  1355  1171  1325  1356  1456  1551  1607  1969
CRF34B  1990  1708  1938  1740  1846  2072  2377  1366  2125  2397  2531
CRF34B  2000  1746  1901  2071  1757  1948  1500  2231  2103  2089  1588
CRF34B  2010 -9999
CRF34C  1807   475   375   345
CRF34C  1810   128    66   119   100   180   214    90   111   291   772
CRF34C  1820   531   511   798   441   794   409   591   737   918   840
CRF34C  1830   242   308   487   120   233   384   359   317   336    82
CRF34C  1840    83    72   165   205   397   343   379   585   430   368
CRF34C  1850   269   420   442   442   331   457   442   457   390   553
CRF34C  1860   450   584   576   774   701   677   797   702   931   901
CRF34C  1870   737   599   809   579   474   376   451   382   420   173
CRF34C  1880   404   479   561   255   223   607   412   449   404   644
CRF34C  1890   779   781   636   696   951   733   795   818   938   901
CRF34C  1900   917   824   541   487   591   561   592   689   923  1007
CRF34C  1910   872   991   990  1029  1208  1117   882   935   814   921
CRF34C  1920  1090  1432  1186  1037  1174  1180  1113  1339   743  1137
CRF34C  1930   831   706   860   952  1431  1431  1826  1550  2133  1706
CRF34C  1940  1588  1719  1027  1377  1454  1638  1800  1296  1203  1339
CRF34C  1950  1193  1280  1455  1430  1247  1558  1627  1460  1528  1902
CRF34C  1960  1810  1463  1735  1861  2059  1815  2009  2165  2045  2312
CRF34C  1970  2640  2561  2365  1827  1390  1908  2052  1794  1965  2290
CRF34C  1980  1597  2076  2463  2195  1858  1468  1741  1443  1661  1936
CRF34C  1990  1889  1816  2010  2202  1918  2093  2010  2300  2248  1798
CRF34C  2000  1907  1715  1907  1860  1593  1646  1902  1495  1474  1153
CRF34C  2010 -9999
CRF35A  1756   569   606   938  1297
CRF35A  1760   361   795  1222  2390  2097  2049  1767  1819  1912   562
CRF35A  1770   884  1297  2088  2155   777   799   670   628   501   926
CRF35A  1780   735   953   959   724   564   958   990   756   405   752
CRF35A  1790   183     0   139    86   258   183   235   352   426   496
CRF35A  1800   257   319   276   371   595   893  1097  1154   726   646
CRF35A  1810   720   658   489   328   211   572   444   529   540   582
CRF35A  1820   551   636   879   647   933   943   583   542   352    96
CRF35A  1830     0     0   127   148   456   444   329   286   286    64
CRF35A  1840   169   170   370     0     0   466   508   730   825  1059
CRF35A  1850  1471  1259  1673   975   762   604   510   679   744  1040
CRF35A  1860   859   859   764   860   804   709  1079  1125  1137  1143
CRF35A  1870  1101   964   943   668   667   595   688   573  1145   307
CRF35A  1880   402   350   307    95   223   266   137   180   159   190
CRF35A  1890   254   117   180   254    96     0   201    96   222   381
CRF35A  1900   392   444   244   190   191   381   307   434   646   476
CRF35A  1910   561   572   370   382   518   510   585   540   533   646
CRF35A  1920   635   933   846   837   635   709   582   498   254   359
CRF35A  1930   318   508   656   667   540   889   826   857  1037  1323
CRF35A  1940  1186   943   794  1039  1124   743   687   223   285   436
CRF35A  1950   425   317   423   435   455   593   529   497   382   487
CRF35A  1960   688   371   486   488   784   712   733   702   487   520
CRF35A  1970   562  1011   946   881   521   849   735   773   796   816
CRF35A  1980   838   807   956   683   635   550   519   624   677   688
CRF35A  1990   530   645   646   594   509   646   847  1144   869   943
CRF35A  2000  1007  1103   956   859   933   575   848   826   786   681
CRF35A  2010 -9999
CRF35B  1756  1665   678   826   706
CRF35B  1760   298  1233  1398  2508  2339  2075  1944  1927  1706   235
CRF35B  1770   997  1805  1293  1145   372   605   435   276   266   775
CRF35B  1780   499   625   669   576   620   693   705   673   347   537
CRF35B  1790   107     0     0    75   121    96    87   155   197    75
CRF35B  1800     0   145   118   111   234   321   489   444   413   370
CRF35B  1810   346   435   282   185   163   480   280   344   259   410
CRF35B  1820   233   221   431   286   634   960   681   714   447   200
CRF35B  1830     0     0   162   175   402   495   506   580   448    77
CRF35B  1840     0   142   305   316   482   555   645   783   393   580
CRF35B  1850   529   491   587   415   332   277   407   458   747   736
CRF35B  1860   494   534   836  1417  1513  1829  1554  1648  1627  1465
CRF35B  1870  1119  1227  1281  1173  1203  1025  1060   748  1041   504
CRF35B  1880   612   396     0     0   330   262   237   358   272   388
CRF35B  1890   631   397   493   623   649   309   448   267   418   499
CRF35B  1900   543   670   360   468   437   457   277   343   426   310
CRF35B  1910   405   470   512   555   672   588   321   365   332   378
CRF35B  1920   364   398   397   440   386   441   478   434   163   194
CRF35B  1930   278   245   214   257   390   765   678   825   835  1079
CRF35B  1940   738   879   739   881  1003   612   820   256   405   547
CRF35B  1950   428   364   418   461   352   447   566   523   501   556
CRF35B  1960   598   426   639   755  1012  1105   964   941   985  1289
CRF35B  1970  1440  1637  1625  1332  1089  1155   783   593   635   588
CRF35B  1980   631   592   476   321   401   212   211   354   459   503
CRF35B  1990   298   445   375   335   448   473   352   405   309   440
CRF35B  2000   636   559   530   682   700   543   774   594   586   585
CRF35B  2010 -9999
CRF35C  1769  1256
CRF35C  1770  2643  2966  2823  2536  1483   925   551   625   934  1519
CRF35C  1780  1270  1610  1510  1661  1529  1846  1333   838   695  1060
CRF35C  1790   109     0     0     0   109   199   279   517   814   933
CRF35C  1800   375   386   241   312   568   963  1621  1815  1513  1239
CRF35C  1810  1099  1016   855   613   406   971   951   971   789   944
CRF35C  1820   963  1232  1463   909  1111  1138  1162  1206   941   660
CRF35C  1830   139   175   347   739  1229   891   837   855   637   258
CRF35C  1840     0     0   568   726   984  1158  1482  1499  1374  1495
CRF35C  1850  1570  1495  1421  1114  1115   892   924   797  1084  1148
CRF35C  1860  1191  1344  1333  1080   889   953  1016   848  1079   922
CRF35C  1870   880   635   773   666   678   804  1070   923  1557   665
CRF35C  1880   828   382   329   118     0   127   138   234   222   532
CRF35C  1890   595   425   298   330   328   159   190    95   201   467
CRF35C  1900   497   784   550   720   730   635   393   468   605   552
CRF35C  1910   733   776   668   911  1049   806   850   800   767   756
CRF35C  1920   684   761   723   811   609   683   674   471   129   162
CRF35C  1930   259   266   342   298   437   606   553   691   689   816
CRF35C  1940   709   870   751  1106  1302  1016   984   243   318   476
CRF35C  1950   309   340   489   374   423   561   572   603   508   826
CRF35C  1960   974   740  1007  1548  1876  1880  1858  1889  1529  1653
CRF35C  1970  1982  2511  2502  2183  1810  1662  1441  1305  1337  1286
CRF35C  1980  1350  1234  1180   722   736   595   554   746   695   663
CRF35C  1990   534   736   651   661   661   661   709  1000   787   893
CRF35C  2000  1020   905  1070  1064  1129  1053  1505  1531  1609  1414
CRF35C  2010 -9999
CRF36A  1899  1272
CRF36A  1900   693   771   817  1132  1677  1056   675  1147  1344  1243
CRF36A  1910   989   917   870   727  1163  1208   998  1088  1067  1132
CRF36A  1920   780  1274   996   969  1369   960  1264  1226   603   697
CRF36A  1930   812   949  1185  1427  1272  1121   974   725   637   523
CRF36A  1940   362   488   394   631   768   954   985   678   516   951
CRF36A  1950   947  1046   980   724   866  1059  1152   782  1018   933
CRF36A  1960   915   636  1228  1597  1406  1203  1385  1783  2038  1640
CRF36A  1970  1919  2065  1823  1500  1224  1331   969   949  1438  1415
CRF36A  1980  1599  1737  1275  1489  1388  1420  1547  1892  1688  1467
CRF36A  1990  1453  1482  1229  1262  1239   876  1070  1125   855   932
CRF36A  2000   880   934   927  1068  1086  1103  1368  1151  1501  1401
CRF36A  2010 -9999
CRF36B  1877  1992  2211  1052
CRF36B  1880  1702   953  1362   853   878   966   921  1056   906   743
CRF36B  1890  1222   636   928   920  1124   651   862   919   914  1287
CRF36B  1900   979  1581  1236  1242  1207  1089   848  1336  1207   790
CRF36B  1910   910   766   556   611   909  1121   836   930   892   801
CRF36B  1920   635   717   884  1044   940   708   798   830   482   415
CRF36B  1930   354   580   860   962   816  1445  1410  1245  1171   919
CRF36B  1940   573   771   517   351   524   524   637   421   596   749
CRF36B  1950   858   770   934   663   708  1033   652   540   678   602
CRF36B  1960   519   294   430   795   537   526   807   943   689   528
CRF36B  1970   473   442   370   319   287   415   331   289   309   254
CRF36B  1980   276   340   308   339   171   213   265   540   678   699
CRF36B  1990   529   635   519   571   703   425   469   488   353   467
CRF36B  2000   565   480   585   701   426   415 -9999
CRF36C  1873  4346  3188  3057  2459  2398  2161   983
CRF36C  1880  1176   640  1006   579   858   826   657   985  1140   858
CRF36C  1890  1309   673   944  1089  1039   830  1147  1273  1595  2083
CRF36C  1900  1367   906  1027  1169  1268  1355  1258  1335  1480  1359
CRF36C  1910   898  1070   952   900  1208  1411  1361  1105  1275  1350
CRF36C  1920  1277  1523  1137  1020  1254  1524  1708  1683  1185  1545
CRF36C  1930  1482  1761  1633  1622  1867  2790  2511  2431  1834  1492
CRF36C  1940   933  1178   958  1084  1342  1290  1175   961   894  1260
CRF36C  1950  1193  1078  1219  1027   859  1039   796   816   837  1494
CRF36C  1960  1367  1018  1472  2606  2223  1885  2743  2902  2244  1989
CRF36C  1970  2131  2130  2002  1704  1863  2016  1216   998  1591  1692
CRF36C  1980  1485  1400  1252  1217   815   635   836  1398   819  1122
CRF36C  1990  1198   825   731  1037   953   596   741   720   437  1069
CRF36C  2000   752   942  1111  1503  1355  1746  1799  1440  1428  1641
CRF36C  2010 -9999
CRF37A  1883   584   603   762   686  1342  1117  1084
CRF37A  1890  1174   989  1384  1619  2514   919  1031  1383  2494  2616
CRF37A  1900  1711  1069   714   809  1374  2051  1378  1419  1027  1497
CRF37A  1910  1416  1384   917   675   781   707   631  1019  1276  1030
CRF37A  1920   974  1378  1197   755   800  1192  1486  1270  1091   998
CRF37A  1930   846   793   640   632   844   977  1403  1331  1449  1137
CRF37A  1940  1136  1190   985  1189  1449   998   966   597  1009  1323
CRF37A  1950   957   910  1032  1420  1240  1240  1296  1097   954   830
CRF37A  1960  1447   910  1195  1242  1855  1653  2065  1543  1292  1279
CRF37A  1970  1619  1507  1393   998   920  1018  1396  1335  1248  1539
CRF37A  1980  1574  1967  1673  1493  1165  1041  1104  1510  1376  1697
CRF37A  1990  1188  1323 -9999
CRF38A  1856  1516  1625  1924  2364
CRF38A  1860  3712  3387  3060  3429  3189  2899  2302  2286  1846  1737
CRF38A  1870  1606  1316  1313  1913  1970  1579  3344  1860  2773  1256
CRF38A  1880  1636   988  1135   945  1359  1397  1239  1414  1338  2267
CRF38A  1890  2258  1649  1623  2080  1471  1095   911  1314  1973  1925
CRF38A  1900  1487  1501  1260  1271  1686  2178  1978  1363  1505  1335
CRF38A  1910  1431  1630  1427  2571  2671  1659  1476  1884  1628  2142
CRF38A  1920  2066  2502  1612  1825  1970  2935  2680  2240  1817  1872
CRF38A  1930  1163  1631  1674  1865  1752  1710  1595  1953  1743  1371
CRF38A  1940  2193  1933  1518  1654  1524  1851  1615  1404  1058  1420
CRF38A  1950  1157  1109  1372  1191  1001  1334  1000  1044   979   943
CRF38A  1960  1073   975  1079  1525  1775  1487  1532  2006  1276  1342
CRF38A  1970  1122  1303   995   987  1072  1154   795   827  1037   836
CRF38A  1980   858   868  1027   933   762   768   810   930   928  1007
CRF38A  1990   883   863   737   803   823  1055   945   868   737   761
CRF38A  2000   958   894  1042   863   866   562   837   914   961  1104
CRF38A  2010 -9999
CRF38B  1831   837   961   914  1681  1084   952   948   726   158
CRF38B  1840   254   405   427   673   599   800   982   995  1122  1098
CRF38B  1850   828   805   842   838   908  1179  1593  1492  1317  1312
CRF38B  1860  1191  1474  1405  1166  1557  1260  1048   871  1105  1065
CRF38B  1870   660   788   908   802   755   634   908   822  1140   439
CRF38B  1880   546   465   773   411   563   579   582   583   605   864
CRF38B  1890  1064   984  1190  1232  1185  1064  1335  1312  1586  1692
CRF38B  1900  1141  1217   962  1069  1699  1596  1435  1397  1474  1336
CRF38B  1910  1132  1406  1095  1201  1159   889  1046   867   775   897
CRF38B  1920   843   911   853   758  1036   873   791   510   521   711
CRF38B  1930   778   938  1122  1199  1077  1087  1047  1352  1340  1197
CRF38B  1940  1189  1317   995  1087  1202  1014   950   601   411   750
CRF38B  1950   639   521   783   646   621   799   700   554   501   675
CRF38B  1960   501   318   436   806   740   775   691   932   744   915
CRF38B  1970   864  1195  1363   788   429   529   600   589   603   519
CRF38B  1980   455   734   597   788   540   498   591   645   559   668
CRF38B  1990   643   530   585   810   791   683   587   781   760   598
CRF38B  2000   450   517   756   787   687   536  1125   965   889   766
CRF38B  2010 -9999
CRF39   1839  1345
CRF39   1840  1413  1456  1386  1825  1342  1456  1746  1517  1672  1674
CRF39   1850  1459  2032  2126  1575  1237  1192   981   914  1100  1176
CRF39   1860  1390  1528  1527  1340  1617  1442  1207   936   801   615
CRF39   1870   838  1108  1340  1967  1968  1677  1424  1319  1565   958
CRF39   1880  1072   809   680   494   539   591   486   532   623   689
CRF39   1890   690   585   726   850  1146   846   853  1011  1769  1743
CRF39   1900  1706  1512  1199  1498  2165  1954  1529  1116  1049  1086
CRF39   1910  1126  1259   943   981  1212  1176  1264  1060   893   946
CRF39   1920   746  1259  1139   735   819  1146  1052   919  1005  1156
CRF39   1930   848  1065  1029  1185  1444  1340  1285  1229   980  1020
CRF39   1940  1074  1024  1081  1351  1634  1563  1140   845   954  1408
CRF39   1950   971   734   957   919   881  1171   937  1087  1011   970
CRF39   1960  1099   564   632  1176  1459   966  1444  1370  1046  1327
CRF39   1970  1344  1099   700   334   267   403   542   398   686   696
CRF39   1980   665   803   776   800   724   672   959   919   542   626
CRF39   1990   480   448   597   575   737   722   724   618   495   363
CRF39   2000   421   618   798  1224   849   550  1155   853   733   639
CRF39   2010 -9999
CRF41A  1849  2677
CRF41A  1850  3005  2485  2589  2463  2329  1736  2037  1909  2185  2136
CRF41A  1860  2129  2012  1860  1962  1970  1837  1638  1777  2348  1829
CRF41A  1870  2236  1459  1597  1217  2087  1251  1800  1189  1568   714
CRF41A  1880  1141   895  1217   849   466   530   348   743   767   714
CRF41A  1890   763   781   743  1196  1110   808   854  1161  1092  1054
CRF41A  1900   640   639   606   829   986   661   510   629   771   519
CRF41A  1910   743  1027   599   651   779   503   544   727   952   951
CRF41A  1920   854  1067  1186  1299  1270  1226  1493   955   606   816
CRF41A  1930   805   868   933   934   731   953   773  1107  1124   890
CRF41A  1940   922   807   773   923  1083   720   582   361   466   751
CRF41A  1950   657   710   742   626   508  1019   489   660   567   639
CRF41A  1960   461   343   502   750  1005   582   540   414   234   510
CRF41A  1970   407   392   403   299   243   300   360   322   403   377
CRF41A  1980   341   428   382   364   596   452   483   554   490   502
CRF41A  1990   357   468   468   512   724   692   937   917   542   625
CRF41A  2000   584   647   902   625   499   584   891   785   732   604
CRF41A  2010 -9999
CRF41B  1799  2553
CRF41B  1800   991  1105   950   913  1497   945   907  1278  1255  1159
CRF41B  1810  1351  1556  1379  1380  1223  1176  1069  1084  1109  1435
CRF41B  1820  1061   876  1345  1488  1266  1141   983  1116  1059  1130
CRF41B  1830  1139   990   985   666  1062   857   857  1263  1223   828
CRF41B  1840   948   786   623  1133   741   922  1063  1016  1137  1295
CRF41B  1850  1144  1752  1967  1240  1028   887   776   763   890   894
CRF41B  1860   814   910   978  1111  1011  1047   980   733   821   701
CRF41B  1870   786   700   925  1141  1223  1166  1018   692   936   602
CRF41B  1880   541   466   483   289   389   411   345   325   301   448
CRF41B  1890   402   352   442   549   736   603   535   573   814   955
CRF41B  1900   967  1032   786   998  1349  1228   838   846   827   981
CRF41B  1910   787  1046   733   712  1011   971  1044  1014   914  1091
CRF41B  1920   937  1352  1030   967  1379  1621  1530  1161  1092  1312
CRF41B  1930  1038  1212  1319  1316  1141  1155  1165  1108   834   709
CRF41B  1940   684   771   796  1028  1422  1322  1332   676   769  1626
CRF41B  1950   887   813   827   950   874   894   972   808   765   770
CRF41B  1960   749   511   910  1494  1514   976  1308  1312  1140  1773
CRF41B  1970  1734  2215  1312   820   786   974  1142   682  1148  1150
CRF41B  1980   919  1158  1001   993   808   874   907  1172  1041  1151
CRF41B  1990   991  1024   823   777   874   942  1104  1172  1004   780
CRF41B  2000  1100   979  1129  1220  1171   714  1117   902   952   916
CRF41B  2010 -9999
CRF43A  1870  6086  1433  1695  1687  1921  1293  1326  1066  1253   496
CRF43A  1880   847   652   726   712   992  1144  1000  1134   698  1067
CRF43A  1890  1029   755  1154  1323   949   915   838   973   830   966
CRF43A  1900   785  1153   711  1048  1333  1019  1116  1048  1288  1017
CRF43A  1910  1262  1321   933  1320  1525  1585  1501  1236  1300  1623
CRF43A  1920  1867  1781  1497  1536  1813  1783  1538  1233  1513  1910
CRF43A  1930  1300  1452  1721  1532  1375  1147  1352  1453  1573  1680
CRF43A  1940  1290  1576  1877  1769  1944  1455  1098   973  1222  1874
CRF43A  1950  1846  1757  2156  1791  1681  1744  1423  1765  1971  2708
CRF43A  1960  1941  1453  1518  1282  1865  1658  1456  1624  1487  1483
CRF43A  1970  1362  1619  1524  1191  1145  1480  1228  1015  1453  1460
CRF43A  1980  1528  1524  1691  1502  1575  1554  1653  1911  1771  1610
CRF43A  1990  1082  1276  1279  1428  1676  1985  1839  2451  2003  1435
CRF43A  2000  1667  1325  1382  1404   954   844  1122  1088  1410  1789
CRF43A  2010 -9999
CRF43B  1891  1556  1408  1831  1947  1947  1609  1725  2118  2317
CRF43B  1900  2001  1735  1038  1196  1873  1949  2069  2098  2341  2210
CRF43B  1910  2086  2524  1868  1922  2120  2774  4172  3342  2978  3063
CRF43B  1920  2590  3469  2812  2780  3049  3277  3287  3272  2860  3283
CRF43B  1930  3082  2880  3315  2838  2785  3189  3491  3829  3767  2958
CRF43B  1940  2554  2864  2988  3050  3313  2964  2696  2302  1521  2131
CRF43B  1950  2100  1923  2275  2069  2327  2943  1764  2042  2494  2788
CRF43B  1960  2502  2500  2297  2640  3634  3210  2782  3341  3049  2874
CRF43B  1970  3102  3398  3166  2540  2232  2502  1697  1065  1499  1617
CRF43B  1980  1539  2105  2380  2031  1877  1634  1576  2038  1861  2269
CRF43B  1990  2064  1854  1635  1662  1685  1738  1315  1932  1308  1284
CRF43B  2000  1429  1657  1653  1694  1798  1271  1423  1281  1632  1643
CRF43B  2010 -9999
CRF44A  1831  1273  1558  1258  1694  1566  1197  1363  1202   469
CRF44A  1840   445   394   550   645   773   825   925  1052   869   760
CRF44A  1850   902   811  1198  1071   739   789   871   598   657   702
CRF44A  1860   776   615   479   503   474   353   472   414   418   610
CRF44A  1870   898   749   709   608   491   469   415   299   204   162
CRF44A  1880   223   307   319   233   222   339   393   561   402   486
CRF44A  1890   509   476   518   424   423   392   360   435   392   488
CRF44A  1900   592   614   582   614   656   466   445   478   615   467
CRF44A  1910   234   320   287   339   457   450   562   574   456   467
CRF44A  1920   615   807   647   648   776   795   711   593   340   531
CRF44A  1930   403   372   488   509   625   488   594   667   637   617
CRF44A  1940   562   477   381   476   583   414   445   371   307   286
CRF44A  1950   465   435   521   529   572   804   646   476   444   815
CRF44A  1960   753   360   624   725   784   678   774   891   849   915
CRF44A  1970   817   837   805   604   466   879   721   723   761   902
CRF44A  1980   733   818   895   705   618   693   803   783   856  1006
CRF44A  1990   866   962   910   674   648   707   655   698   763   793
CRF44A  2000   687   752   762   945   882   610   741   688   818   763
CRF44A  2010 -9999
CRF44B  1831  1383  1586  1440  1520  1626  1681  1471  1540   548
CRF44B  1840   256   338   398   805   617   674   550   726   734   684
CRF44B  1850   845   903  1153   973   795   796   981  1109  1113  1341
CRF44B  1860  1042   941  1151  1064  1199  1052   968   862   843   961
CRF44B  1870  1376  1372  1792  1037   717   684   555   598   758   506
CRF44B  1880   548   447   439   288   405   482   493   428   385   394
CRF44B  1890   385   521   537   519   493   450   451   644   700   708
CRF44B  1900   893  1022   890   882   901   980   917   765   800   837
CRF44B  1910   730   797   559   710   836   974  1192  1260  1824  1525
CRF44B  1920  1399  2124  1398  1419  1171  1095   934   710   338   328
CRF44B  1930   271   309   325   319   439   418   448   380   335   497
CRF44B  1940   373   331   213   203   244   169   223   138   106   158
CRF44B  1950   192   224   266   310   319   396   439   361   393   660
CRF44B  1960   426   181   353   418   569   590   791  1016   941  1048
CRF44B  1970   861   752   683   553   265   377   341   322   341   466
CRF44B  1980   409   486   593   447   432   512   506   509   529   686
CRF44B  1990   703   764   586   451   730   843   509   763   606   746
CRF44B  2000   980  1042   735   736   557   394   533   650   585   479
CRF44B  2010 -9999
CRF45B  1693  1543  1907  1227  1065   631   365   584
CRF45B  1700   787   814   969  1507  1209  1192  1191   857   655  1143
CRF45B  1710  1259  1094  1945  1576  1412  1398   895  1358  1895  1468
CRF45B  1720  1666  1645  1618  1368  2247  1297   476   870   998   986
CRF45B  1730  1155  1072   997   916  1455  1005  1350  1293  1515   871
CRF45B  1740   829  1237  1382  1288  1728  1852  1552  1476  1384  1268
CRF45B  1750  1375  1148  1539  1431  1236  1212   635   735   805  1117
CRF45B  1760   923  1283  1127  1169  1155  1165  1042  1217  1144   987
CRF45B  1770   631   818   975   807   668  1099  1077   973   687   966
CRF45B  1780   908   625   696   857   677   876   875   597   606  1037
CRF45B  1790  1109   947  1273   894   944   948  1024   600   506   607
CRF45B  1800   560   443   382   391   609   720   776   750   730   710
CRF45B  1810   653   474   603   582   636   532   476   744   814  1061
CRF45B  1820   808   791   650   451   599   713   567   565   334   613
CRF45B  1830   927  1148   817   499   626   856   592   891   957   546
CRF45B  1840   766  1081  1032   720  1037  1065  1750  1451  1041  1008
CRF45B  1850   994   944  1046  1000   606   482   553   539   442   341
CRF45B  1860   298   355   331   338   318   328   268   295   291   124
CRF45B  1870   325   328   425   491   536   408   492   461   746   272
CRF45B  1880   460   394   537   352   559   413   502   661   560   613
CRF45B  1890   485   771   720   786   730   696   584   744   895  1131
CRF45B  1900   614   527   615   330   871   555   347   408   707   622
CRF45B  1910   719   627   290   491   549   496   466   594   608   620
CRF45B  1920   699   668   536   644   839  1061   692   455   365   563
CRF45B  1930   688   739   909   655   632   606   787   810   891   662
CRF45B  1940   483   705   696   686   678   792   664   362   464   573
CRF45B  1950   620   593   792   767   724   650   556   557   633   818
CRF45B  1960   655   578   574   792   768   587   759  1022   726   750
CRF45B  1970   653   811   640   537   810   692   650   540   741   828
CRF45B  1980   625   675   848   784   701   640   725   769   734   679
CRF45B  1990   661   590   558   521   421   550   613   580   379   440
CRF45B  2000   440   626   711   743   805   844   842   967   862  1018
CRF45B  2010 -9999
CRF45C  1746  1510  1808  1737  1524
CRF45C  1750  2192  1363  1306  1345  1325  1455  1086  1106  1198  1542
CRF45C  1760  1219  1650  1883  2273  1903  1598  1735  1778  1409  1385
CRF45C  1770   884   755   746   767   660   851   745   703   545   840
CRF45C  1780   729   801   811  1388  1142  1407  1071   646   592   932
CRF45C  1790   751   762   635   296   530   742   743   448   565   524
CRF45C  1800   491   249   278   352   651   715   719   800   642   618
CRF45C  1810   598   490   341   354   322   234   255   266   320   360
CRF45C  1820   171   203   267   169   202   223   277   222   286   349
CRF45C  1830   201   201   286   275   572   391   413  1005  1154   487
CRF45C  1840   329   233   201   393   425   391   561   476   277   424
CRF45C  1850   296     0   244   190   254   180   222   192   296   214
CRF45C  1860   285   180   165   169   117   137   127   149   127    53
CRF45C  1870   159   265   328   402   413   486   456   297   467   286
CRF45C  1880   296   201   392   148   265   170   286   381   275   264
CRF45C  1890   212   773   703   848   531   666   690   700   741   523
CRF45C  1900   350   913   701   755   996   584   489   437   691   466
CRF45C  1910   487   890   310   732   849   977   732   626   615   467
CRF45C  1920   403   939   612   498   689   900   911   614   446   583
CRF45C  1930   561   656  1069   857   360   974   915   709   848  1013
CRF45C  1940   904   698   540   603   573   450   530  1249   465   846
CRF45C  1950   573   674   889   932   723   801   490   603   794   915
CRF45C  1960   593   656   615   955  1074  1067   924  1081   879   667
CRF45C  1970   582   709   523   648   606   684   628   505   695   724
CRF45C  1980   722   839   997   799   665   546   611   578   770   834
CRF45C  1990   732   702   724   563   608   663   702   808   760   597
CRF45C  2000   643   602   637   730   667   613   730   703   731   808
CRF45C  2010 -9999
CRF51A  1798  1100  1070
CRF51A  1800   576   989  1028   818  1192   911  1027  1013   965  1037
CRF51A  1810   719   833   810   661   388   737   618   661   670   885
CRF51A  1820   696   580   818   614   775   696  1058  1785  1352  1344
CRF51A  1830  1363  1242  1145   664   577   873   783   945   797   252
CRF51A  1840   262   490   721  1101   799   762   939   968   677   872
CRF51A  1850   830   918   891  1035   902   916   903   569   691   642
CRF51A  1860   641   863   959   769   716   558   474   859   966   861
CRF51A  1870  1205  1170  1569  1610  1028  1139  1030   668  1013   403
CRF51A  1880   685   699   774   766   612   616   626   812  1272  1307
CRF51A  1890  1593  1303  1101  1712  1325  1408   848   826   880  1432
CRF51A  1900   382   350   212   276   508   518   329   764   658   478
CRF51A  1910   489   434   340   479   681   540   668   541   444   361
CRF51A  1920   679   912  1029  1019  1433   944  1263  1091  1167   879
CRF51A  1930  1017   922   805  1028   816  1411  1389  1145  1174  1387
CRF51A  1940  1240  1001   853   884  1042   799   787   947   457   725
CRF51A  1950   709   603   541   721   519   825   672   892   637  1203
CRF51A  1960  1560   892  1136  1193   539   551   846   932   794   742
CRF51A  1970   764   678   776   473   457   584   532   360   446   350
CRF51A  1980   425   616   849   746   512   684   927  1046  1232  1560
CRF51A  1990  1476  1155   847   730   476   614   815  1329  1272  1560
CRF51A  2000  2340  1976  1827  2029  1117  1333 -9999
CRF51B  1801   345   360   269   444   323   322   252   227   290
CRF51B  1810   214   295   303   312   252   365   377   334   493   532
CRF51B  1820   510   370   551   381   508   497   498  1196  1037   901
CRF51B  1830  1196  1101   942   854   872   998  1031   977   850   320
CRF51B  1840   382   424   446   501   470   436   439   675   483   476
CRF51B  1850   710   809  1038  1644   934   865   949   812   997  1105
CRF51B  1860  1181  1000  1288   895   969  1034  1055  1033  1127  1286
CRF51B  1870  1202  1340  1813  1314   974  1069   794   848  1112   571
CRF51B  1880   647   497   689   594   434   816   734  1094   988   850
CRF51B  1890   849   698   724   670  1028   860   750   842   712  1009
CRF51B  1900   123    67   120   197   411   532   557  1045   642   534
CRF51B  1910   554   393   374   322   386   407   702   710   504   709
CRF51B  1920   623   762   720   397   774   409   702   776   581   476
CRF51B  1930   457   478   531   455   467   478   423   390   663   678
CRF51B  1940   455   313   185   314   336   313   444   323   265   465
CRF51B  1950   323   239   352   500   609   695   363   481   405   513
CRF51B  1960   447   329   383   596   340   288   446   267   234   298
CRF51B  1970   373   723   692   415   382   459   409   447   565   437
CRF51B  1980   320   329   405   330   256   298   522   650   768   911
CRF51B  1990   799   550   506   592   377   476   778   859   641   779
CRF51B  2000   928  1151  1265  1589   986  1124  1538  1208  1283  1201
CRF51B  2010 -9999
CRF53A  1762  3241  4733  3396  2794  3524  2965  4139  3655
CRF53A  1770  2266  2090  2151  2827  3343  3530  3182  2752  3102  3430
CRF53A  1780  2721  2975  2494  2312  2041  1601  1207  1037  1186  2000
CRF53A  1790  1905  2392  1935  1460  1917  1857  1277   789   893  1164
CRF53A  1800  1397  1192  1102  1292  1218  1499  1492  1185  1185  1336
CRF53A  1810  1450  1742  1535  1735  1369  1101  1198  1440  1335  1810
CRF53A  1820  1547  1344  1810  1981  2699  1979  1524  1536  1271  1325
CRF53A  1830  1429  1402  1127  1050  1422  1312  1207  1217  1196   974
CRF53A  1840  1016   646   805  1026  1040  1060  1103  1128  1317  1189
CRF53A  1850  1327  1316  1430  1347  1422  1432  1037   349   393   381
CRF53A  1860   349   497   699   859  1048   862   952  1151   794   746
CRF53A  1870  1214  1340  1397  1224   995  1133   958   973  1045   873
CRF53A  1880  1503   973  1211  1115   926   937   893  1312  1334  1306
CRF53A  1890  1889  1690  1521  1838  1755  1582  1689  1597  1726  1728
CRF53A  1900  1748  1765  1255  1452  1841  1376  1202   713   837   913
CRF53A  1910   931   957   794   833   834   727   802   845   879   853
CRF53A  1920   871  1199  1128   890   902   943  1197   931   728   827
CRF53A  1930   928  1107   961  1021   677   706  1018  1096  1263   966
CRF53A  1940  1108  1043  1077  1072   974   730   840   633   753   710
CRF53A  1950   743   726   816   972   728   998   771   839   827   781
CRF53A  1960   706   904  1213  1264  1742  1165  1284  1615  1170  1114
CRF53A  1970  1013   900   952   788   675   937   805   600   889   957
CRF53A  1980   934   810   784   597   577   638   764   818   586   694
CRF53A  1990   787   615   563   652   630   885   836   998   902  1013
CRF53A  2000   910   935   753  1251   921   584  1010   950  1026  1138
CRF53A  2010 -9999
CRF53B  1848  1577  1304
CRF53B  1850  1231  1247  1025  1084  1377  1112  1259   830  1183  1283
CRF53B  1860  1258  1219  1454  1543  1259  1384   994  1058  1702  2442
CRF53B  1870  2920  3282  2853  1648  1668  1175  1145  1284  1411   803
CRF53B  1880  1027   974   930  1016  1222  1333  1122  1610  2022  1610
CRF53B  1890  2005  1525  1313  1387  1463  1128  1370  1327  1793  1856
CRF53B  1900  1802  1971  1716  1707  1933  1614  1623  1435  1530  1400
CRF53B  1910  1091  1347  1538  1771  1707  1527  1402  1625  1466  1471
CRF53B  1920  1339  1848  1434  1239  1366  1439  1545  1292   973  1344
CRF53B  1930  1440  1704  1505  1587  1387  1344  1991  2032  1862  1609
CRF53B  1940  1587  1228  1048  1102  1526  1527  1601  1495  1167  1633
CRF53B  1950  1739  1240  1306  1388  1166  1029   763   796  1037   794
CRF53B  1960  1136   861  1271  2277  2478  1652  1516  1853  1747  1345
CRF53B  1970  1221  1122  1026   847   899   858   699   720  1006  1377
CRF53B  1980  1536  1412  1399  1229  1241  1037   972  1175   784   698
CRF53B  1990   749   694   844   911  1083   938  1009  1000  1009  1081
CRF53B  2000  1037   837   971   893   867   613   891  1083   910   854
CRF53B  2010 -9999
CRF55B  1690  1326  1288  1490  1730  1720  1533  1606  1907  1782  1451
CRF55B  1700  1677  1260  1156  1531  1422  1618  1833  1999  1615  1850
CRF55B  1710  1728  2203  1876  2062  1787  1363  1216  1218  1212  1236
CRF55B  1720  1601  1871  1501  1571  1940  1890  1557  1530  1471  1467
CRF55B  1730  1439  1529  1569  1273  1691  1540  1496  1377  1517  1552
CRF55B  1740  1553  1568  1389  1898  2007  1361  1222  1370  1242  1412
CRF55B  1750  1478  1554  1287  1456  1403  1767  2083  1114  1624  1796
CRF55B  1760  1266  1404  1216  1678  1467  1422  1458  1355  1260  1313
CRF55B  1770  1216  1146  1160  1262  1128  1390  1359  1390  1166  1189
CRF55B  1780  1090   998  1226  1132   782   692   588   679   836  1289
CRF55B  1790  1046  1027  1165  1151  1509  1562  1335  1397  1633  1465
CRF55B  1800  1512  1548  1065  1192  1242  1501  1213  1771  1749  1663
CRF55B  1810  1595  1684  1807  1806  1891  1867  1795  1513  1954  2093
CRF55B  1820  1546  1406  1369  1377  1431  1408   963   693   873   839
CRF55B  1830  1053  1527  1313   992  1091   832   621   741   654   532
CRF55B  1840   671   793  1058   980   749   732   928  1082   840   531
CRF55B  1850   783   646   562   646   572   646   976   825   826   677
CRF55B  1860   603   667   720   985   762   659   859   952  1037   688
CRF55B  1870   783   763   678   630   692   680   777   598  1020   668
CRF55B  1880   595   618   599   519   512   374   425   562   637   554
CRF55B  1890   550   519   614   571   477   455   518   540   391   519
CRF55B  1900   603   508   572   816   899   455   212   201   222   255
CRF55B  1910   233   222   191   243   275   286   404   497   497   540
CRF55B  1920   476   582   592   574   699   732   741   689   583   638
CRF55B  1930   754   721   882   752   762   901   857   710   891   837
CRF55B  1940   777   765   704   738   858   650   693   597   559   722
CRF55B  1950   582   616   627   573   489   521   651   689   600   596
CRF55B  1960   522   445   562   607   858   722   668   831   668   796
CRF55B  1970   850   862   865   823   695   935   670   407   590   588
CRF55B  1980   498   589   564   584   424   499   480   648   663   477
CRF55B  1990   470   505   334   323   399   511   689   666   517   486
CRF55B  2000   536   560   515   517   479   406   525   542   556   463
CRF55B  2010 -9999
CRF55C  1823  1785  1824  2096  1718  1187  1053  1276
CRF55C  1830  1425  1407  1238  1325  1435  1491  1597  1469  1248   876
CRF55C  1840  1032  1029  1005   852   631   888   867   824   786   734
CRF55C  1850   978   772   923   927   810   819   511   501   526   364
CRF55C  1860   336   459   497   511   658   682   683   667   810   733
CRF55C  1870   852   970  1032  1136  1316  1561  1600  1618  1609  1132
CRF55C  1880  1136  1031  1113  1292  1108   943   904   826   858   941
CRF55C  1890   998   966  1036  1231  1302  1098  1268  1112  1213  1240
CRF55C  1900  1264  1140  1226  1506  1809  1454  1136   750   794   670
CRF55C  1910   917  1008   827  1051   922  1036   985   907   762   975
CRF55C  1920   827  1140  1182  1148  1153  1228   982  1034   722   961
CRF55C  1930  1132   898  1197  1094   892   942  1058  1175   825   996
CRF55C  1940   859   966   930   884   943   755   857   832   745   963
CRF55C  1950   847   805   760   627   596   670   582   593   586   680
CRF55C  1960   680   555   685   783   988   771   707   985   896   970
CRF55C  1970   880  1024  1122   800   951  1168   800   352   432   600
CRF55C  1980   476   580   509   695   461   492   569   616   782   781
CRF55C  1990   787   781   653   661   707   836   584   782   686   692
CRF55C  2000   759   526   554   701 -9999
