377011  1845  2950  2640  2170  2230  2080
377011  1850  1070   930   850   280   210   240   350   870  1710  1760
377011  1860  1120   920   440   720   710  1300  1670  1990  2210  1430
377011  1870  1300  2240  1810  1280  1300  1240  1070  1450  3310  2080
377011  1880  2920  1920  2270  1570  1770  1690  2250  2030  1590  1580
377011  1890  2300  2630  1930  3740  1760   630   580  1550  2900  2980
377011  1900  2710  2150  1420  2090  2460  2260  1800  1140  1180  1490
377011  1910  2720  4070  3630  3660  3310  3510  3110  2620  2010  1770
377011  1920  2300  3830  3770  3920  3260  2930  2170  1770  1240  1410
377011  1930  1360   950   780  1290  1800  2240  2200  2670  4990  4300
377011  1940  3580  3250  1900  1590  1010  1710  1170  1170  1120  1700
377011  1950  1350  1300  1160  1480  1160  1070   730   510   140   190
377011  1960   320   200   240   140   120   140   320   310   330   470
377011  1970   580   650   510   600   460   570   520 -9999
377012  1865   910  1030   730  2460  1890
377012  1870  1770  2420  3430  4000  3510  2550  2000  1380  1580  1220
377012  1880  3820  2330  2070  1390  1850  1650  2240  3360  2890  3670
377012  1890  5730  5160  3480  4050  1690   620   590  2400  3840  3650
377012  1900  3930  3440  2940  3490  4270  3410  3530  3160  3110  2730
377012  1910  4160  5180  3600  4600  4500  3850  3800  3310  2900  2710
377012  1920  2390  2880  2580  3520  3880  3830  3060  2550  1400  1430
377012  1930  1550  1530  1850  2150  3400  3620  3960  3070  3290  3480
377012  1940  2380  3230  2600  3890  2410  2650  2870  2500  2880  3780
377012  1950  3180  3370  3740  5160  3070  3270  1650   860   270   200
377012  1960   250   180   170   220   280   360   400   380   300   350
377012  1970   790   770   530   670   680   820   700 -9999
377022  1837  3120  2740  1940
377022  1840   670  1550  1260  3920  5450  4120  3750  1880  2000  2290
377022  1850  2050  2600  4430  3680  3540  3340  2830  2660  2810  1980
377022  1860  2270  2090  2150  2630  2380  2180  2640  2230  2290  2290
377022  1870  1500  1940  2570  2380  3210  3190  2910  2180  2250  2140
377022  1880  3570  2700  3140  2030  2710  2430  2420  2320  2270  2190
377022  1890  2440  1890  1660  2220  1740   270     0   590  1090  2090
377022  1900  2040  4190  2950  3700  4030  3440  2920  2130  1700  2000
377022  1910  2200  1970  1920  1530  1530  1150  1010   880  1030  1020
377022  1920  1340  1570  1310  1080  1210   720  1030  1320   990  1430
377022  1930  1550  1540  1350   940  1410  1200  1410  1530  1670  1360
377022  1940   880  1350  1530  1930  1370  1050  1350  1150  1770  1100
377022  1950   830   330  1160  1290  1060   810   910   850   800   600
377022  1960   370   360   510   400   420   550   400   510   370   170
377022  1970   310   540   430   490   510 -9999
377031  1843  5130  5390  4360  3970  2510  3220  4040
377031  1850  2830  1740  2130  2250  2820  2440  3180  3410  2940  2200
377031  1860  1960  1780  1730  1140   920  1270  1660  3480  4180  2360
377031  1870  1660  1640  2450  3700  3210  3130  1720  1480  1070   850
377031  1880  3250  4380  4410  2520  1890  1830  2330  2800  3460  3640
377031  1890  4280  2310  1500  1390     0   180   140   500   820  1360
377031  1900  1630  2450  2930  5580  5390  3300  2880  1940  1900  1130
377031  1910  1170  1590  1350  1710  1370  1440  2340  1630  2030  1830
377031  1920  1750  2170  2420  3740  3590  2620  2040  1760  1390  1580
377031  1930   880  1050   850   450   670  1080  1520  2050  3090  2420
377031  1940  1660  1740  1830  2560  1360  1260   770   260   680   650
377031  1950   760   780   730   830   990  1490  1320  1210  1040  1070
377031  1960   800   920  1060   680   500   610   450   680   720   480
377031  1970   580   720  1050  1020  1060  1380  1240 -9999
377032  1828  7780  6550
377032  1830  3860  3510  4310  3860  3990  4220  2050  2480  1940  2270
377032  1840  1740  2310  2010  2820  3660  3780  3090  1940  1460  1670
377032  1850  1820  2010  1860  2130  2250  2230  2290  1630  1400  1200
377032  1860  1640  1100  1190  1260  1140  1400  1410  1330  1820  1200
377032  1870   950  1550  1610  1560  1080  1240   980   730   640   500
377032  1880  2150  1940  1490  1280  1440  1180  1570  1840  1780  1810
377032  1890  1220   800   510   710   250   100   230  1240  1600  2090
377032  1900  2160  1690  1020  1300  1210   840   650   630   720   980
377032  1910  1420  1630  1610  1910  1500  1350  1180   740   780  1060
377032  1920  1340  1930  1720  1380  1440  1330  1800  2390  2170  1490
377032  1930   930   980   640   410   540   930  1010  1050  1940  2270
377032  1940  1700  1960  1910  2420  1430  1680  1120   380   580   830
377032  1950   740  1140  1330  2090  1860  1460  1090  1280   970   970
377032  1960   670   800   810   620   400   620   570   780   700   540
377032  1970   590   880  1410  1000  1050  1040  1540 -9999
377051  1838  4560  3950
377051  1840  3080  2470  2970  5110  5550  3770  3640  3040  3610  3680
377051  1850  2640  1750  3030  2880  2590  3170  3170  3380  3470  2020
377051  1860  2520  1660  1290  1220  1060  1210  1670  3430  4710  2380
377051  1870  1460  1290  1240  3010  2160  2680  1710  1580  1440   780
377051  1880  2420  1870  3240  2560  1710  1240  1350  1420  1750  3020
377051  1890  4280  2960  2530  2660   540   200   310   670  1170  1510
377051  1900  1050  1390  1180  2540  3430  3580  2600  1880  1710  1080
377051  1910  1220  1400   950  1450  1920  2160  2380  1360  1520  1420
377051  1920  1400  1550  1500  1800  1570  1600  1800  2610  2290  2530
377051  1930  1800  1830  1580   930   990  1200  1300  1390  2170  2300
377051  1940  1320  1130  1000  1120   670   480   600   250   460   690
377051  1950   790  1260  1260  1480  1140  1290  1070  1250  1360  1360
377051  1960   860   880  1100   690   580   450   340   550   580   390
377051  1970   490   640   760   750   970  1290  1220 -9999
377052  1837  4160  4090  2980
377052  1840  1670  2230  2250  3170  2860  3900  3440  2580  2660  2890
377052  1850  3070  3370  3900  4180  2880  3420  3270  3160  2730  2650
377052  1860  2910  2610  2100  1980  1460  2070  2620  2830  3630  3690
377052  1870  2840  3630  3510  3520  2710  2900  2890  1990  1600  1530
377052  1880  2180  1880  1850  1490  1410  1550  2300  2410  2550  2590
377052  1890  3150  3290  3050  4010  3130  2300  2500  3660  4240  3840
377052  1900  3220  2820  2410  1850  2200  1360  1340  1080   510   860
377052  1910   860   950   690  1180  1570  1790  1880  1450  1790  2220
377052  1920  2310  2630  2640  2910  2410  2070  2320  1360   810  1010
377052  1930  1390  1730  1560  1440  1860  1940  1850  2150  2120  2490
377052  1940  1730  1580  1500  1280  1080  1170  1230   550   680  1270
377052  1950  1440  1230  1020  1280  1270   960   730   880   970   890
377052  1960   750   600   540   500   300   410   320   420 -9999
378061  1900  1420  1510  1290  1970  2450  1500  1450  1400   960   940
378061  1910  1780  3240  2680  2980  2540  2180  1400   980  1570  1630
378061  1920  1400  2110  3930  4690  4410  2920  2810  3300  3270  2430
378061  1930  2420  2340  2110  1590  2620  3540  4000  3350  3260  2490
378061  1940  1630  1710  1330  1910  2460  3210  2020  1800  1700  2310
378061  1950  1720  1350  1160  2070  1850  1490  1480  2090  1120  1120
378061  1960  1160  1230  1260   760   430   590   650   790   850   560
378061  1970   860  1120  1340  1170  1300  1010  1650 -9999
378071  1831  1880  3070  3020  2650  3380  2130  2150  1820  1510
378071  1840   650  1440  1120  2580  2750  2500  2650  2080  1970  1320
378071  1850  1210  1920  1520  1790  1000  1530  1520  1730  2020  2290
378071  1860  2110  1820  1740  1330   980  1440  1590  1410  1110  1290
378071  1870  1350  1390  1180  1170  1060  1110  1270  1410  1610  1250
378071  1880  1470  1150  1620   880   910   680   730   840  1510  1320
378071  1890  1690  1920  1960  2220  1500  1340   670  1280  1250   650
378071  1900  1360  2310  2190  2920  2340  1850  1790  2090  1610  1250
378071  1910  1890  1930  1810  2050  2010  1820  1860  1500  1180  1220
378071  1920  1080  1090  1080  1210  1490  1540  1300  1530  1050  1450
378071  1930  1350  1290  1530  1380  1830  2180  2320  2570  2580  2740
378071  1940  1800  2340  2220  2630  1420  1670  1350  1170  2120  2720
378071  1950  2250  2160  1550  1960  1650  1500  1880  1730  1750  1330
378071  1960   920  1080   910   600   560   540   410   520   400   360
378071  1970   530   520   730   580   580   940  1630 -9999
378072  1859  1890
378072  1860  1440  1330  1650  1710  1710  1940  2130  2500  2410  2190
378072  1870  2040  2510  2070  2250  2230  2160  2700  2570  2970  1760
378072  1880  2510  1790  3310  2890  2750  2080  2280  2460  2850  2510
378072  1890  3160  3530  2720  2970  3280  1010  1190  1790  4170  4230
378072  1900  3170  2390  1590  2600  3430  3320  2930  2220  1890  2050
378072  1910  2570  3490  2630  3180  3710  3200  2800  2180  2520  2120
378072  1920  2430  2160  2260  2370  3120  3110  2320  2740  2200  2820
378072  1930  2930  2600  2790  2340  2720  2380  2080  2860  3710  3460
378072  1940  2410  3640  3040  3310  2080  2020  1630  1560  1990  2550
378072  1950  1840  1500  1540  2030  1660  1680  2120  2310  2120  1990
378072  1960  1720  1540  1500  1470  1050   820   740   890   680   780
378072  1970   850   920  1030   800   840   860  1080 -9999
378081  1851  4110  2940  2120   930  1940  2480  3510  3700  4220
378081  1860  3830  3280  3810  3840  2920  3120  2260  2500  2220  1710
378081  1870  1070  1380  1970  2110  1540  2110  2300  1390  1720  1400
378081  1880  2320  1760  1400   600   730  1230  1260  1250  1340  1010
378081  1890  1220  2100  1900  1710   460   170   230   340   330   360
378081  1900   680   960   840   800   390   140     0     0     0   260
378081  1910  1810  2250  1980  1290  1190  1520  3390  2880  3220  2260
378081  1920  1040  1540  1060  1170  1090   960  1220  1010   500   550
378081  1930   570   490   450   430  1050  1290  2530  3520  3010  2060
378081  1940  1360  2490  2650  3570  2890  3570  3160  3130  2570  2670
378081  1950  1920  1440  1640  1750  1110   990  1860  1480  1500  1200
378081  1960   970   550   460   360   310   460   300   290   370   330
378081  1970   260   360   400   380   480   520   660 -9999
378082  1838  1670  1590
378082  1840  1410   890   740  1050   700  1210  1250   710   810  1590
378082  1850  1080   980  1370  1080   880  1600  1690  2720  2430  2510
378082  1860  1460  1160   880   970  1220  2090  2000  1390  1470  1260
378082  1870  1160  1530  1280   820   500   480   900  1170  1750    90
378082  1880   700   710   850   550   690  1250  1340  1390  1480   540
378082  1890   400   870  1050  1430   380   270     0     0     0   450
378082  1900   560   730   650  1270  1360   950   850   960   890  1040
378082  1910  1180  2020  1670  1680  1390  1370  1800  1070  1210   590
378082  1920   430   390   560   990  1020  1050  1260  1520   500   300
378082  1930   400   500  1080  1740  2270  1880  1150  1010  1530  2250
378082  1940  1080  1580  1880  2030  2010  1570  1300   860  1150   790
378082  1950  1030   720   510   690   980   740   910  1220   820  1230
378082  1960  1180   810   750   540   780   990  1040  1310  1020  1090
378082  1970  1110  1230  1730  1510  1210  1440  2070 -9999
378091  1856  1350  1370  1170  1010
378091  1860  1100   970  1040  1520  1800  1640  1620  1580  1860  1380
378091  1870  1280  1550  1420  2190  2490  3050  1910  2300  2410  2380
378091  1880  4960  2970  3680     0  2310  1760  1910  2510  2480  2680
378091  1890  2530  2400  2570  2460  2390  1350     0   150   210   290
378091  1900   290   260   350   460   810  1210  1480  1130   960   540
378091  1910  1260  2470  3130  3970  4590  4800  3570  2650  5140  3680
378091  1920  3170  3430  3250  3940  3390  3140  2880  4240  3110  3890
378091  1930  2870  2830  3810  4180  4130  3280  3760  2760  2870  2530
378091  1940  2580  2110  2700  3600  2450  3410  2930  1880  2280  2530
378091  1950  3140  2100  2890  3560  2410  2180  2470  2050  1670  2500
378091  1960  2780  2440  1890  1380  1120  1610  1730  3550  2160  1250
378091  1970  1410  2050  1690  1530  1660  1630  1850 -9999
378092  1832  5930  5520  5420  4830  2820  2900  2670  3500
378092  1840  2480  1920  1310  1160   610   740  1090  1250   610   570
378092  1850   300   490   710   420   720   790   960  1230   740   750
378092  1860   540   740   480   370   370   610   550   490   770   670
378092  1870   950   900   740   630   680   900   740   800  1120   910
378092  1880  1100   550   430   150     0     0   210   310   300   450
378092  1890   490   440   660   510   590   290   410   150   240   320
378092  1900   150   250   220   290   290   290   350   300   290   240
378092  1910   390   460   950  1590  2770  2950  2870  1870  2510  2790
378092  1920  2130  1420  1690  1600  1360  1580  2160  2110  1110  1160
378092  1930  1290  1350  1400  2160  3370  2280  1910  2080  1980  2100
378092  1940  2610  1950  1700  1900  1550  2590  2750  1040  1850  2780
378092  1950  2520  1710  1840  2680  2480  2080  2440  2500  2380  2030
378092  1960  2250  2260  2890  1820  1150  1480   990  1950  1570   820
378092  1970  1530  2130  2210  1420  2280  1980  2410 -9999
378101  1853  2240  1250  1050  1320  1520  1460  1380
378101  1860  1300  1450  1500  1580  1430  1220  1940  1550  1270  1080
378101  1870   770  1060  1540  1700  1760  2130  1880  1100   860  1050
378101  1880  2230  1370  1750  1780  1470  1270  1910  2150  2070  1150
378101  1890  1920  1830  1640  1130  1130   710   390   650  1150  1110
378101  1900  1510  1030   570   770   910   840  1010   650   660   960
378101  1910  1780  1900  2140  2220  1450  1630  1410   930  1990  2160
378101  1920  1910  1520  1150  1510  1430  1790  1620  1910  1530  1410
378101  1930  1030   890  1180   850  1020   940   860   900   650   640
378101  1940   690   960  1130  1970  1540  1460   950   430   570   670
378101  1950   880   840   870   920   540   510   660   660   460   520
378101  1960   370   410   510   410   330   290   420   770   550   280
378101  1970   260   580   610   590   690   750   750 -9999
378102  1857  1160  1020  1590
378102  1860  1960  1880  1190  1330  1080  1600  2010  1390  1180  1580
378102  1870  1270  1610  1130   820  1360  1540  1800  1490  1560  1230
378102  1880  2050  1250  1150   320   520   820  1000  1480  1460  1750
378102  1890  1390  1590  1540  1400  1640  1090   930   930  1370  1110
378102  1900  1140  1200   590  1090  1150  1090   780   540   360   210
378102  1910   860  1410  1950  2080  2010  1540  1610  1240  2540  1740
378102  1920  1440  1410  1190   990   820   860   830  1130   570   620
378102  1930   730   810   920   660  1520  1450  1410  1790  2540  1960
378102  1940  1050   940  1030  1240   990  1180  1420   720  1480  1360
378102  1950  1090   930  1070  1590  1320   830  1150  1650  1170   830
378102  1960   810   650   650   540   740   680   720  1110   960   780
378102  1970   660   980  1290  1050  1180  1330  1680 -9999
379111  1854    90   140   220   420   140   120
379111  1860   330   450   430   460   670   340   300   400   240   510
379111  1870   350   540  1190  1320  1010   960   620   690   910   910
379111  1880  1930  1680  1750   940   860   810  1080  1400  1880  1580
379111  1890  1410  1230   840   800   270     0     0     0   250   820
379111  1900  1160   340   240   460  1060  1430  1910  1520  1190  1680
379111  1910  2910  3180  4620  4580  4290  4580  4360  2840  3370  3480
379111  1920  2550  2060  2140  1270  1540  2590  2660  3050  1740  1780
379111  1930  1780  1840  1350  1470  1970  1870  1770  1330  2250  2340
379111  1940  1550  1830  2230  2850  2830  3150  2710  1090  1790  3370
379111  1950  2730  2410  1820  3590  2310  1610  2650  1970  1750  1110
379111  1960  2240  1890  2000  1180  1210  1080  1290  2420  1640  1000
379111  1970  1700  2510  3440  2490  2120  2620  2670 -9999
379112  1863  1590  1050   760   950   840   860   910
379112  1870   800   930  1720  1150   680   700   890   670   750   570
379112  1880  1950  1460  2030  1130  1400   900  1370  1200  1070  1430
379112  1890  1950  2070  3530  4330  1800     0     0     0   580   620
379112  1900  1030   780   420  1270  2100  2420  2500  1620  1370  1160
379112  1910  3900  4630  3210  4480  4280  3570  2410  1510  1500  2440
379112  1920  2370  2650  2230  1970  1560  2410  2850  3970  2520  2230
379112  1930  2450  2230  2100  1850  2930  2750  1910  1180  1580  1870
379112  1940   960   780   850  1470  1210  1390  1750  1000  1430  2040
379112  1950  1920  1750  1400  2890  2000  1850  1730  1600  1350  1010
379112  1960  1250  1030  1430   480   430   530   790  1770  1070   380
379112  1970   790  2350  2130  1330  1270  1530  1550 -9999
379121  1853  2170  2480  2070  1840  1660  1600  1940
379121  1860  2830  2640  2380  2490  1720  1860  2010  1830  1670  1750
379121  1870  2030  2420  2720  1910  1650  3220  2740  1980  1740  1420
379121  1880  1860  1750  2740  2120  1390  1390  1970  2400  2750  2010
379121  1890  2760  2110  2180  2740  2490  1080   380   780  1020  1120
379121  1900  1120  2260  2430  2700  3510  3050  2210  2460  2080  1700
379121  1910  2120  2030  2780  2580  2320  2110  2320  1860  2740  2510
379121  1920  2530  2200  1910  2390  2870  2610  2320  2040  1440  1740
379121  1930  2230  2690  2370  1970  1940  2350  2610  2780  2840  2650
379121  1940  1870  2250  2430  3000  3010  2840  2620  1040  2050  2890
379121  1950  2030  1310  1550  2240  1410  1250  1840  1330  1350  2090
379121  1960  1560  1090  1310   930  1100  1040  1210  1450   940   750
379121  1970  1130  1530  1660  1460  1910  1750  2080 -9999
379122  1843   450   840  1500  1700  1300  1080  1160
379122  1850  1050  1570  2550  2290  1720  1420  1600  1380  2030  2340
379122  1860  2640  2090  1660  1950  1350  1610  1670  1330  1960  1970
379122  1870  1930  2090  2550  2180  2200  1830  2310  1740  1910  1560
379122  1880  2590  2230  3080  1760  1470  1860  2000  1900  2030  1490
379122  1890  2340  2300  2320  2030  1290     0   290   570  1100  1720
379122  1900  2470  1680  1880  2110  2400  2130  2080  1850  1060   910
379122  1910  1560  2280  1890  1600  1270  1750  2260  1720  2170  2120
379122  1920  2060  1810  1660  1670  1980  1450  1960  2130  1190  1530
379122  1930  1960  1940  1510  1370  1420  2190  2050  2220  2480  3050
379122  1940  2160  2170  1980  2430  1810  2510  1790  1020  1620  2020
379122  1950  1530  1040  1370  2330  1570  2470  2480  1930  2030  1910
379122  1960  1430  1380   980   910  1070  1280  1340  1360   940   760
379122  1970   840  1130  1220  1010  1270  2100  3540 -9999
379131  1864  4350  4650  3250  3050  3680  3070
379131  1870  2660  2530  2800  3560  3300  3040  2910  2350  2550  1370
379131  1880  2410  1970  2480  1740  1610  1830  2400  2400  2580  2440
379131  1890  2310  1890  2380  3010  3230   800   170  1070  1650  1860
379131  1900  3790  2820  2440  2700  3300  3080  2720  2540  2470  1930
379131  1910  2540  3050  4840  5060  3040  2880  2630  2650  3090  2670
379131  1920  3060  2820  2410  2830  2480  2220  1530  1550  1130  1070
379131  1930  1330  1670  2020  1640  2360  3120  2670  2630  3430  2570
379131  1940  1520  2700  2440  3370  2140  2290  1920   930  1090  1870
379131  1950  1690  2010  1650  2820  1790  1540  2290  2680  2230  1290
379131  1960   740   690   530   790   820   630   650  1020   790   500
379131  1970   700  1050   820   810   800  1170  1250 -9999
379132  1843  1090  1500  2080  1540   960  1280   730
379132  1850   890  1780  2350  1940  1820  1300  1500  1200  1260  1470
379132  1860  1240  1350  1220  1380   970  1010  1160   800   940   740
379132  1870  1060  1590  1990   950   950   980  1120  1020   870   280
379132  1880   630   360   940   450   700   780  1240  1360  1260  1150
379132  1890   910  1320  1410  1520  1340     0   120   480   780  1230
379132  1900  1660  1450  1000  1930  2430  2410  2350  1880  1660  1130
379132  1910  1090  1790  2310  2520  1750  1820  1840  1530  1890  1610
379132  1920  1610  2170  1650  1440  1410  1350  1070  1180  1060   970
379132  1930   880  1120  1180   770  1110  1710  1060   880  1520  1770
379132  1940  1130  1820  1230  1720  1220  1320  1290   470   930  1730
379132  1950  1620  1890  1740  2460  1710  1830  1380  1450  1140   820
379132  1960   770   880   490   490   530   550   710  1130   570   480
379132  1970   350   830   870   790   820  1240  1180 -9999
D04     1824  1712  2768  2729  3681  4656  3921
D04     1830  3126  2736  2981  3187  3773  4004  2909  3291  2818  1970
D04     1840   568  1839  1431  3030  2946  2897  2700  1923  2326  2669
D04     1850  1952  1996  1646  1093   893   678  1012  1201  1196  1265
D04     1860  1444  1225  1763  1782     0  1107  1126  1442  1237  1341
D04     1870  1122  1145  1283  1043   913   520   490   476   456     0
D04     1880   811   311   470   293   586   404   484   587   958   761
D04     1890   503   421   550   906   795   759   133   284   300   315
D04     1900   444   668   770  1161  2295  2236  1499   652   636   763
D04     1910  1006  1326  1589  1221  1643  1717  2078  1972  3234  2176
D04     1920  2340  2376  2811  1815  2298  2411  2030  2109  1152  1276
D04     1930  1760  1972  1828  1526  1598  2270  2638  2480  2788  2558
D04     1940  1049  1403  1289   971  1061  1571  1291   374  1316  2223
D04     1950  2156  1705  2371  3459  2655  2225  2271  1229  1333  1753
D04     1960  2201  1939  2785  1999  1706  1880  1107  2056  1579   845
D04     1970  1175  1653  1714  1249  1132  1489  1369  1048  1692  1110
D04     1980   992  1415  1151   546   921  1107  1022  1000   821   817
D04     1990   797   842   646   825   763   989   789   644   616  1397
D04     2000  1137  1040   817   477   978  1121   986  1041  1398  1672
D04     2010  1514 -9999
D3      1827  4450  4480  3897
D3      1830  2555  2061  3249  3855  4154  4430  3811  3935  3156  2238
D3      1840  1087  1188  1134  2639  3348  3779  3720  2426  2379  2236
D3      1850  2354  2487  3139  2580  1970  2211  1678  1798  2160  2346
D3      1860  2410  2296  1774   873   860  1397  1392  1248  2377  2618
D3      1870  2675  2217  2272  1979  1240  1185  1162   663   557   352
D3      1880   797   521   529   700   632   301   471   522   711  1046
D3      1890  1612  1382   875   818  1078   284     0   172   232   529
D3      1900   589  1054  1638  2452  2910  2559   970   479   571     0
D3      1910   886  1297  1235  2063  2344  2360  2666  1916  2366  2490
D3      1920  1830  1590  2180  1591  1286  1268  1573  1563  1116  1801
D3      1930  1943  1727  1649  1593  2205  2358  2114  1926  1691  1678
D3      1940  1165   982   986  1278  1491  1572  1616  1102   906  1199
D3      1950  1575  1209  1475  1958  1775  1618  1540  1260  1301  1363
D3      1960   898  1034  1864  1326  1369  1303  1100  2429  2180  1146
D3      1970   937  1075  1297  1115  1313  1527  1322  1008  1283   789
D3      1980   873   859  1115  1005   853   965   998   926   857   725
D3      1990   988  1222   919  1193  1030   992   791   520   546   948
D3      2000  1547  1294   711   407  1189   937  1014   912  1198  1128
D3      2010  1178 -9999
D05     1864   427   556  1028  1346  1469  1291
D05     1870  1230  1889  1958  1422  1532  1074  1051   968   887   764
D05     1880  1522  1068  1794  1312  1371   995  1140   993  1613  2427
D05     1890  1889  1774  1251  1384  1129   328   542  2002  2435  2906
D05     1900  3292  2742  2138  2701  2742  1763  1239  1362  2141     0
D05     1910  3107  3276  3043  2672  2253  1848  2326  1885  1756  1364
D05     1920  1203  1759  2203  2188  1849  1846  1291  1298  1457  1775
D05     1930  1686  1317   998  1205  1263  2740  2304  3004  4294  3571
D05     1940  2153  2403  2926  2925  2797  3277  2405  2007  2544  3547
D05     1950  2183  1668  1731  2107  3575  3803  3350  2863  1776  2357
D05     1960  1958  1392  1393  1222  1321  1403  1278  1213   928   653
D05     1970   716   962  1161   909   934  1123  1280  1080  1133  1009
D05     1980  1170  1116   750   801   638   683  1173  1093  1074   661
D05     1990   901  1190  1409  1197  1000   933   852   579   743  1193
D05     2000   791   981  1360   607   725  1135   812  1222  1499  1982
D05     2010  1247 -9999
D06a    1829  4315
D06a    1830  3520  1234  2046  2355  2855  3555  2772  2643  1941   925
D06a    1840   326   122   357   516  1082  1131   365   561   410   495
D06a    1850   764  1199  1312  1060   939  1364   792   698   685   827
D06a    1860   811   704  1036   548   626   488   669   912   571   496
D06a    1870   634   886   656   783   406   326   258     0   253     0
D06a    1880   394     0   390   189   158     0    93   277   149   233
D06a    1890   176   124   141    95   124     0     0     0    86   127
D06a    1900   164   165   185   406   284   256   282   246   287     0
D06a    1910   343   335   424   452   281   229   539   410   528   306
D06a    1920   254   416   536   578   787   562   413   526   262   166
D06a    1930   165   314   275   294   462   690   613   546   841  1121
D06a    1940   779   624   610   652   399   680   597   236   429   614
D06a    1950   499   665   555   527   710   651   571   623  1041  1250
D06a    1960  1274  1186  1255   757   833   755   759   997   739   856
D06a    1970   870  1037  1184  1290  1131  1482  1388  1022  1340   851
D06a    1980   780   764   553   814   636   851  1082   931   785   879
D06a    1990   873  1016  1046  1476  1284   980   674   553   493   780
D06a    2000   759   690   948   728   772  1423   871   888  1052  1240
D06a    2010   972 -9999
D06b    1829  3723
D06b    1830  3397  1336  1536  1692  1237  1822  1359  1915  1250   681
D06b    1840    75   189    95   240   507   898   726   324   450   159
D06b    1850   217   424   827  1253  1137   780  1355   678   551   795
D06b    1860  1117   746   681   834   512   579   441   572   660   583
D06b    1870   856  1013   891   400   618   585   587     0   383     0
D06b    1880   420     0   418   540   257     0   313   287   470   284
D06b    1890   324   276   227   137    80     0     0     0    88   167
D06b    1900   116    83    59   105   104   159   129   128    74     0
D06b    1910   102   119   191   240   256   408   337   267   748   568
D06b    1920   651   500   598   747   736   607   541   529   218   172
D06b    1930   104   198   138    55   217   331   491   536   918  1159
D06b    1940   735   447   446   464   411   820   492     0   206   432
D06b    1950   427   422   563   503   602   670   497   518   883  1079
D06b    1960   996  1163  1081   482   563   782  1003   821   669   602
D06b    1970   642  1168  1294  1065   810   953   724   836  1347   858
D06b    1980   694   597   308   374   679  1100  1234  1153  1039  1022
D06b    1990  1044  1465  1410  1472  1236   672   631   764   684   766
D06b    2000   878   941   921   851   674  1396   896  1065  1138  1679
D06b    2010  1430 -9999
D7      1831  4364  3209  1127  1512  2728  2115  3013  1980  1945
D7      1840  1154   384    95   516   775  1751  2037  1204  1382   991
D7      1850  1488  2338  2333  1708  1314   954  1414  1489  1306  1582
D7      1860  2236  1505  1768  2010  1381  1555  1778  2286  2345  1658
D7      1870  2211  3319  2863  2738  1594  1492  1858  1560  1883  1307
D7      1880  2067  1749  1965  2563  1971  1997  2209  2090  1894  1702
D7      1890  2884  2010  2213  3414  1823   862   608   705   403   514
D7      1900  1082  1027  1590  2166  2409  1806  1752  1614  1016   572
D7      1910  1174  1694  1956  1832  1717  1760  3089  1783  1866  1706
D7      1920  1797  1645  1399  1813  2007  1325  1139  1609  1019  1070
D7      1930  1252  1295  1013   529   386  1072  1371  1961  2055  1659
D7      1940  1135  1493  1492  1904  1356  1623  1152  1031  1582  1635
D7      1950   896   647   829  1373  1326  1171  1081   739   151   208
D7      1960   337   297   286   247   284   149   280   455   148   161
D7      1970   226   392   417   356   274   312   764   469   584   678
D7      1980   522   492   242   319   267   484   770   412   447   326
D7      1990   295   314   283   316   262   281   180   153   197   135
D7      2000   107   209   131     0   133   496   309   508   439   405
D7      2010   265 -9999
D08     1838  2075  1769
D08     1840   447   703   592  2252  3117  3312  2348  1726  1156  1530
D08     1850  1560  2533  3532  2578  2028  2085  2611  2519  2524  1980
D08     1860  2655  3003  3569  1921  1799  1788  1430  1707  1916  1711
D08     1870  1814  2836  2847  1982  1600  1398  1574  1831  1797  1823
D08     1880  2236  1740  1877  1568  1840  1599  1804  2064  2289  2133
D08     1890  2348  2729  2302  2919  3509  1192  1119  1335  1367  1258
D08     1900  1508  1419  1724  2264  2389  1955  1533  1604  1298  1524
D08     1910  1349  1349  1251  1457  1582  1491  1971  1888  1761  1356
D08     1920  1477  1801  1998  1732  2467  2441  2291  2325  1518  1900
D08     1930  2086  1572  1598  1427  1550  1396  1748  2162  1728  1948
D08     1940  1283  1229  1015  1480  1101  1107  1308   907   977  1585
D08     1950   968   738   966  1105   793   781  1021  1038  1049   921
D08     1960   802   525   576   439   397   350   383   385   280   244
D08     1970   302   428   515   476   512   382   687   586   779   403
D08     1980   332   334   320   321   448   382   497   522   353   261
D08     1990   392   597   630   571   555   745   471   563   332   521
D08     2000   689   400   401   329   724   794   595   805  1038  1229
D08     2010   968 -9999
D09     1834  3561  3692  4718  3334  2398  1189
D09     1840   240   320   166   707  1676  1792  2098  1751  1521  1069
D09     1850   996  1846  2931  2457  2681  1818  2085  1809  1642  1362
D09     1860  1813  1370  1474  1160   664   695   995  1287  1229   989
D09     1870  1063  1681  2087  1663  1328  1043  1047   944  1195  1013
D09     1880  1979  1090   598   734  1034   872  1277  1353  1346  1304
D09     1890  1485  1447  1325  1411  1389   321   222   210   266   349
D09     1900   381   435   551   720   998   771   511   463   465   302
D09     1910   493   325   401   460   554   674   958   785   818   892
D09     1920   886   763   817   669   522   749   632   805   575   748
D09     1930   606   488   564   445   530   575   454   536   839  1100
D09     1940   858   777   653  1013   852   762  1014   546   580   703
D09     1950   521   606   690   828   590   568   754   753   714   556
D09     1960   574   521   807   493   562   679   596   764   698   433
D09     1970   490   522   491   481   538   555   689   367   531   373
D09     1980   439   464   410   429   354   405   429   507   362     0
D09     1990   219   227   228   295   260   137   164    92   136   248
D09     2000   240   192   183     0   172   220   106    95   177   184
D09     2010   177 -9999
D10     1853  3143  1816  2030  2468  1720  1882  1738
D10     1860  1638  1802  2473  1360  1250  1785  1521  1850  1727  1156
D10     1870  1401  1629  1733  1555  1018   908  1117  1214  1685   976
D10     1880  1057   898  1156   960  1248  1085  1042  1229  1650  1635
D10     1890  1904  1594  1475  1749  1464  1575  1162  1411  1468  1148
D10     1900  1947  1768  1536  1662  1901  1148   957  1131  1169   848
D10     1910   904   809  1260  1435  1347   940  1599  1591  1651  1566
D10     1920  1214  1538  1406   958  1108  1130   949  1182  1506  1661
D10     1930  1439  1366  1515  1583  1835  2057  1507  1449  1646  1348
D10     1940  1036  1423  1444  1444   913   637   517   430   761   808
D10     1950   692   717   544   532   506   547   795  1026  1476  1054
D10     1960   855   574   962   783   539   515   444   505   334   315
D10     1970   385   329   462   355   308   324   511   381   495   368
D10     1980   339   345   432   275   373   414   352   444   369   231
D10     1990   373   347   482   501   465   395   402   229   217   395
D10     2000   418   379   302   213   170   381   474   635  1005  1384
D10     2010  1410 -9999
D11     1839  1751
D11     1840   205   628   610  2879  3872  4061  3331  3510  3318  3678
D11     1850  2430  3274  3055  2024  2033  2685  1866  1268  1805  2233
D11     1860  2666  1839  2205  1241   611   943  1387  1494  2242  1931
D11     1870  1095  1950  2382  1656   842   866  1414  1858  2131  1340
D11     1880  1629  1023  1434   954   712   779  1330  1013  1521   874
D11     1890  1581  1200   931  1217  2192  1688  1890  3584  3668  2891
D11     1900  2718  3771  4342  3731  3546  3568  4144  3218  2861  2826
D11     1910  3192  2078  3209  3072  3439  2939  3974  2721  1937  1615
D11     1920  1536  1748  1940  2028  2711  2600  2704  4375  3639  3978
D11     1930  2728  2253  1662  1135  1046  1265  1110  1264   894  1288
D11     1940   785  1310  1348  1845  1277  1034   796   641   737  1200
D11     1950  1589  1097  1253  2169  1453  1093  1138  1683  1876  2394
D11     1960  1858  1499  2151  1497  1306  1064   995   995  1271   839
D11     1970   926   962  1081   747   728   749   797   424   874   727
D11     1980   650   717   476   597   417   746   684  1101   880   532
D11     1990   627   671   504   978   577   587   528   628   642   784
D11     2000   848   600   408   425   508   684   496   561   468   565
D11     2010   450 -9999
D12     1840  1396   631   716  3337  4693  4500  2467  2460  1894  1837
D12     1850  1512  2310  3409  2549  1865  1395  1777  1445  1707  2203
D12     1860  2723  3448  2654  2968  2346  2752  2955  1850  3339  2725
D12     1870  2732  3855  3205  3354  3850  4257  4350  3316  3706  3326
D12     1880  5388  4608  5372  3586  2451  1864  2548  2573  2168  1681
D12     1890  3110  4211  4148  4953  1226   154   111   309   377   578
D12     1900   563   597   904  1221  1333  1140  1008  1432     0     0
D12     1910  2187  3321  2771  2944  3889  3891  2545  1778  1859  1290
D12     1920  1073  1356  1414  1142  1120  1094  1141  1976  1322  1050
D12     1930   993   884   622   641  1053  1198  1370  1379  1352  1462
D12     1940  1233  1354  1457  1665  1243   844  1284  1037   903  1457
D12     1950  1396  1344  1533  1999  1822  1701  1998  2563  2380  1989
D12     1960  2070  1395  1783  1420  1331   950   795   990   877   736
D12     1970   778   728   717   796   623   674   747   471   805   814
D12     1980   799   800   560   478   418   705   751   684   676   436
D12     1990   366   626   564   376   356   371   502   397   266   451
D12     2000   550   392   369   247   548   728   723   709   691   860
D12     2010   825 -9999
D13     1832  4261  3913  4159  3745  3090  3670  2801  2418
D13     1840  1219  1162   722  1044  1432  2156  3032  2356  2104  1623
D13     1850  1000  1256  2055  2110  2425  1989  2743  2352  2010  2462
D13     1860  2340  2474  2662  3261  2720  2359  2249  2344  3053  2052
D13     1870  1632  2096  2753  2532  2769  2767  2008  2042  2353  1253
D13     1880  2040  1069  2080  1676  1711  1454  1809  1440  1413  1527
D13     1890  2685  2795  2911  2879  2403   648   409   721   776  1214
D13     1900  2318  2158  1940  3230  3128  3105  2647  1497  1204   755
D13     1910   929  1180   670  1347  1481   814   425   290   425   696
D13     1920   703  1717  1967  2217  1512  1685  1179  1431  1744  1881
D13     1930  2080  1579  1463  1674  1549  1631  1760  1655  2258  2160
D13     1940  1345  1554  1074  1439   761   442   731   290   484   817
D13     1950   494   452   567   919   908  1093   845   496   421   417
D13     1960   431   228   310   255   270   251   229   403   358   296
D13     1970   201   510   611   421   494   871  1023   736   865   863
D13     1980   761   563   174   252   366   529  1013   866   917   661
D13     1990   478   698   773   855   526   369   457   276   383   383
D13     2000   441   456   418   264   307   522   228   410   521 -9999
D14     1829  3715
D14     1830  3568  2236  3100  3073  3678  3179  2820  2978  1569  1135
D14     1840   170   369   237   560   749  1431  1346  1225   698   534
D14     1850   423   774  1264  1380   965   694  1241   803  1362  1581
D14     1860  2209  1529  1779  1402  1038  1795  1594  1529  1970  1693
D14     1870  1660  2501  2341  1913  1833  1976  1943  1440  1658  1508
D14     1880  2040  1799  2056  1565  1283  1625  1630  1224  1553  1159
D14     1890  1497  1791  1424  1609  1688   406   171   995  1414  1603
D14     1900  1482  2113  2175  1742  1962  1734  1591  1308  1043  1152
D14     1910  1170  1173  1141  1242  1083  1206  1621  1336  1541  1322
D14     1920   498   730   616   688   515  1095   882  1298  1015  1417
D14     1930  1087  1390  1322  1149   897  1179   839   788   842  1021
D14     1940   657   508   478   539   432   451   735   412   518   588
D14     1950   414   348   374   495   444   500   516   543   423   435
D14     1960   406   281   293   239   290   310   292   667   350   304
D14     1970   365   392   354   379   327   384   570   296   299   269
D14     1980   288   170   103   179   119   122   273   112   173   137
D14     1990   173   116   187   163   136    88   178    76   101   148
D14     2000   299   342   475   450   477   666   334   660  1069  1181
D14     2010   607 -9999
D1      1847   633   566   590
D1      1850   720  1896  3244  2825  1943  1758  1982  1749  2193  2404
D1      1860  3060  2682  3497  3462  2690  2736  3171  3278  3100  2487
D1      1870  3007  3683  3846  3861  2830  3079  2939  2480  2654  1883
D1      1880  2749  2795  3665  2913  2311  2308  2531  2504  2905  2680
D1      1890  3108  2799  2637  2963  2707   800   914  1427  1324  1337
D1      1900  1501  1864  1430  2209  2519  2418  2058  1473  1160  1367
D1      1910  1253  1999  2249  2991  3805  2425  2361  1525  1989  1946
D1      1920  1687  1711  1568  1113  1200  1793  1763  1856  1476  1750
D1      1930  1485  1465  1555  1324  1444  1594  1232  1423  1225  1620
D1      1940  1002  1032  1408  1156  1132  1173  1052   731   899  1100
D1      1950  1012   987   722  1033  1090   917   874   841   970   961
D1      1960  1078   884  1152   795   916   789   580  1122   886   506
D1      1970   544   623   782   765   925  1031  1220   830   897   687
D1      1980   403   339   226   335   586   882   640   430   410   189
D1      1990   323   459   532   556   697   719   841   357   284   574
D1      2000   819   711   582   337   503   728   646   624   959  1590
D1      2010  1270 -9999
D2      1833  3118  3432  3689  2998  3825  2825  1585
D2      1840   442   797   592  1669  2361  3858  2666  2750  2473  2255
D2      1850  2564  3933  4393  3310  1724  1899  2446  2043  2576  2355
D2      1860  2382  1644  2424  2457  1370  2053  2351  1540  2456  2844
D2      1870  2589  2430  2152  1933  1919  1615  1680  1081  1207  1213
D2      1880  2126  1357  1323  1116  1219  1079  1676  1675  1798  1357
D2      1890  1880  1953  1751  1944  1714   579   653   572   805   402
D2      1900   941  1518   908   834  1322  1515  1286  1019   769   642
D2      1910   792  1065  1542  1492  2181  2032  2118  1183  1929  1563
D2      1920  1123  1210  1665  1615  1330  1140  1502  1686  1506  1144
D2      1930   984  1266  1707  1480  1690  1787  2022  2509  2046  1842
D2      1940  1118  1440  1337  2315  2177  1499  1462   890   775  1727
D2      1950  1693  1113   895  1617  1259  1273  1435  1578  1602  1640
D2      1960  1120  1354  1632  1081   705   475   797  1642   936   592
D2      1970   364   291   363   595   494   992   965  1106  1482  1055
D2      1980   773  1154   778   823   848  1074   987   787   458   451
D2      1990  1776   804   789   812   615   587   483   586   457   922
D2      2000   816   823   733   423   829   851   777  1187  1664  1801
D2      2010  1386 -9999
D15     1840   158   410   484   653  1003  2128  1352  1688  1301   793
D15     1850   582  1336  3009  2863  2673  1592  2275  1279  1682  2257
D15     1860  2532  2211  2799  2520  1907  1963  2158  1951  2743  2195
D15     1870  2321  3009  2866  2629  2282  2057  2041  2098  2050  1794
D15     1880  2421  2198  2961  2040  2153  1751  2133  2551  2724  1986
D15     1890  3169  2455  1718  2459  1575  1174  3027  3291  1850  1097
D15     1900  2243  3292  3536  1804  2521  1867  1903  1657  1181   654
D15     1910   808  1168  2057  1957  1707  1580  2182  1193  1532   505
D15     1920   338   373   557   841   614  1060  1234  1402  1004   841
D15     1930  1450  1280   244   484   689   606   789   670  1232  1503
D15     1940  1691  2034  1782  1902  1754  1400  1352  1169   427   304
D15     1950   474   414   589   452   196   206  1651  1206  1255  2076
D15     1960  2278  2512  1724  1032   856   910   455   588  1070   647
D15     1970  1073   707   815   472   611   910  1190  1226  1222   743
D15     1980   533  1062   915   833   728  1165  1146  1209  1643  1462
D15     1990  1537  1732  1412  2500  1401   979  1021   998   858   970
D15     2000  1169  1221  1280   943  1264  1339  1222  1407  1621  1772
D15     2010  1003 -9999
