GDW01   1739  1069                                                          
GDW01   1740  1520  1632  1305  1427   905  1038  1368  1283   740  1147          
GDW01   1750   998   220   376   447   532   327   462   565   651   426          
GDW01   1760   544   634   944  1034   657   508   961   783   585   860          
GDW01   1770  1021   766   735   415   296   313   201   114   198   145          
GDW01   1780   156   220   131   178   197   159   136   159   283   173          
GDW01   1790   228   162   226    80    48    78   135   165   152   128          
GDW01   1800   170   236   305   390   241   117   176   320   239   382          
GDW01   1810   214   254   144   225   224   373   294   401   339   280          
GDW01   1820   410   408   701   444   677   616   341   501   629   659          
GDW01   1830   741   580   387   412   468   419   446   521   508   427          
GDW01   1840   559   408   437   319   405   456   447   420   347   298          
GDW01   1850   341   356   335   317   464   334   531   507   602   591          
GDW01   1860   597   627   612   524   643   481   563   719   881   720          
GDW01   1870   640   559   748   676   417   362   402   385   421   424          
GDW01   1880   708   480   525   457   412   332   317   318   504   515          
GDW01   1890   500   508   619   512   467   332   283   286   237   528             
GDW01   1900   472   721   416   471   494   546   456   443   454   422             
GDW01   1910   505   442   802   955   768   524   442   821   702   602          
GDW01   1920   488   435   564   522   475   422   628   552   389   400          
GDW01   1930   392   413   349   530   429   402   305   378   601   585          
GDW01   1940   363   471   458   407   457   464   421   330   464   395          
GDW01   1950   446   355   316   342   355   364   407   476   426   318          
GDW01   1960   249   234   281   387   268   342   284   268   206   313          
GDW01   1970   236   234   301   295   334   300   382   366   460   210          
GDW01   1980   166   210   203   294   294   400   458   486   473   437          
GDW01   1990   323   297   227   356   338   366   399   576   622   818          
GDW01   2000   643   644   591   329   366   311   240   279   428 -9999          
GDW2    1746  1383  1599  1523  1499                                              
GDW2    1750  1042   967  1230  1220  1389  1924  1338  1537  1827  1628          
GDW2    1760  2095  1729  2130  1764  1999  2075  2297  1629  1597  1201          
GDW2    1770   880  1065   953   991   615   763   577   329   324   381          
GDW2    1780   548  1025   965   485   531   874   953   678   612   645          
GDW2    1790   528   689   643   446   609   680   855   703   931   819          
GDW2    1800   517   976  1161   934  1561   976  1062   921   756   827          
GDW2    1810   519   492   526   645   574   934   855   822   794   827          
GDW2    1820   899  1187   883   703   728   943   961  1420  1676  1560          
GDW2    1830  1572  1359  1260  1254  1290  1299  1463  1628  1215   815          
GDW2    1840   863   616   774  1178  1173  1196   860  1330  1296   905          
GDW2    1850  1316  1354  1504  1172  1153   985  1308  1265  1475  1583          
GDW2    1860  1386  1299  1221  1118  1350  1384  1229  1350  1775  1410          
GDW2    1870  1618  1652  1421  1429  1297  1503  1296   946  1099   787          
GDW2    1880   990   876  1338   998   886   764   722  1013  1098  1285          
GDW2    1890  1377  1226  1363  1126   820   848   832   839  1080  1102          
GDW2    1900  1433  1805  1252  1161  1328  1475  1263   878   796   705          
GDW2    1910   645   946   983   955   841   663   741  1089  1494  1053          
GDW2    1920   691  1043   754  1174  1007   790   823   720   374   583          
GDW2    1930   579   772   854   820   913   716   730   674  1512  1077          
GDW2    1940   857   820   667  1298  1789  1924  1328  1254   778  1219          
GDW2    1950   829   522   742  1327  1122  1557   863  1113  1100   873          
GDW2    1960   698   573   947  1182  1740  1294   855  1046  1090   975          
GDW2    1970  1023   939  1382   952   987  1417  1288   825  1029   926          
GDW2    1980   575   913   777   697   693   486   560   699   735   920          
GDW2    1990  1006  1093   513   811   660   783   618   781   795   842          
GDW2    2000   836   775   761   736   416   429   564   791   798 -9999          
GDW03   1827  2776  2161  2107                                                    
GDW03   1830  2207  1684  1179  1216  1128  1085  1089  1391  1274  1238          
GDW03   1840   817   843   861  1477  1372  1515  1654  1984  2212  1674          
GDW03   1850  1858  1749  1915  1937  2235  2332  1884  2242  2107  2472          
GDW03   1860  2659  2768  3123  2893  2495  2265  2128  2484  3189  2467          
GDW03   1870  2493  2823  2557  2283  1700  1801  1653  1327  1600  1091          
GDW03   1880  1828  1270  1531  1511  1296   975   915   986   994   977          
GDW03   1890  1269  1515  1326  1597  1537   926  1282  1102   773   654          
GDW03   1900   584   570   430   545   614   738   584   687   593   624          
GDW03   1910   679   657   812  1004   955   803   947   871  1284  1120          
GDW03   1920   806   787   726   727   724   706   925   721   595   899          
GDW03   1930   908   859  1071  1122   892  1217  1205  1407  1408  1580          
GDW03   1940  1127  1115  1025  1110  1566  1449  1398  1443  1271  1462          
GDW03   1950  1079  1001  1253  1492  1367  1530  1013  1394  1521  1066          
GDW03   1960  1018  1055  1186  1315  1520  1563  1548  1763  1437  1393          
GDW03   1970  1533  1711  1598  1365  1530  1566  1406  1133  1254   930          
GDW03   1980   689   965   911   774   936   919  1055  1460  1358  1598          
GDW03   1990  1509  1693  1666  1468  1515  1734  1528  1754  2495  3062          
GDW03   2000  2131  2036  2219  1833  1510  1307  1410  1734  1685 -9999          
GDW04   1780  1031  1243   935   727   711   789   710   551   832  1087          
GDW04   1790   725   881   828   526   768   759   840   838   750   817          
GDW04   1800   597   777  1019   974  1221  1008   685   584   551   615          
GDW04   1810   556   637   591   532   452   527   611   589   632   520          
GDW04   1820   489   424   421   595   748   729   928   989   846   614          
GDW04   1830   477   480   363   335   456   405   439   464   440   438          
GDW04   1840   358   347   467   529   623   649   459   647   605   395          
GDW04   1850   428   593   521   444   502   344   554   536   522   547          
GDW04   1860   443   432   416   393   391   411   492   574   577   485          
GDW04   1870   523   406   455   379   396   342   295   311   313   300          
GDW04   1880   337   213   339   232   286   247   226   260   401   353          
GDW04   1890   411   457   490   362   269   189   267   256   295   356          
GDW04   1900   455   487   370   364   360   379   294   267   341   251          
GDW04   1910   292   442   642   471   320   385   265   293   304   286          
GDW04   1920   228   309   288   361   261   283   371   589   335   353          
GDW04   1930   353   383   329   370   321   471   320   286   455   420          
GDW04   1940   400   416   521   558   549   560   525   354   417   659          
GDW04   1950   469   280   234   424   436   349   374   508   485   349          
GDW04   1960   207   340   416   454   519   467   314   413   246   219          
GDW04   1970   310   326   298   222   306   357   522   284   251   298          
GDW04   1980   247   293   182   335   297   329   320   312   315   480          
GDW04   1990   482   486   300   404   338   363   333   388   591   633          
GDW04   2000   731   526   556   475   421   484   541   569   536 -9999          
GDW05   1798  2663  2009                                                          
GDW05   1800  2203  1869  1956  1600  1651  1552  1981  1748  1432  1107          
GDW05   1810   612   826  1058   869   943  1087   976  1427  2272  2234          
GDW05   1820  2225  1474  1636  1576  2561  2196  1845  1861  1562  1062          
GDW05   1830   979   920   457   429   756   805   758  1129  1081  1142          
GDW05   1840  1082   607   640   917  1099  1216   793  1049  1108   914          
GDW05   1850   922  1169  1291  1059   872   389   573   971  1271  1003          
GDW05   1860   703   662   701   777   712   730   767   802   964   748          
GDW05   1870  1098  1129   970   615   548   485   666   522   829   386          
GDW05   1880   616   531   750   504   535   531   662   641   746   591          
GDW05   1890   756   741   760   696   428   329   225   196   327   473          
GDW05   1900   621   742   306   403   508   481   297   286   419   471          
GDW05   1910   435   654   774   748   645   568   639   543   833   731          
GDW05   1920   455   566   469   445   635   682   552   501   234   308          
GDW05   1930   317   337   331   427   391   659   620  1032  1173   902          
GDW05   1940   472   553   503   429   423   465   261   753   509   620          
GDW05   1950   484   374   283   346   390   456   297   415   515   363          
GDW05   1960   279   247   297   422   746   706   418   476   366   278          
GDW05   1970   323   481   575   333   376   336   418   338   374   478          
GDW05   1980   257   383   330   338   342   284   249   372   410   369          
GDW05   1990   489   653   675   552   537   418   425   580   723   643          
GDW05   2000   507   408   534   413   323   118   349   339   301 -9999          
GDW06   1782   691   303   655  1079  1121   981  1456  1676                      
GDW06   1790  1366  1547  1167   673   699   605   582   571   521   896          
GDW06   1800   895   897  1243  1545  1891   942   991  1051  1391  1017          
GDW06   1810   662   582   515   504   412   668   660   822   890   890          
GDW06   1820   911  1289  1863  1341  1503  1799  1599  1909  1712   946          
GDW06   1830   387   321   265   448   764   963   413   598   565   464          
GDW06   1840   308   352   382   381   280   250   219   275   336   375          
GDW06   1850   664   764   702   723   647   485   707   726   442   379          
GDW06   1860   253   448   612   590   468   333   598   747   855   830          
GDW06   1870   594   572   489   358   214   231   380   218   227   171          
GDW06   1880   353   295   236   146   273   240   266   576   725   871          
GDW06   1890   800   829   804   880   558   424   352   325   384   407          
GDW06   1900   349   398   310   369   403   610   496   385   478   461          
GDW06   1910   729   823   819   836   632   435   325   252   415   427          
GDW06   1920   508   730   552   724   616   594   565   473   226   370          
GDW06   1930   487   357   451   457   507   736  1008  1192  1422  1229          
GDW06   1940   857  1112   706   637   457   438   573   563   440   832          
GDW06   1950   705   583   590   510   510   686   462   630   538   462          
GDW06   1960   448   332   398   448   590   528   518   695   663   648          
GDW06   1970   645   797   509   525   704   881   909   545   459   574          
GDW06   1980   514   448   473   621   538   520   832  1074  1008   930          
GDW06   1990   751   685   644   704   674   671   588   704   442   458          
GDW06   2000   390   402   471   495   422   518   550   474   561 -9999          
GDW07   1776   426   333   261   465                                              
GDW07   1780   678  1343  1080   632   841   724   619   710   594   851          
GDW07   1790   595   942   695   282   324   401   302   499   567   461          
GDW07   1800   236   543  1585  1499  2226  1787  1651  1695  1214  1122          
GDW07   1810   920   959  1011   928   695   759   711   922   826   893          
GDW07   1820   909   908  1001   978  1106  1092   890  1052  1071   812          
GDW07   1830   790   664   698   467   490   555   397   443   519   497          
GDW07   1840   302   332   429   449   450   629   536   619   643   590          
GDW07   1850   599   628   696   511   814   440   675   800   881   866          
GDW07   1860   771   872   886   650   589   601   617   732   748   608          
GDW07   1870   639   834   906   842  1030   763   694   595   572   428          
GDW07   1880   468   386   617   377   407   470   495   403   609   545          
GDW07   1890   650   688   809   797   652   464   549   596   427   407          
GDW07   1900   495   583   421   472   500   713   597   567   555   417          
GDW07   1910   553   605   667   731   676   783   668   558   661   688          
GDW07   1920   476   596   658   695   737   653   994   864   761   807          
GDW07   1930   782   846   755   697   627   930   884   889  1376  1209          
GDW07   1940   725   840   657   929   838   810   677   650   536   827          
GDW07   1950   536   505   600   541   581   754   607   909   764   647          
GDW07   1960   590   636   726   773  1182   918   873   936   856   852          
GDW07   1970   879  1155  1250   986  1078  1151   937   694   749   985          
GDW07   1980   611   635   493   641   430   752   742   831   661   753          
GDW07   1990   757   933   668   880   752   832   883  1428  1434  1402          
GDW07   2000  1071   927  1194   670   756   783   900   955   798 -9999          
GDW08   1769   943                                                                
GDW08   1770   424   452   297   407   435   440   588   459   520   535          
GDW08   1780   838   786   998   597   785   754   833   682   404   808          
GDW08   1790   717   652   417   315   349   459   259   305   453   733          
GDW08   1800   622   734   705   577   986   732   905   850   693   857          
GDW08   1810   987  1064   957  1024   700  1122   952  1384   997  1194          
GDW08   1820  1265  1574  1025  1500  1874  1217  1400  1534  1357  1184          
GDW08   1830  1160  1009   686   987  1317  1576  1088   990   876   862          
GDW08   1840   627   535   711   566   513   744   782   850  1039   832          
GDW08   1850   751  1314  1032   662   944   580   959  1510  1025   839          
GDW08   1860   793   846  1081  1080  1157  1036  1112  1222  1041   652          
GDW08   1870   956   995   861   749   654   723   702   673   779   315          
GDW08   1880   483   470   646   498   536   515   515   677   625   559          
GDW08   1890   500   567   655   729   417   312   346   556   561   527          
GDW08   1900   572   534   335   392   429   522   376   441   433   370          
GDW08   1910   551   753   615   572   454   477   451   346   328   451          
GDW08   1920   420   434   368   416   374   276   546   621   351   523          
GDW08   1930   479   322   264   311   336   506   519   470   725   641          
GDW08   1940   390   323   401   499   442   351   369   344   319   739          
GDW08   1950   384   295   347   412   208   372   280   267   313   282          
GDW08   1960   251   225   383   379   504   295   210   371   284   263          
GDW08   1970   341   605   720   398   356   402   303   151   162   200          
GDW08   1980    45    74    91   157    62    65    77   142   234   256          
GDW08   1990   134   194   122   141    99   109   180   224   223   291          
GDW08   2000   209   164   231   143   142   154   128   133   109 -9999          
GDW09   1816   730  1025  1411  1315                                              
GDW09   1820  1155  1321  2011  1162  1691  1125  1155  1415  1665  1183          
GDW09   1830   868  1282   886   925  1545  1412  1186  1532  1057  1046          
GDW09   1840   740   923   807   875  1259  1245  1324   905   928  1403          
GDW09   1850  1341  1148  1868  1478  1314  1412  1071  1738  2628  2441          
GDW09   1860  1605  1857  1899  1695  1731  1595  1581  2025  2351  1979          
GDW09   1870  2103  1854  1800  2062  1889  1646  1439  1322  1560  1059          
GDW09   1880  1135  1057  1180  1510  1149  1296  1047  1135  1584  2124          
GDW09   1890  2138  2348  2352  2233  1728  1483  1225  1193   738   961          
GDW09   1900  1008  1251   804   883   758  1066   894   858   742   517          
GDW09   1910   736  1198  1202  1355  1395  1223  1348  1357  1759  1397          
GDW09   1920   935  1255  1003  1006  1004   835  1217  1046   690   664          
GDW09   1930   619   581   618   849   916  1365  1103  1544  2862  1877          
GDW09   1940  1073  1362  1679  2370  1704  1694   992   664   506  1201          
GDW09   1950   988   873   968  1103  1148  1273  1134  1229  1068   915          
GDW09   1960   604   374   759  1186  1097  1188   993  1220  1649  1145          
GDW09   1970   874  1042  1437  1010   830  1771  1507  1056  1209  1919          
GDW09   1980  1072   813   578   625   551   720   690   724   678   670          
GDW09   1990   710   902   780  1143   776   612   667   958   518   978          
GDW09   2000   694   456   734   418   455   925  1031  1305   644 -9999          
GDW12   1791  1325  1526   891   997   933  1116   982   918   784                
GDW12   1800   511   795  1102  1249  1168   784   851   712   911  1058          
GDW12   1810   882   989   921   853   858  1092   799   694   828   949          
GDW12   1820  1031  1385  2112  1714  1633   930   639  1299  1854  1336          
GDW12   1830   813   842   577   957  1061   938   687  1562  1481  1081          
GDW12   1840   663   572   742   809   892  1345  1157  1352  1355  1355          
GDW12   1850  1440  1106  1070   937   695   556   972  1353  1728  1474          
GDW12   1860  1089   833   656   736   724   660   515   364   418   736          
GDW12   1870  1088  1070  1115   638   809   663   576   387   427   246          
GDW12   1880   452   349   204   213   292   289   342   537   638   705          
GDW12   1890   937  1128  1083   978   415   358   380   294   508   565          
GDW12   1900   443   628   353   433   491   654   481   460   621   548          
GDW12   1910   925   923   864   894   755   407   262   277   192   289          
GDW12   1920   304   329   257   548   602   667   734   730   605   727          
GDW12   1930   835   650   782   741   844   928   691   724   842  1055          
GDW12   1940   993  1296   884   927   725   792   713   614   528  1008          
GDW12   1950   884   678   619   629   586   796   658   707   655   591          
GDW12   1960   678   398   514   556   655   551   566   972  1087   795          
GDW12   1970   926   859   676   653   590   664  1003   889   801   859          
GDW12   1980   398   629   680   941   658   576   696   789   740   610          
GDW12   1990   468   789  1117   909   895  1251  1181  1047   757   742          
GDW12   2000   468   426   462   392   491   390   659   587   573 -9999          
GDW13   1760  6171  4056  3540  2079  1858  1880  2957  2384  2154  1499          
GDW13   1770  1041   961   908   827   885  1086  1142   765   687   727          
GDW13   1780  1018  1453  1079   945   504   529   291   285   302   372          
GDW13   1790   536   566   683   293   857   630   577   620   754   470          
GDW13   1800   431   666  1006   936  1191   903   746   928   364   454          
GDW13   1810   492   574   807   891   647   784  1043  1063   835   943          
GDW13   1820   651   756   955   848   929   893   919  1027  1095   901          
GDW13   1830   945  1044   717   593   633   651   397   471   361   358          
GDW13   1840   339   418   511   458   710   810   746   774   674   693          
GDW13   1850   617   598   606   431   383   393   576   601   599   530          
GDW13   1860   502   488   540   949   928   923   712   562   773   613          
GDW13   1870   414   400   651   475   510   464   456   337   571   287          
GDW13   1880   626   566   427   320   457   409   550   643   734   595          
GDW13   1890   779   886   921   768   597   437   583   607   729   759          
GDW13   1900   516   692   627   678   812  1046  1057   480   310   280          
GDW13   1910   359   457   467   598   528   452   475   334   373   325          
GDW13   1920   335   337   377   489   387   474   598   499   244   344          
GDW13   1930   433   468   522   542   473   522   360   466   452   466          
GDW13   1940   354   540   528   453   400   448   478   320   465   667          
GDW13   1950   692   453   399   404   545   780   751   621   684   567          
GDW13   1960   439   374   476   411   807   819   556   675   690   546          
GDW13   1970   515   844   847   739   727   714   647   591   517   589          
GDW13   1980   450   428   442   547   468   439   429   382   496   632          
GDW13   1990   749   804   810   656   566   706   518   643   602   719          
GDW13   2000   683   617   199   413   176   488   939  1040   898 -9999          
GDW14   1792   385   193   546   558   463   649   629   425                      
GDW14   1800   316   550   820  1171  1280   909   750  1114   609  1027          
GDW14   1810  1154   980   894   951   797   905   528   958   728   941          
GDW14   1820   749   605  1418  1091  1347  2367  1784  1511  1316  1341          
GDW14   1830  2010  1918  2325  2047  1723  1733  1349  1286  1116   833          
GDW14   1840   674   874   904   435   928  1325  1027  1163  1322  1484          
GDW14   1850  1262  1796  1534  1363  1134   961  1341  1695  1729  1494          
GDW14   1860  1356  1466  1579  1878  1960  1749  1781  1494  1522  1387          
GDW14   1870  1054  1236  1348  1097  1392  1111   910   797   937   652          
GDW14   1880   975   733   684   346   486   319   446   441   827   877          
GDW14   1890   861   948   822   800  1019   759   523   442   841   873          
GDW14   1900   855   948   770   823   874  1213  1052   444   207   338          
GDW14   1910   368   371   456   434   398   204   184   139   286   139          
GDW14   1920   242   345   270   363   281   373   618   575   207   338          
GDW14   1930   410   521   638   661   783   845   554   809   718   758          
GDW14   1940   605   719   848  1091  1192  1177   711   551   382   743          
GDW14   1950   677   325   266   236   463   797   416   351   374   350          
GDW14   1960   349   288   413   481   695   544   433   818   737   595          
GDW14   1970   570   445   702   765  1047  1043  1393   823   629   452          
GDW14   1980   332   445   468   579   657   474   527   623   469   570          
GDW14   1990   726   709   818   816  1039  1052  1080  1083   896  1123          
GDW14   2000  1082  1065   916   973  1225  1076  1026   998   768 -9999          
GDW15   1764  1347  1266  1771  1773  1545  1250
GDW15   1770   823   240   407   261   582   628   875   732   728  1027
GDW15   1780  1257  1618  1274   565   693   638   582   949   954  1199
GDW15   1790   987  1015   684   350   431   618   519   802   864   899
GDW15   1800  1175  1616  1420  1343  2059  1969  1655  1295  1201   952
GDW15   1810   918   945  1229  1360   991  1107   958  1044  1030  1182
GDW15   1820   998  1221  1690  1580  1671  1443  1391  2059  2266  1526
GDW15   1830  1011   978   527   649  1081   932   623   730   986   860
GDW15   1840   762   676   669   596   562   830   803   732   900   747
GDW15   1850  1039  1086  1072   975  1043   601   669   674  1086   765
GDW15   1860   837   866   640   592   545   611   626   844   814   665
GDW15   1870   617   737   648   494   419   297   239   171   159   198
GDW15   1880   182   137   171   152   161   151   165   154   198   245
GDW15   1890   347   316   373   350   204   179   235   382   315   234
GDW15   1900   360   280   237   196   216   220   141    57   125   177
GDW15   1910   159   133   129   174   167   168    93    95    77   123
GDW15   1920   100   149   162   173   189   172   154   238    73   161
GDW15   1930   143   113    38   206   203   108    43   147   221    92
GDW15   1940    97    78   129   129   207   159   219 -9999			
GDW16   1768  1875  1304                                                          
GDW16   1770   749   549   976   699  1250  1256  1727   902   862  1218          
GDW16   1780  1527   807   701   539   668   591   407   356   566   956          
GDW16   1790   825   950   746    91   278   790   667   734   930   986          
GDW16   1800   679   510   708   905  1208   727  1144   773   586   482          
GDW16   1810   332   622   884   846   421   574   662   754   473  1139          
GDW16   1820  1089   971  1277  1156  1032   901  1209  1859  1466  1510          
GDW16   1830  1942  1455  1625  1170  1092  1437  1033   963   720   508          
GDW16   1840   564   435   425   455   440   424   312   394   448   243          
GDW16   1850   420   773   561   871   747   279   308   315   683   736          
GDW16   1860   623   412   550   434   516   561   438   484   617   448          
GDW16   1870   406   358   685   569   468   486   399   338   193   202          
GDW16   1880   314   252   207   280   454   436   333   487   372   428          
GDW16   1890   304   345   317   415   349   489   332   463   403   523          
GDW16   1900   440   661   324   442   455   455   490   433   390   267          
GDW16   1910   389   357   572   662   465   496   589   479   493   575          
GDW16   1920   279   323   394   461   507   298   281   560   449   765          
GDW16   1930   915   921   782   585   626   799   918  1122  1799  1567          
GDW16   1940  1147   843   596   579   581   521   610   637   590   985          
GDW16   1950   703   723   606   220   322   369   241   211   443   415          
GDW16   1960   679   512   926   977  1224   975   679   592   316   457          
GDW16   1970   569   737   789   907   885  1171   781   579   772   908          
GDW16   1980   766   718   646   490   584   497   748   809   925  1063          
GDW16   1990   870  1041   748   793   811   486   538   807   790   928          
GDW16   2000   711   686   587   575   660   539   547   529   595 -9999          
GDW17   1763  3869  3505  3775  5590  3946  3555  2776                            
GDW17   1770  2077  1254   977   792   690  1011  1688  1081   768   660          
GDW17   1780   745  1076  1387  1051   821   711   435   435   341   435          
GDW17   1790   331   394   366   205   279   292   362   339   314   234          
GDW17   1800   264   141   263   293   544   570   498   457   377   303          
GDW17   1810   284   335   216   231   216   291   281   330   208   251          
GDW17   1820   303   396   736   691   584   472   368   425   782   526          
GDW17   1830   556   399   351   383   567   909   785   568   461   379          
GDW17   1840   280   207   263   287   304   447   429   713   831   820          
GDW17   1850   769   946   828   737   664   381   481   444   710   776          
GDW17   1860   739   555   561   548   473   533   561   616   858   887          
GDW17   1870   917   731   724   494   501   509   396   386   423   372          
GDW17   1880   536   471   488   559   568   442   361   399   488   417          
GDW17   1890   311   377   394   320   453   366   363   298   365   508          
GDW17   1900   554   693   395   401   590   658   712   739   648   700          
GDW17   1910   652   480   580   633   523   639   737   486   660   806          
GDW17   1920   583   802   874   696   831   807   782   728   641   830          
GDW17   1930   773   641   543   633   564   578   621   828   979   898          
GDW17   1940   602   567   466   756   598   484   586   554   566   594          
GDW17   1950   531   577   439   472   587   765   560   705   850   719          
GDW17   1960   736   552   699   567   537   440   377   322   288   323          
GDW17   1970   553   827   900   635   578   652   565   472   546   536          
GDW17   1980   485   504   448   499   719   602   797   994   938  1121          
GDW17   1990   912  1223  1078  1088   850   890   683  1011   675   877          
GDW17   2000   654   651   599   683   748   575   687   761   574 -9999          
GDW18   1723   785  1029   787   381   442  1569  2545                            
GDW18   1730  2966  3085  3420  3095  3287  3411  2512  3234  2799  1637          
GDW18   1740  1697  1364  2084  2297  2138  1713  1440  2474  2476  2905          
GDW18   1750  2628  1901  2087  1163  1790  1905   980   518   669  1442          
GDW18   1760  1482  1429   901  1205  1454  1193   866  1189  1379   995          
GDW18   1770   800   497   514   331   386   478   504   280   264   242          
GDW18   1780   351   573   605   731   426   403   228   152   116   350          
GDW18   1790   234   302   176   140   128   187   160   183   113   115          
GDW18   1800   133   170   283   365   507   465   354   483   519   337          
GDW18   1810   332   263   203   209   171   261   282   310   225   258          
GDW18   1820   240   201   553   506   407   402   606   882  1475  1241          
GDW18   1830  1129   855   904   832   863   523   517   622   525   401          
GDW18   1840   365   219   355   395   434   650   539   755   667   568          
GDW18   1850   669   708   708   864  1158   904   993   881  1026   922          
GDW18   1860  1145  1469  1179   738   670   720   748  1094   895   533          
GDW18   1870   765  1140  1307  1154   747   664   562   411   343   313          
GDW18   1880   477   377   388   327   298   301   352   282   383   465          
GDW18   1890   339   338   521   356   283   517   353   303   310   427          
GDW18   1900   618   512   332   330   482   787   597   429   403   456          
GDW18   1910   568   663   922   835   602   468   519   424   735   540          
GDW18   1920   446   401   459   396   414   330   515   556   428   430          
GDW18   1930   427   491   317   452   387   754   545   601  1405  1011          
GDW18   1940   564   679   676  1058   861   780   510   663   615   630          
GDW18   1950   484   512   548   407   509   452   552   583   559   627          
GDW18   1960   627   805   633   778   859   745   415   260   217   344          
GDW18   1970   711   650   752   722   741  1118   985   958  1043   897          
GDW18   1980   705   581   578   560   534   583   597   544   588   988          
GDW18   1990   823   909   871   818   982  1129  1186  1157  1465  1237          
GDW18   2000  1322  1357  1178   968  1315  1170  1229  1462  1207 -9999          
GDW19   1773   897  1325  1084  2187  1426  1232  1419                            
GDW19   1780  1735  2383  2089  1825  1445  1871  1630  1949  1290  1524          
GDW19   1790  1340  1593  1468   879  1015  1160  1209  1143  1256  1536          
GDW19   1800  1598  1411  2108  2119  2195  2068  2886  2253  1799  1580          
GDW19   1810  1294  1408  1661  1238  1594  1808  1527  1169  1134   981          
GDW19   1820  1013  1141  1278  1507  1560  1570  1605  1896  1717  1364          
GDW19   1830  1038  1902  1348  1355  1389  1324  1093   812  1131  1067          
GDW19   1840  1000  1280  1166   920   858  1192  1134  1054   926   952          
GDW19   1850   958   980  1146  1168  1120   742   874   928  1160   969          
GDW19   1860  1429  1541  1898  1566  1265   959  1066  1142  1214  1139          
GDW19   1870  1403  1903  1869  1425  1588  1638  1421  1081  1137  1271          
GDW19   1880  1419  1498  1814  1571  1333   918   959   775   911   900          
GDW19   1890  1130  1196  1256  1340  1254  1319  1054   730   629   579          
GDW19   1900   845   948   711   878   801   710   616   413   330   255          
GDW19   1910   288   361   540   511   553   459   733   614  1157   868          
GDW19   1920   753   622   423   333   301   343   627   633   452   527          
GDW19   1930   481   491   550   495   451   508   635   677  1086  1072          
GDW19   1940   725   829   954   952   719   794   789  1087  1295  1365          
GDW19   1950   831  1083  1208  1097   888  1156  1068  1201  1193  1433          
GDW19   1960  1027  1139  1421  1895  1685  1535  1585  1442  1381  1137          
GDW19   1970  1163  1509  1282  1190  1259  1251  1202  1077  1378  1190          
GDW19   1980   912   930   997   707   727   819  1004  1220  1072  1121          
GDW19   1990  1068  1133   943  1027  1384  1222   839  1225  1189  1183          
GDW19   2000  1076  1011  1277  1130  1208  1010   806   954  1074 -9999          
GDW20   1759  1251                                                                
GDW20   1760  1371  1932  1796  1802  1272   911  1298  1645  1358  1593          
GDW20   1770  1417  1373  1460  1409  1208  1287  1930  1830  1577  1249          
GDW20   1780  1276  1618  1219  1072   936   854   713   601   635   973          
GDW20   1790   992  1071   729   414   766   824  1443  1354  1313  1496          
GDW20   1800  1232  1152  1521  1610  1780  1198  1282  1532  1248   997          
GDW20   1810   639   855  1063   966   915   943  1029   902   912   951          
GDW20   1820  1125  1291  1532  1508  1580  1928  1483  2189  1974  1310          
GDW20   1830  1375  1037  1066  1163  1105  1304  1269  1302  1077   928          
GDW20   1840   747   570   621   795   803  1079   963   841  1119   781          
GDW20   1850   852   917  1013   981  1097   603   717   800  1028   677          
GDW20   1860   729   822   936   646   673   553   588   657   571   527          
GDW20   1870   896  1047  1075   793   875   817   748   729   679   540          
GDW20   1880   643   576   744   475   485   485   531   423   573   614          
GDW20   1890   636   537   778   789   813   606   654   435   564   606          
GDW20   1900   627   684   683   653   588   573   494   494   479   483          
GDW20   1910   471   520   696   857   634   628   701   606   530   562          
GDW20   1920   502   755   733   733  1094   853  1437  1423   669   853          
GDW20   1930   789   628   559   578   537   754   713   744  1252  1168          
GDW20   1940  1010  1008   963   726   738   669   762   621   574   836          
GDW20   1950   802   656   587   518   601   721   665   714   696   486          
GDW20   1960   575   392   465   607   672   611   535   613   734   863          
GDW20   1970  1037  1145  1163   904   750   762   841   899   833   642          
GDW20   1980   406   395   472   587   737   703   792   692   538   826          
GDW20   1990   998  1338  1419  1492   940   940  1034  1314   959   960          
GDW20   2000   953  1120  1137   860   990   926   914  1087   869 -9999          
