FSH01A  1811  3188  2484  3150  2899  3440  3387  4526  4541  5441
FSH01A  1820  3755  2670  2512  2553  2214  2376  2565  3093  2596  2274
FSH01A  1830  2126  2388  2948  2961  3131  2803  2477  2661  2964  2510
FSH01A  1840  2515  2829  1626  2019  1810  2306  2566  2736  2587  2023
FSH01A  1850  2012  2378  1582  2052  2634  2049  3180  2317  2015  1717
FSH01A  1860  1540  1371  1790  1634  1300  1497  1094  1266  1193  1008
FSH01A  1870   998  1437  2157  1798  1395  1934  1720  1445  1083  1137
FSH01A  1880  1528   985  1083   760   799   655   739   655   850   708
FSH01A  1890   969   812   741   713   800   636   573   833   771   615
FSH01A  1900   526   483   599   714   743   492   431   593   595   482
FSH01A  1910   611   395   401   506   446   363   450   404   453   477
FSH01A  1920   371   351   366   441   465   503   446   407   357   373
FSH01A  1930   312   326   329   172   407   424   357   229   215   236
FSH01A  1940   172   223   532   868   713   640   866   699  1214  1692
FSH01A  1950  1545  1543  2061  2579  2133  2314  1672  1440  1949  2034
FSH01A  1960  1929  1459  1016  1868  2038  1788  1635  1816  1322  1081
FSH01A  1970   937   985  1092   989  1356  1487  1285  1102  1031   921
FSH01A  1980   935   877   866   769   542   558   587   964   701   566
FSH01A  1990   598   652   705   670   824   719   593   668   657   863
FSH01A  2000   917   961   984   865   766   712   594 -9999
FSH02A  1841   645   900  1824  1447   985  1084  1254   921  1508
FSH02A  1850  1405  1940  2897  2442  1633  1331  1392   960  1269  1160
FSH02A  1860  1517  1558  2089  1207  1585  1932  2153  2694  2405  2423
FSH02A  1870  2005  2274  2095  1719  1043   979   750   914   926   895
FSH02A  1880  1304   897   967  1020  1188  1146   809  1426  1788  1985
FSH02A  1890  2732  1735  1733  2023  1696  1272  1059  1016  1579  1379
FSH02A  1900  1527  1388   879  1163  1477  1207  1364  1343  1228  1028
FSH02A  1910   998  1215   795   909  1064   801   904   784   724   863
FSH02A  1920   614   996   794   949  1086  1111  1043   829   540   803
FSH02A  1930  1000  1057   776   797   743   794   735   930   838  1083
FSH02A  1940   864   857   849  1584  2089  2021  1392  1364   940   790
FSH02A  1950   840  1118  1387  1489  1240  1105  1140   852  1059  1727
FSH02A  1960  1649   936   998  1628   518   821  1138  1254  1273  1860
FSH02A  1970  2048  1385  1402  1855  1627   933  1115  1569  1549  2012
FSH02A  1980  1622   980   733   874  1262  1677  1454  1654  1343  1500
FSH02A  1990  1106  1420  1541  1184   798   594   599   924  1031  1100
FSH02A  2000  1067  1098  1096   850  1274 -9999
FSH03A  1875  1089  1771  1255   998   779
FSH03A  1880  1039   664  1141  1037   871   864   562  1372   878  1083
FSH03A  1890  1629  1110   965   799  1511   985   944  1479  1390  1535
FSH03A  1900   953  1211  1388  1474  1210  1374  1033  1016  1206  1286
FSH03A  1910   870  1075  1134  1350  1791  2070  1761  2144  2254  1982
FSH03A  1920  1623  2012  1797  1481  1340  1080   894   682   558   507
FSH03A  1930   448  1029   746  1147  1084  1021   866   743   775   883
FSH03A  1940   830   637   490   390  1247  1532  1922   929   686   891
FSH03A  1950  1029  1544  1834  1842  1421  1053   928   599   708  1327
FSH03A  1960  2120  1959  2703  2096   411   955  1260  1945  2241  2939
FSH03A  1970  4833  3670  2351  4007  4142  4112  2878  3299  2977  2749
FSH03A  1980  3615  2946  1964  2099  2615  2235  2667  2508  2307  1742
FSH03A  1990  3012  1532  1719  1285  1371  1062   828  1609  1598  1872
FSH03A  2000  1305  2145  1584  1438  1660 -9999
FSH04A  1842  1028  1311  1142  1041  1456  1795  1389  1348
FSH04A  1850  1190  1617  1910  1545  1091   769   855   693   786   572
FSH04A  1860   754   720  1082   674   497   557   838  1472  2141  2503
FSH04A  1870  2592  2520  2432  2120  1289  1004   985   710   819   698
FSH04A  1880   980   392   448   848   843   968   732  1177   965  1259
FSH04A  1890  1181   980  1092  1250  1319   995   935  1215  1212  1213
FSH04A  1900   919  1295  1081  1432  2136  1628  1525  1196  1455  1159
FSH04A  1910  1011  1800  1565  2042  2178  2131  2530  2734  2314  2549
FSH04A  1920  1700  1099   969   878   933  1787  2241  2115  2216  2461
FSH04A  1930  1808  2100  2078  2148  2390  2566  2045  1664  1444  2003
FSH04A  1940  1608  1720  1563  2052  2282  2284  1593  1362  1030  1057
FSH04A  1950   981  1027  1100  1376  1178  1393  1035  1047  1892  1765
FSH04A  1960  1548   976  1707  1994   751   633  1181  1681  1854  1953
FSH04A  1970  1975  2209  1391   987   570   863   883  1023   969   648
FSH04A  1980   605   683   761   791   641   509   670   702   772  1199
FSH04A  1990  1697  1448   970   776   804   582   596   660   497   765
FSH04A  2000   864  1018  1066  1098  1092  1093  1193 -9999
FSH05A  1916  4017  4148  2336  2728
FSH05A  1920  1815  2158  2150  2188  1974  1977  1734  1689  1084  1453
FSH05A  1930  1231  1128  1060   834  1098  1102   900   502   952  1186
FSH05A  1940   887  1292   819   927  1112  1042   634   819   548  1200
FSH05A  1950  1030  1333  1542  1354   918  1284  1297  1064  1097  1462
FSH05A  1960  1437   689  1388  1365  1239  1010  1842  2176  1928  1633
FSH05A  1970   903   899   720   525   382   810  1040   891   893   701
FSH05A  1980   533   989  1765  1427   689   925  1160  1525  1292  1815
FSH05A  1990  1512  1550  1135  1494  1498  1435   964  1111   764  1016
FSH05A  2000  1441  1621  1544  1502  1567  1083  1351 -9999
FSH06A  1851  1067  1733  1479  1397  1227  1388  1068  1410  1104
FSH06A  1860  1211  1562  1622  1505  1327  1249  1467  2076  2479  2263
FSH06A  1870  2154  2526  2413  2275  1718  1492  1610  1331  1451   911
FSH06A  1880   917   860   784   823  1146  1341   848  1417  1549  2136
FSH06A  1890  2182  1949  1247  1265  1408  1381  1304  1385  1721  1723
FSH06A  1900  1412  1738  1195  1593  2250  2022  1620  1385  1501  1502
FSH06A  1910  1257  1369  1252  1262  1370  1287  1435  1004  1026  1069
FSH06A  1920   821  1409  1328   791   988  1083   919  1116   807  1131
FSH06A  1930  1409  1546  1436  1167  1477  1865  1421  1340  1011  1234
FSH06A  1940  1302   968  1071  1110  1206  1003  1059   447   538   459
FSH06A  1950  1007   714   860   932   869   960  1014   604   596  1029
FSH06A  1960  1117   727  1065   751   315   644   819   622   810  1094
FSH06A  1970   877   554   383   609     0   617   706   562   461   483
FSH06A  1980   743   858   802   772   724   846   653     0   722  1373
FSH06A  1990  1063  1094  1038   829   826  1027   920  1379   886  1531
FSH06A  2000  1972  1719  1540  1696  1725  1548  1674 -9999
FSH07A  1853  2184  1421  1199  1374   719  1207  1203
FSH07A  1860   871   854  1877   887   591   819  1375  1975  1718  1645
FSH07A  1870  2873  2998  2104  1498  2167  1693  1671  1716  1459   955
FSH07A  1880  1302   690  1605  1475  1721  1294  1439  1790  1825  1976
FSH07A  1890  1872  1647  2292  1824  1463  1769  1349  1832  1899  1916
FSH07A  1900  1988  2568  2283  2243  2621  1894  1961  2325  2064  1898
FSH07A  1910  1994  1943  1695  2365  2775  2052  2542  2498  2093  2259
FSH07A  1920  2048  2781  2512  2337  2358  2533  2127  1842  1841  2057
FSH07A  1930  1812  2259  2048  2639  2324  2852  2640  2165  1935  2308
FSH07A  1940  1968  1882  1388  1927  2018  1808  1570   781   287   764
FSH07A  1950   735   842  1646  1184  1304  1229   807   825  1023  1513
FSH07A  1960  1258  1088  1382  1473   436     0   215   326   312   742
FSH07A  1970   845  1025   860   764   755   819   795   510   855   679
FSH07A  1980   697  1178  1071   831   664   649   983  1376  1137  1473
FSH07A  1990  1375  1099   873  1381  1178  1372  1432  1545  1039  1302
FSH07A  2000  1528  1484  1626  1641  1188   813  1291 -9999
FSH08A  1833  1139  1232  1185   996   682   636   142
FSH08A  1840   213   220   255   495   499   618   386   473   284   391
FSH08A  1850   211   494   751   747   639   485   533   372   467   462
FSH08A  1860   500   300   344   259   216   208   321   262   464   463
FSH08A  1870   756   719   812   560   604   314   315   397   372   178
FSH08A  1880   196   153   221   217   282   340   141   378   562   798
FSH08A  1890   737   636   551   759   808   649   561   783   877   815
FSH08A  1900   349   463   466   682   794   571   414   584   550   395
FSH08A  1910   518   654   458   202   382   219   196   209   254   508
FSH08A  1920   561   607   567   347   570   885   762   950   503   525
FSH08A  1930   593   722   789   661   603   703   656   436   189   448
FSH08A  1940   296   267    85   213   289   244     0     0     0   395
FSH08A  1950    94   124    88     0     0     0    86     0     0     0
FSH08A  1960    46     0   118   202     0     0    99   234   257   107
FSH08A  1970   171   172   218   224   201   174   160   112   164   136
FSH08A  1980   120     0   269   281   265   219   330   423   556  1023
FSH08A  1990   875   604   607   680   600   563   592   622   559   762
FSH08A  2000   906  1061   859   869  1031   774   955 -9999
FSH09A  1853  2123  1936  1375  1498  1667  1352   790
FSH09A  1860  1291  1484  1367   763   797   627  1859  1560  1636  1354
FSH09A  1870  1914  1877  2161  1347  1336  1210  1134  1253   925   731
FSH09A  1880   904   616   549   355   472   622   494  1131  1376  1294
FSH09A  1890  1297  1118  1283  1455  1534  1253  1265  1738  1937  2355
FSH09A  1900  1970  1964  2159  2520  3001  2168  1881  2547  2067  2382
FSH09A  1910  1626  2256  2287  2878  3433  2769  2812  3153  2431  3370
FSH09A  1920  2822  4123  2785  3026  2532  2043  1769  1919  1735  2394
FSH09A  1930  1777  2076  2348  1795  2184  3503  3955  4608  3590  2333
FSH09A  1940  1923  1797  1114  1527  1901  1115  1029  1266  1072  1638
FSH09A  1950   947  1394  1503  1224  1014   980   587  1273  1415  1406
FSH09A  1960  1443  1261  1995  2684  1340   958  1256  1161   788   910
FSH09A  1970   837  1128  1099  1469  1408  1781  1252   873   980   862
FSH09A  1980  1027  1330  1096  1384   816  1121  1401  1635  1484  2256
FSH09A  1990  1714  1143   738   893  1432  1115   784   570   467  1360
FSH09A  2000  1256  1536  1253  1701   991   883  1143 -9999
FSH10A  1873  1427  1356   850   769   836   749   627
FSH10A  1880   762   379   626   726   889   911   426  1087  1069  1522
FSH10A  1890  1442  1034  1178  1747  1893  1161  1625  1749  1872  1975
FSH10A  1900  1904  1882  1640  1806  1765  1216  1182  1328  1527  1576
FSH10A  1910   931  1064   997   832  1027   986  1112   841   901  1199
FSH10A  1920  1159  1372  1444  1216  1223  1127  1302  1275   900  1000
FSH10A  1930   890  1001   995   886   715   845   890   521   870   970
FSH10A  1940   622   670   395   535   778   913   684    89   339   173
FSH10A  1950   155   350   471   421   416   422   415   484   737   712
FSH10A  1960   501   540   342   131   258   448   433   446   470   649
FSH10A  1970   522   484   596   692   473   454   603   321   308   416
FSH10A  1980   471   468   397   374   519   608   593   851   922   827
FSH10A  1990   702   886   657   543   477   623   401   685   852   800
FSH10A  2000   826   787 -9999
FSH11A  1888  3822  2828
FSH11A  1890  2689  2282  3144  4154  3008  1887  2205  3175  3433  2731
FSH11A  1900  3621  3658  3161  3220  3996  2689  2269  2398  2282  2550
FSH11A  1910  2316  2126  1667  2617  3270  2581  2335  2481  1784  2591
FSH11A  1920  1932  2325  2149  2113  2000  1649  2108  1578   981  1119
FSH11A  1930  1922  2552  2132  2066  1922  2494  2439  2513  2378  2303
FSH11A  1940  1922  1631  1347  1420  1625  1407  1247   730   704  1143
FSH11A  1950  1017  1190  1726  1671  1428  1248   815  1107  1263  1704
FSH11A  1960  1522  1135  1630  1371   644   252   654  1040  1095  1296
FSH11A  1970  1409  1606  1187  1089   865  1083  1028  1016  1112   870
FSH11A  1980  1081  1316   953   794   553   487   886  1154   749   966
FSH11A  1990   788   848   724   655  1083   755   658   803   453   699
FSH11A  2000   600   655   737  1174   688   427   531 -9999
FSH12A  1858  1896  1625
FSH12A  1860  1288  1126  1637  1266  1201   725   898   975  1320  1040
FSH12A  1870  1476  1834  2108  2193  1715  2019  2162  2076  2343  1700
FSH12A  1880  2434  1501  1796  1213  1437  1183  1152  1866  1714  2436
FSH12A  1890  2391  1934  1751  2078  1723  1705  1937  2138  2583  2415
FSH12A  1900  2343  2587  2120  2255  2861  2208  2322  1984  1927  1705
FSH12A  1910   959  2152  1908  1768  1762  1304  1285  1395  1250  1599
FSH12A  1920  1469  1790  1745  2222  1927  1945  1824  1673  1022  1444
FSH12A  1930  1604  1911  2075  1548  1777  1593  1410  1147  1253  1478
FSH12A  1940  1088  1237   830   993  1296  1132  1170   699   486   739
FSH12A  1950   856  1095  1349  1526  1234  1297  1225  1112  1352  1701
FSH12A  1960  1782  1341  1819  1588   772   788   841   897   673   807
FSH12A  1970   854  1351  1503  1138   928  1222   974   895  1111   929
FSH12A  1980   879  1232  1686  1539  1089   792   886  1163  1646  2206
FSH12A  1990  1757  1518  1231  1116  1228  1032  1052   934  1061  1335
FSH12A  2000  1426  1537  1323  1141   891   726  1041 -9999
FSH13A  1867  1089   814   917
FSH13A  1870  1459  2231  1999  1880  1724   572   681   918   866   552
FSH13A  1880   832   225   277    91   109   247   163   443   506   376
FSH13A  1890   649   330   501   426   551   191   373   452   532   484
FSH13A  1900   292   375   775   706   872   645   539   877   559   548
FSH13A  1910   317   301   199   123   425   227   277   284   353   486
FSH13A  1920   244   824  1635   944   905   927  1175  1184     0   993
FSH13A  1930   775   512   953   621   631   867   815   748   682  1181
FSH13A  1940   932   629   662   598  1196  1251  1148  1016   368   402
FSH13A  1950   599   227   229   418   818   630   574   412   188   160
FSH13A  1960   617   644   360   567   301   243   453   466   615   811
FSH13A  1970   876  1244   796   710   764   709   846   747   836   584
FSH13A  1980  1071  1733  1625  2057  1596  1210  1680  2008  1576  2062
FSH13A  1990  2519  2370  2131  2270  1919  1401  1334  1438   998  1185
FSH13A  2000   961   862   885   920   645   821  1471 -9999
FSH14A  1900  1242  1322  1166  1355  1778  1387  1402  1559  1678  1452
FSH14A  1910  1011  1006  1010   956  1304  1296  1702  1439  1022  1292
FSH14A  1920  1259  1738  2065  1884  1796  1374  1346  1283   892  1212
FSH14A  1930  1078  1375  1389   895  1060  1530  1474  1406  1676  1841
FSH14A  1940  1425  1222   747   923  1019   547   549   465   367   491
FSH14A  1950   621   801  1017   778   828  1137   826   651   816  1646
FSH14A  1960  1668  1102  1235  1433   321    80   264   689   952  1217
FSH14A  1970  1431  1917  1431  1206  1134  1252  1038  1099  1176  1101
FSH14A  1980  1243  1587  1360  1355  1250  1179  1464  2095  1862  1961
FSH14A  1990  1736  1440  1292  1243  1244  1200  1039  1222  1162  1540
FSH14A  2000  1464  1358  1417  1305  1061   891  1072 -9999
FSH15A  1861   831  1053   713   675   461   729   506   643   667
FSH15A  1870   878   914  1045   821   775   577   810   900  1000   541
FSH15A  1880   969   619   628   444   438   423   197   490   402   406
FSH15A  1890   680   370   261   429   544   440   436   554   682   636
FSH15A  1900   395   470   572   578   694   492   406   613   625   539
FSH15A  1910   429   363   275   304   797   475   625   601   681   758
FSH15A  1920   632  1039   542   781   661   769   629   651   352   397
FSH15A  1930   238   460   607   529   397   459   620   566   683   847
FSH15A  1940   608   430   327   404   442   320   354   321   211   338
FSH15A  1950   256   232   438   440   308   244   209   111   140   330
FSH15A  1960   274   175   259   243    84    65    79    46    97   181
FSH15A  1970   164   163   124   334   174   200   246   160   156   171
FSH15A  1980   247   256   183   138   193   257   283   340   275   300
FSH15A  1990   504   446   218   226   210   316   240   229   134   101
FSH15A  2000   113   230   332   177   289 -9999
FSH16A  1848  2437  2174
FSH16A  1850   470   675  1905  2108  2075  2304  2621  2937  3277  3440
FSH16A  1860  3187  2783  2425  2808  3667  2743  3037  2883  4279  3608
FSH16A  1870  3566  3159  2813  3661  2996  2625  2568  2195  2422  1145
FSH16A  1880  2021  1554  1908  1581  1518  1652  1005  1343  1825  2547
FSH16A  1890  3106  1702  1622  2123  2604  2250  2394  2218  2993  2857
FSH16A  1900  2034  1797  1448  1661  1967  1967  2253  2665  2288  1707
FSH16A  1910  1325  1906  2318  2050  1943  1320  1419  1803  2239  2977
FSH16A  1920  2155  2354  1809  1345  1869  2673  2632  2168  1773  1831
FSH16A  1930  2079  2388  2473  2507  2544  2024  2435  1731  1352  1681
FSH16A  1940  1365  1550  1212  1138  1719  2018  2097   648   386   682
FSH16A  1950   811  1124  1380  1179  1000  1208  1011   862   782  1552
FSH16A  1960  1863  1445  1545  1282   217   386   778  1221  1183  1397
FSH16A  1970  1015  1506  1216   869  1077  1645  1576  1043   952   891
FSH16A  1980   654   883  1111  1102   978   950  1202  1112  1244  1735
FSH16A  1990  1696  1641  1118   982   944   989   697  1077   850  1297
FSH16A  2000  1478  1291  1275  1660  1301  1251  1498 -9999
FSH17A  1854  3599  3182  2687  3395  4124  3012
FSH17A  1860  2863  3470  4217  3501  4143  3677  3219  3510  3983  4231
FSH17A  1870  4124  3638  3824  4039  2848  4237  3398  3339  3078  2226
FSH17A  1880  2466  1604  1350  2366  2581  2029  2344  2552  2192  2054
FSH17A  1890  2263  1710  1664  1849  2260  1097  1140  1524  1453  1394
FSH17A  1900  1605  1621  1854  2112  2496  1756  1518  2168  2323  1950
FSH17A  1910  1774  1709  1570  1817  1535  1084   825   643   569  1008
FSH17A  1920  1116  1472   975   877   927  2050  1898  1414   825  1270
FSH17A  1930  1279  1269  1360  2813  3416  3530  2720  2449  2675  2237
FSH17A  1940  1703  1859   741  1325  1238  1000  1205   558   305   805
FSH17A  1950   651   684   540   565   541   775   808   785  1232  1346
FSH17A  1960   895   607   834   984   680   555   659   761   901   712
FSH17A  1970   477   316   230   270   207   238   235   266   336   180
FSH17A  1980   207   221   247   285   125   157   168   340   221   228
FSH17A  1990   180   270   250   311   338   240   137   174   226   309
FSH17A  2000   494   666     0   584   610   409   581 -9999
FSH18A  1874  2859  2401  2754  2209  3147  2055
FSH18A  1880  2901  1867  2467  2289  2386  2127  2006  2170  2251  2273
FSH18A  1890  3149  2623  2657  3154  2564  2194  2497  2555  2805  2451
FSH18A  1900  2531  2751  1561  2704  2878  2002  2319  2228  2142  1916
FSH18A  1910  1799  2394  1665  1752  1792  1673  1796  2067  1835  2363
FSH18A  1920  2219  2261  2064  1544  1439  1735  1847  1746  1615  2423
FSH18A  1930  1986  1816  2147  2377  2263  2527  2559  2214  2729  1838
FSH18A  1940  1472  1913  1605  1973  1702  1555  1558  1220  1320  1597
FSH18A  1950  1327  1139  1454  1569  1058  1291  1424  1508  1528  1676
FSH18A  1960  1376  1084  1351  1668   372   362   424   409   585   562
FSH18A  1970   492   837   601   559   479   696   655   633   820   746
FSH18A  1980   686   578   653   539   633   700   658  1070  1371  1171
FSH18A  1990   607   553   540   634   631   566   537   532   379   722
FSH18A  2000   726   701  1028   741   505   558   668 -9999
FSH21A  1822   617   516   948  1062   747   841   966   548
FSH21A  1830   348   438  1218  1292  1326  1155   700   722   500   230
FSH21A  1840   253   286   597   749   474   661   629  1009   642  1409
FSH21A  1850  1352  1057  1750  1056   805   779   754   941   823   743
FSH21A  1860   765   840   916   622   582   747   789   608   909   726
FSH21A  1870   824   608   730   776  1020  1310  1166  1219  1222   570
FSH21A  1880   757   508  1066   613   906   544   347   751  1160   968
FSH21A  1890   767   870  1157  1038   478   387   583   890   942   968
FSH21A  1900   725   983   771  1188  1286   711   609  1151  1298   676
FSH21A  1910   922  1006   864   766  1068   791  1040   876   868   745
FSH21A  1920   710   912   961  1073   898   754   830  1561   985  1282
FSH21A  1930  1286  1566  1249   642   465   758   749   549  1123  1404
FSH21A  1940  1061  1032   896  1508  1533  1068   827  1384  1435  1200
FSH21A  1950  1142  1158  1118   889   634   814   523   665   685   817
FSH21A  1960   571   511   987   860   824  1053  1206  1117   860   613
FSH21A  1970   550   599   458   589   570  1293  1268   705   887   977
FSH21A  1980   732  1238  1021   790   502   349   685   991   957   795
FSH21A  1990   618   694   721   564   514   565   356   586   656   702
FSH21A  2000  1013   811  1231  1274  1015  1074  1262 -9999
FSH22A  1849   842
FSH22A  1850   795   824  1122  1027  1126   864  1100   924  1139  1122
FSH22A  1860  1503  1430  1627  1105  1154  1421   994  1438  1268  1446
FSH22A  1870  1447  1146  1403  1309  1420  1832  1723  1578  1088  1065
FSH22A  1880  1351   896   991  1009  1116   845  1222  1042   863   758
FSH22A  1890   946   996  1131  1002  1079   735   886  1057  1381  1204
FSH22A  1900  1083   865   775   855  1130   952   851  1009   822   714
FSH22A  1910   757   888   771  1239  1382   932   948  1134  1036   836
FSH22A  1920   755   675   551   668   826  1073  1134   946   575   893
FSH22A  1930  1105   976  1474  1602  1210  1028  1041   963  1146   932
FSH22A  1940   842   770   878  1349  1309   764   674   816   841   926
FSH22A  1950   691   595   774   743   608   652   435   598   730   873
FSH22A  1960   770   431   487   584  1099  1159  1242   905   755   843
FSH22A  1970   939  1088  1532   842   750   879   731   568   552   796
FSH22A  1980   729   767   678   737   354   449   714  1125   584   706
FSH22A  1990   548   882  1109   914   723   621   550   854   693   752
FSH22A  2000  1020  1091  1248   810   919   786   868 -9999
FSH23A  1839   288
FSH23A  1840   508   982  1201  1569  2100  1671  2204  2941  2172  2053
FSH23A  1850  1579  1823  2140  1583  1306  1402  2058  1791  1562  1895
FSH23A  1860  1856  1957  1978  1833  1484  1480  2040  1677  1495  1531
FSH23A  1870  1859  1685  1736  2146  2085  1943  2401  2764  3302  2100
FSH23A  1880  2498  1818  1874  1652  1179  1338  1896  1798  1584  1630
FSH23A  1890  1355  1194  1566  1856  1714  1947  2353  2841  2999  2936
FSH23A  1900  3180  3253  3353  2936  3340  3092  2488  3664  2980  2239
FSH23A  1910  2207  2254  2675  2757  2003  1885  2218  2564  2761  3363
FSH23A  1920  2658  2376  1901  2115  2020  2257  2235  2581  2168  2414
FSH23A  1930  1975  1997  1924  2204  1613  1854  1636  1240  1624  1297
FSH23A  1940   869  1020  1160  1520  1354   767   608   695  1094  1339
FSH23A  1950   902   962   981  1009   850   656   645   725   909   960
FSH23A  1960  1003  1133  1719  1839  1910  1580  1605  1732  1581  1407
FSH23A  1970  2077  2682  1673  1134  1373  1568  1268   949  1116  1194
FSH23A  1980  1424  1398  1551  1349   986   967   964  1478  2053  1785
FSH23A  1990  1553  1556  1254  1243  1322  1287   761   897   909   806
FSH23A  2000   818   683   947   974   755   884  1176 -9999
FSH24A  1844  1686  1450  2147  2209  2531  2163
FSH24A  1850  2765  2180  1806  2338  2544  3337  2860  2626  2694  2749
FSH24A  1860  3334  2940  3710  3889  4111  3919  3491  2724  2656  2751
FSH24A  1870  1411  1861  2404  2209  2287  2072  2195  3351  2840  3750
FSH24A  1880  3173  4392  2507  3326  3284  2852  2025  2305  2124  1641
FSH24A  1890  2227  1712  2012  1991  2390  1617  1222  1471  1800  1414
FSH24A  1900  1554  1431   906  1346  2202  2056  1476  1731  1839  1547
FSH24A  1910  2061  2221  1810  1948  2429  1081  1207  1736  1402  1659
FSH24A  1920  1935  2102  2051  1661  1794  3010  2580  1755  1692  2174
FSH24A  1930  2001  2322  3060  2221  1637  1916  1426  1136  1663  1635
FSH24A  1940  1137  1128  1630  1739  2002  1551   939   938   917  1180
FSH24A  1950  1245  1204  1331  1555   786   937   679  1242  1405  1119
FSH24A  1960  1172  1039  1381  1411  1462  1146  1017   908   541   874
FSH24A  1970   570  1201  1021  1003  1431  1389   903   899  1417  1573
FSH24A  1980  1493  1374  1341   787   787   870   808   846   816   859
FSH24A  1990   617   955   865   941   931   869   781   795   577  1002
FSH24A  2000   975  1073  1308  1103  1081   937   814 -9999
FSH25A  1854  1325  1396  1988  1492  1469  1666
FSH25A  1860  1454  1603  2324  1754  1352  1189   975  1822  1510  1632
FSH25A  1870  1532  1346  1394  1280  1403  1491  1697  1295  1364   659
FSH25A  1880   950   819   801   797  1008  1114  1297  1077  1108  1160
FSH25A  1890  1422  1250  1125   935  1235   776   792  1316  1571  1205
FSH25A  1900  1172  1251  1289  1436  1683  1337  1415  1562  1383  1282
FSH25A  1910  1071  1195   776   997  1025  1044  1111  1126  1138  1284
FSH25A  1920  1240  1275  1496  1229  1162  1219  1208  1094   862  1170
FSH25A  1930   927  1127  1184   847   563  1124   998  1108  1010  1438
FSH25A  1940   970   832   780  1223  1190   872   994  1118   962  1634
FSH25A  1950   881   754  1026   922   746   744   568   593   800   928
FSH25A  1960   702   712  1012  1058  1476  1550  1637  1360  1010   803
FSH25A  1970   797  1110  1091  1132   863  1331   946   641   721   770
FSH25A  1980   932  1099   878   781   550   459   587   781   939   913
FSH25A  1990   605   953   872  1140   963   730   547   696   501   643
FSH25A  2000   653   725  1283  1230   710   778  1022 -9999
FSH26A  1847  1617  1814  1610
FSH26A  1850  1641  1545  1840  2138  1875  1379  1816  1807  2259  2939
FSH26A  1860  2106  1767  2289  2251  1724  1522  1378  1709  2302  1680
FSH26A  1870  1552  1174  1712  2207  2447  1901  1777  1816  2020  1460
FSH26A  1880  1788  1024  1185   663   379   833  1539  2815  2282  1753
FSH26A  1890  2084  1126  1862  2540  2331  2370  2283  2629  3433  3668
FSH26A  1900  2837  2320  1619  1949  2240  2042  1748  1836  1931  2240
FSH26A  1910  1961  1703  1461  1820  1950  1584  1519  2020  2222  2341
FSH26A  1920  1368   901   985  1322  1889  2688  2641  2241  1619  2854
FSH26A  1930  2445  2165  2307  2241  1860  2430  2629  2738  2349  1665
FSH26A  1940  1325  1757  2191  2546  2349  1359  1339  1163   993  1370
FSH26A  1950  1211  1145  1420  1215  1540  1545  1182   847   944  1172
FSH26A  1960  1158   592   644   797  1212  1384  1345  1474  1104  1260
FSH26A  1970  1151  1329  1250  1062  1098  1202  1028   788   910   988
FSH26A  1980   877   814   779   796   619   641   871  1003  1205  1306
FSH26A  1990  1014  1220  1209  1099   921   714   763   601   539   494
FSH26A  2000   740   770  1000   713   785   704   863 -9999

