GE01    1776  1773  1252  1582  2555                                              
GE01    1780  2256  2881  2396  2031  2101  2613  2768  2935  2634  2760          
GE01    1790  1781  1947  1390  1228  1328  1397  1847  1526  1485  1333          
GE01    1800  1048  1200  1250  1446  2122  2142  2286  1640  1089  1021          
GE01    1810  1311  1408  1431  1960  1634  1316   712   622   542   762          
GE01    1820   629   622  1050  1035  1480  1542  1694  1878  1813  1454          
GE01    1830  1115  1422  1380  1162  1401  1212   759   843   836   829          
GE01    1840   742   589   656   998   956   834   973  1076  1230   996          
GE01    1850  1025  1097  1223   893   501   597   595  1104  1477   995          
GE01    1860   911   903   979   947  1076  1394  1293   954  1471  1467          
GE01    1870  1308  1255  1006   982  1325  1438  1209   849   721   468          
GE01    1880   658   663   829   642   511   508   691   905   870   820          
GE01    1890  1073   813   882  1710  1016   641   902   714   798   737          
GE01    1900   582   562   519   945  1251  1384   987   620   689   637          
GE01    1910   872  1070   905   516   737   677   565   543   560   755          
GE01    1920   425   694   618   597   615   878   768   658   323   407          
GE01    1930   629   758  1018  1017   767  1039   955   698   838  1018          
GE01    1940   631   739   764   843   852  1010   846   681   373   458          
GE01    1950   463   434   452   573   631   905   841   671   606   607          
GE01    1960   612   275   321   713  1045   912   762   652   459   571          
GE01    1970   592   792   640   550   606   431   715   512   681   567          
GE01    1980   618   781   854   587   675   539   599   646   866   706          
GE01    1990   840   748   611   656   712  1014   880   684   553   647          
GE01    2000  1050  1096   926   854  1015   666  1000  1072  1169 -9999          
GE02    1741   799   688   459   840   640   578   775   954  1003                
GE02    1750  1016   864   722   637   637  1849  1939  1761  1298  1576          
GE02    1760   836  1743  1276  1224   950   903  1339  1062   953  1128          
GE02    1770  1008   625   807   538   644   937  1102   777   669  1128          
GE02    1780  1102   841   788  1026  1050  1681  2715  2782  2521  2420          
GE02    1790  1543  1165   778   442   842  1004  1210  1410  1153   966          
GE02    1800   751   548   524   696  1081  1386  1712  1852  1417  1334          
GE02    1810  1531  1221  1226  1492  1223   936  1110  1033   780   960          
GE02    1820   772   873  1347  1555  2131  1801  1824  2465  2280  2177          
GE02    1830  1834  2209  2236  1686  1476  1322   853  1025   734   550          
GE02    1840   570   742   725  1073  1472  1067  1900  1659  1277  1056          
GE02    1850  1353  1599  1748  1228  1245  1234  1131  1288  1332  1245          
GE02    1860  1317  1260  1337  1925  1876  1606  1369  1006  1353   829          
GE02    1870  1024   789   918  1030  1267  1183  1144   863  1048   787          
GE02    1880   998  1086  1292   986  1337  1122  1178  1463  1351  1922          
GE02    1890  1931  2295  2085  2189  1919  1325  1200  1040  1203   996          
GE02    1900   885  1030   886   955  1036  1116   730   610   716   785          
GE02    1910  1004  1121   836   838  1008  1331  1521  1243  1286  1290          
GE02    1920   959  1204  1164  1217  1342  1491  1381  1197   535   843          
GE02    1930   806   908   928   727   816   885   694  1031   882  1052          
GE02    1940   982  1217  1230   920   945   898   894   780   781   597          
GE02    1950   588   692   749   663  1194  1033   970   853   839   938          
GE02    1960   957   541   650   674   889   717   852   639   587   731          
GE02    1970   616   790   858   982  1106  1117  1221  1008  1339  1311          
GE02    1980  1212  1305  1279  1098  1232   902   992  1022   882  1308          
GE02    1990  1499  1593  1332  1131  1239  1288  1251  1074   959   966          
GE02    2000  1169  1137  1003  1008  1175   967  1252  1189  1340 -9999          
GE03    1751  1465  1406  1402  1073  1449  1278   866  1130  1299                
GE03    1760  1713  2012  2799  2970  3401  2478  2842  3109  2500  2285          
GE03    1770  1157   889   750   661   650   614   675   670   695  1125          
GE03    1780  1258  1892  1378  1438   939  1236  1366  1509  1201  1331          
GE03    1790  1722  1855  1062   783  1328  1180  1245  1331  1391  1099          
GE03    1800  1141  1544  1735  1924  2137  1831  1860  2093  2013  1573          
GE03    1810  1398  1570  1463  2363  1713  1913  1369  2193  1309  1884          
GE03    1820  1147  1183  1684  1958  2419  2186  1895  2397  2348  1578          
GE03    1830  1868  1514  1632  1206  1945  1509  1110  1189   869   552          
GE03    1840   687   601   455   659  1260  1268  1779  1766  1562  1885          
GE03    1850  1629  1566  1121  1156  1092   837   910  1496  1093  1666          
GE03    1860  1345  1560  1537  2290  1283  1149  1215  1032  1559  1256          
GE03    1870   896   934  1027   787  1302  1109   879   669   872   495          
GE03    1880   747   790  1266  1021   897   819   767   836   861   888          
GE03    1890   981  1023  1144  1515  1069   649   826   621   551   667          
GE03    1900   700   586   508   529   590   624   512   384   326   321          
GE03    1910   431   624   762   539   676   606   407   233   249   234          
GE03    1920   237   369   288   496   371   411   672   550   251   425          
GE03    1930   479   678   763   929   710   744   572   585   844   708          
GE03    1940   540   650   579   815  1053   800   431   167   120   366          
GE03    1950   342   312   333   397   712   985   562   537   539   591          
GE03    1960   669   542   565   631   724   730   749   792   666   611          
GE03    1970   690   938  1282  1041   932   842  1092   801   720   686          
GE03    1980   780  1166   967   854   821   516   615   755   807   831          
GE03    1990  1159  1146   856   853   890  1370  1215  1194   753   929          
GE03    2000   926   964   909   796   782   818   771   969  1083 -9999          
GE04    1797   538   562   561                                                    
GE04    1800   632   617   846  1312  1542  1496  1315  1492  1015   970          
GE04    1810   723   571   600   808   648   828   647   537   413   507          
GE04    1820   587   491   737   642   921  1031  1343  1353  1534  1460          
GE04    1830  1147  1304  1651  1232   826   787   556   669   639   425          
GE04    1840   354   388   415   598   965   914   840   794   881  1157          
GE04    1850  1296  1317  1145   987  1126   927   996  1248  1083  1528          
GE04    1860  1114  1178   901  1213  1362  1301   902   716  1067   756          
GE04    1870   820   869   878   911  1103   787   811   567   669   337          
GE04    1880   452   531   709   595   632   730   648   853   802   813          
GE04    1890   686   958  1089  1571   882   737   734   596   592   646          
GE04    1900   659   819   406   454   486   495   401   397   329   377          
GE04    1910   668  1036   950   847   853   929   835   779  1094  1024          
GE04    1920   783   949   940  1153   972   938  1034   980   664   726          
GE04    1930   797   872  1000   975   617   817   798   656   962   927          
GE04    1940   763  1003  1325  1296  1016   792   641   458   473   691          
GE04    1950   655   567   521   733   996  1224   847   826   672   626          
GE04    1960   606   506   578   572   741   826   769   841   579   579          
GE04    1970   669   892  1034  1193   871  1042   751   585   697   644          
GE04    1980   731   943   889   822   838   806   675   950   549  1239          
GE04    1990  1484  1564  1534  1234  1094  1055   995   946   758   904          
GE04    2000   449  1122   855   914   950   736  1052  1022  1119 -9999          
GE05    1811  1836  1938  2112  1801  1643   921   359   445   631                
GE05    1820   724   816  1504  1061  1552  1059  1597  1384  1604  1438          
GE05    1830  1000  1036   910   833  1014   766   462   655   545   468          
GE05    1840   361   440   549   879  1174  1041  1158   908   880   767          
GE05    1850   864   886  1028  1089   878   993   950  1217  1037  1361          
GE05    1860  1094  1245  1261  1733  2022  1892  1798  1400  2068  1408          
GE05    1870  1438  1139  1247  1036  1304  1136  1130   801   960   807          
GE05    1880   947  1025  1001   903   945   941   982   965   817   893          
GE05    1890   882  1321  1316  1517  1290  1072  1059   826   669   715          
GE05    1900   707   807   675   908   981  1411  1546  1421  1267  1299          
GE05    1910  1511  1864  1625  1544  1431  1302  1013   839   918  1032          
GE05    1920   886   928   813   601   837  1185  1692  1424   871   974          
GE05    1930  1207   996   876   868   649   628   807   954   740  1071          
GE05    1940   869   979   792   807  1303  1215  1121   934   832  1026          
GE05    1950   711   781   689   900  1257  1881  1405   945  1067   874          
GE05    1960   868   465   760   721   763  1003  1062  1261  1103   810          
GE05    1970   743   965  1121   882   734   953  1023  1047  1225  1465          
GE05    1980  1389  1679  1499  1423  1038   660   845  1142  1374  1475          
GE05    1990  1349  1701  1455  1343  1472  2056  1576  1606  1096  1488          
GE05    2000  1550  1654  1337  1199  1043  1058  1418  1153  1164 -9999          
GE06    1818   832   817                                                          
GE06    1820  1325  1100  2307  1483  2440  2455  2376  2738  3142  2179          
GE06    1830  2382  1950  1919  1874  2143  1769  1280  1535  1132  1280          
GE06    1840  1230  1484  1284  1255  1444  1471  2234  1407   771   521          
GE06    1850   515   362   485   459   799  1116   932  1284   943  1426          
GE06    1860  1311  1267  1126  1584  1260  1110   984   863  1343  1204          
GE06    1870  1358  1263  1922  1287  1547  1291  1262   568   787   575          
GE06    1880   723   614   828   676   822   986   728   781   737   855          
GE06    1890   963  1368  1066  1166   719   492   731   800   679  1006          
GE06    1900  1490  2418  1733  1949  2798  1914  1340   897   675   531          
GE06    1910   627  1196   905   796  1041  1096   994  1037  1340   971          
GE06    1920   828  1152  1062  1003   998   991  1138   727   438   599          
GE06    1930   730   629   615   727   561   617   625   547   663   693          
GE06    1940   547   652   586   749   726   637   648   565   422   508          
GE06    1950   600   572   435   421   432   708   528   482   283   379          
GE06    1960   290   192   277   297   336   299   359   374   336   350          
GE06    1970   270   298   426   407   376   354   530   371   332   270          
GE06    1980   299   278   314   254   191   180   215   263   254   447          
GE06    1990   397   499   478   413   370   346   177   145   157   233          
GE06    2000   316   311   159   181   153   100   185   270   276 -9999          
GE07    1697  2899  2496  2205                                                    
GE07    1700  2440  2031  1605  1465  1541  2032  1561  1732  1337  1498          
GE07    1710  1384  1212  2209  1248  2082  2713  1854  1371  1008  1301          
GE07    1720  1306  1149   931   979   858  1511  1532  1065   812   956          
GE07    1730   679   477   560   625   786  1045   811   938   818   560          
GE07    1740   432   333   542   401   369   275   394   462   444   338          
GE07    1750   387   487   539   524   491   403   507   332   488   718          
GE07    1760   454   578   584   602   635   621  1105  1139   874  1032          
GE07    1770   647   427   391   307   267   357   394   349   396   314          
GE07    1780   338   424   445   561   515   715   746   690   676   654          
GE07    1790   429   454   394   322   615   782   741   733   647   445          
GE07    1800   462   391   397   534   571   601   690   699   461   453          
GE07    1810   632   773   695   556   492   546   410   332   372   854          
GE07    1820   654   534   637   576   891   838   736   799   902   819          
GE07    1830   652   578   496   547   697   745   540   557   601   441          
GE07    1840   430   474   556   595   549   511   589   697   539   578          
GE07    1850   701   731   888   667   646   550   600   694   971   828          
GE07    1860   695   652   787   618   825   700   836   645   736   736          
GE07    1870   639   674   659   489   492   620   803   309   322   350          
GE07    1880   647   512   727   547   639   675   581   602   633   594          
GE07    1890   670   824   817  1048   782   538   624   576   491   627          
GE07    1900   504   879   630   677   790   903   721   878   775   959          
GE07    1910  1075  1015   875   714   714   753   427   310   409   412          
GE07    1920   375   432   486   590   593   558   647   654   464   574          
GE07    1930   630   596   644   504   536   446   496   565   482   575          
GE07    1940   486   453   621   557   640   403   563   313   287   398          
GE07    1950   520   453   505   443   342   535   518   580   637   564          
GE07    1960   557   500   649   697   892   708   699   522   412   641          
GE07    1970   583  1024   917   742   607   541   496   376   440   396          
GE07    1980   303   260   260   280   276   291   256   308   179   165          
GE07    1990   138   206   230 -9999                                              
GE08    1738  1016   706                                                          
GE08    1740   559   389   387   406   434   470   232   595   600   616          
GE08    1750   885   933   833   836  1020  1032   593   709   868  1067          
GE08    1760   872  1050   941  1485  1454  1526  1584  1672  1337  1521          
GE08    1770   702   502   511   367   403   497   815   592   495   752          
GE08    1780   628   966   887   913  1072  1395  1083   875   937   830          
GE08    1790   819   612   327   243   416   471   289   382   528   500          
GE08    1800   479   387   687   653   702   669   743   700   728   662          
GE08    1810   507   536   335   447   338   372   184   198   152   237          
GE08    1820   273   306   517   347   516   498   643   653   654   609          
GE08    1830   533   359   483   390   339   301   256   323   216   194          
GE08    1840   267   345   415   752   961   972  1149   983   906   818          
GE08    1850   899   961   779   862   848   707   900  1597  1102  1315          
GE08    1860   929   949   867   804   892   719  1078  1140  1578  1789          
GE08    1870  1934  1323  1464   910  1120   783   563   376   811   495          
GE08    1880   927   673  1411   982   949  1085  1104   975  1086  1049          
GE08    1890  1008  1256   699   873   537   426   455   337   448   502          
GE08    1900   390   611   545   707   857  1071   952   619   541   562          
GE08    1910   749  1049   908   777   577   574   326   315   460   401          
GE08    1920   417   745   757   545   475   836   931   568   326   410          
GE08    1930   684   474   785   785   387  1058   948   977   816   765          
GE08    1940   467   711   792   782   720   241   179     0   261   369          
GE08    1950   401   409   339   253   243   391   259   290   224   245          
GE08    1960   424   244   170   254   346   273   206   289   233   462          
GE08    1970   639   743   647   488   414   578   502   284   409   436          
GE08    1980   436   453   510   574   508   327   386   540   612   815          
GE08    1990   892   593   639   399   380  1175   764   489   365   251          
GE08    2000   473   535   406   324   281   263   379   471   450 -9999          
GE09    1835  2386  1428  1834  1607  1232                                        
GE09    1840  1361  1157  1800  2157  2652  2289  4084  2706  2108  2217          
GE09    1850  2966  2219  2444  1472  1790  1496  1345  1559  1613  1076          
GE09    1860  1212  1277  1254  1918  2085  1754  1872  1488  1943  1230          
GE09    1870  1693  1475  1461  1479  1863  2800  2876  1512  1569   635          
GE09    1880   692   576   820   704   824   913   715   873   734   726          
GE09    1890   633   612   501   772   602   532   557   780   867  1018          
GE09    1900   810  1144   841  1224  1774  1800  1588  1151  1215  1318          
GE09    1910  1272  1682  1430  1444  1596  1812  1844  1963  1918  2047          
GE09    1920  1520  1957  1505  1355  1515  1964  1708  1436   849  1000          
GE09    1930  1133  1354  2047  2613  1853  2472  2668  2765  2352  2901          
GE09    1940  2352  2335  2815  3524  3083  2680  1926  1947  1370  1640          
GE09    1950  1597  1492  1771  1509  1265  1274  1205  1305  1327  1528          
GE09    1960  1395   937   931   986  1586  1604  1621  1745  1320  1160          
GE09    1970  1041  1022  1433  1563  1550  1358  1056  1219  1427  1317          
GE09    1980  1105  1352  1758  1441  1350   752   850  1160  1233  1832          
GE09    1990  1923  1489   972   772   928  1622   982   827   638   611          
GE09    2000   627   886   967   743   713   613   806   876  1003 -9999          
GE10    1848  1886  1599                                                          
GE10    1850  1363  1050  1090  1087   944   506   461   580   694   531          
GE10    1860   332   295   357   548   992  1113  1203  1556  1903  1213          
GE10    1870  1464  1256  1004   749   820   705   532   422   729   440          
GE10    1880   467   462   534   650   866   675   884   922  1060  1072          
GE10    1890   874  1054  1001  1171   935   626   490   451   527   611          
GE10    1900   683   622   635   562   524   480   690   731   578   733          
GE10    1910   931  1246  1499  1336  1621  1759  2146  1891  1367  1261          
GE10    1920  1038   940   937   971  1131   939  1268   986   695   825          
GE10    1930  1112   971  1081   933   481   778  1029  1078  1838  2045          
GE10    1940  1331  1339  1458  1423  1218  1165   977   760   742   774          
GE10    1950   882   726   720   836  1048  1210   936   641   613   609          
GE10    1960   686   473   558   713   866   859   805   753   732  1013          
GE10    1970  1266  1518  2374  2121  1841  1594  1763  1289  1502  1487          
GE10    1980  1698  2213  1694  1361   912   976  1040  1368  1403  1412          
GE10    1990  1312  1607  1640  1364  1437  1486   793   803   662   613          
GE10    2000  1661  1440  1120   949  1065   802   986  1248  1272 -9999          
GE11    1833  1118  1254  1075   586   534   512   459                            
GE11    1840   321   385   448   547   557   538   626   729   663   424          
GE11    1850   724   759  1013   924   960   642   812   986   886   885          
GE11    1860   596   890  1075   870   752   703   737   595   811   810          
GE11    1870  1099  1267  1548  1231  1303  1117  1159  1088  1026   689          
GE11    1880  1330  1086  1325  1134  1621  1431  1079  1667  2027  2140          
GE11    1890  2564  2269  2064  2313  2261  1270  1323  1405  1271  1181          
GE11    1900  1432  1388   921  1115  1145  1331  1126   871   759   819          
GE11    1910  1127  1514  1525  1024  1224  1044   625   349   700   473          
GE11    1920   528   964  1044  1153  1036  1360  1556  1098   551  1023          
GE11    1930  1327  1236  1827  1723  1167  1310  1247  1346  2198  2280          
GE11    1940  1231  1206  1037  1212  1669  1739  1128   980   503   807          
GE11    1950   538   438   520   607   720   951   650   630   558   681          
GE11    1960   758   412   434   401   825   897   829  1145   918   769          
GE11    1970   737  1310  1222  1073  1224  1397  1466   997   976  1010          
GE11    1980   956  1386  1181  1412  1209  1069  1075  1475  1389  1629          
GE11    1990  1834  1774  1345  1530  1234  1283  1254  1110   936  1002          
GE11    2000  1293  1354  1445  1145  1399  1035   830  1089  1540 -9999          
GE12    1785  1107   940   797  1100   961                                        
GE12    1790  1262  1180  1026   721  1072  1320  1411  1106  1137   789          
GE12    1800  1185  1165   957  1150  1982  1959  1414  1571  1085   909          
GE12    1810   968  1262  1304  1870  1421  1300  1007  1087   793  1253          
GE12    1820   941   902  2008  1080  1378  1327  1141  1292  1392  1105          
GE12    1830  1097  1118  1168   950  1014   535   343   437   458   668          
GE12    1840   605   741   966  1452  1576  1188  1291   862  1326   846          
GE12    1850   719   848  1161   786   723   566   595   667   838   971          
GE12    1860   699   773  1049  1241  1205  1482  1214  1126  1614  1207          
GE12    1870  1353  1207  1118   889  1179  1118  1217   803   646   334          
GE12    1880   678   600   812   514   843   790  1049   939  1065  1417          
GE12    1890  1132  1322  1532  1791  1671  1072   853   702   837   906          
GE12    1900   757  1198   987  1399  1632  1976  1764  1211  1367  1263          
GE12    1910  1767  2020  1796  1593  1839  1405  1186  1037   983   985          
GE12    1920   851  1125   990  1007   881  1043  1198  1050   878   937          
GE12    1930  1128  1289  2187  2215  1573  1850  1442  1609  1720  1980          
GE12    1940  1412  1826  1584  1322  1444  1387  1204  1332   766  1093          
GE12    1950   923   827   712   867  1104  1532   923  1152  1115  1035          
GE12    1960   831   897  1172   939  1032  1205  1111  1659  1448  1056          
GE12    1970   826  1238  1136   994   903  1235  1016   980   995  1086          
GE12    1980  1086  1250  1007  1146   920   544   575   584   805  1232          
GE12    1990  1633  2259  1914  1982  1279  1805  1957  1861  1713  1842          
GE12    2000  1934  1658  1275  1233  1278  1078  1421  1820  2236 -9999          
GE13    1798   660   561                                                          
GE13    1800   465   971  1156   834  1177  1170  1598  1275  1012   828          
GE13    1810   656   833   795  1156   734   990   705   781   378   255          
GE13    1820   465   640   839   484   793   708   824  1082  1728  1147          
GE13    1830  1266  1224   976   882   738   985   638   634   522   484          
GE13    1840   379   468   444   583   481   612   712   566   629   866          
GE13    1850  1229  1078  1157  1327  1480  1331  1073  1632  1466  2020          
GE13    1860  2073  2541  2007  2006  1912  1548  1480  1410  1944  1433          
GE13    1870  1962  2282  2197  2025  2119  1877  2132  1496  2119  1615          
GE13    1880  1526  1169  1618  1506  1542  2152  2286  2317  2116  2164          
GE13    1890  1996  2004  2101  3033  2407  1448  1082  1579  1293  1360          
GE13    1900  1333  1323   848   889  1094  1318  1180  1366  1131   965          
GE13    1910  1271  1538  1760  1744  1706  1524  1377  1122  1909  2192          
GE13    1920  2137  2226  1821  1630  1326  1283  1451  1582   839   988          
GE13    1930  1079  1073  1000  1134  1132  1551  1303  1529  1529  1322          
GE13    1940   696   914  1384  1962  1754  1995  1686  1587   901   837          
GE13    1950   614   516   501   639   701   767   596   580   641   637          
GE13    1960   830   606   759   930  1055  1196  1563  2129  1621  1149          
GE13    1970   972  1599  1819  1738  1778  1876  1379   945  1447  1304          
GE13    1980  1245  1687  1530  1078   623   697   860  1040   885   844          
GE13    1990   916  1031   943  1040   809   979   699   715   736   733          
GE13    2000   641   750   721   706   675   540   564   780  1124 -9999          
GE14    1734  2768  1921  2178  2803  2245  1787
GE14    1740  1412  1489  1709  1954  1494  1541  1826  1701  1684  1403
GE14    1750  1214   941  1113  1302  1226  1439  1686  1718  1027   746
GE14    1760   785  1813  1861  1233  1268  1300  1699  1596  1590  2179
GE14    1770  1653  1517  1484  1381  1482  1533  1310  1131   895  1239
GE14    1780   935  1136   959   749  1020  1585  1931  1603  1377   950
GE14    1790     0     0     0     0     0     0  1161   928   800   705
GE14    1800   667   870   820   827   776   824   923   888   676   676
GE14    1810   714   912   871  1511  1587  2231  1164   935  1347  1545
GE14    1820  2133  2378  2885  2703  3109  3613  3279  4020  3264  2762
GE14    1830  1954  1835  2994  2719  2637  2366  1543  2217  1646  1650
GE14    1840  1138   992   961  1464  1597  1750  1748  1393  1840  1557
GE14    1850  1667  2191  2239  1446  1194  1040  1572  2023  1417  1311
GE14    1860  1093  1353  1591  1134  1374  1256  1097   880   950  1081
GE14    1870   629   518   651   775   830   662   970   685   887   517
GE14    1880   893   561   947   573   837   734   746   944   765   941
GE14    1890  1037   767   747   881   424   620   630   514   641   677
GE14    1900   512   542   463   542   505   533   517   374   491   527
GE14    1910   563   631   388   564   801   629   116     0   153   130
GE14    1920   199   328   376   393   309   366   502   393   293   434
GE14    1930   570   521   622   609   400   587   349   574   529   515
GE14    1940   476   705   754   581   515   529   439   464   392   348
GE14    1950   423   360   382   421   489   706   572   537   459   666
GE14    1960   595   482   383   396   509   523   452   338   208   485
GE14    1970   447   428   504   619   449   427   510   475   595   529
GE14    1980   383   541   516   706   572   515   482   690   622   801
GE14    1990   949   592   607   638   631  1002   662   678   779   691
GE14    2000   806   739   607   927   877   186   582   968  1203 -9999
GE15    1785   496   395   347   336   518
GE15    1790   927  1285   540   269   263   339   541   656   751   525
GE15    1800   855   931  1863  1413  1802  1061  1021  1089  1297  1216
GE15    1810  1581  1132  1182  1427  1346  1537  1203  1619  1001  1253
GE15    1820  1355  1435  1854  1269  1721  1782  1536  2627  2771  2845
GE15    1830  2650  2190  1961  1347  1466  1629  1221  1148   969  1036
GE15    1840  1250  1242  1351  2240  2687  1767  1911  1726  2052  2961
GE15    1850  2801  2116  1996  1332  1275  1103  1096  1397  1509  1767
GE15    1860  1469  1388  1748  1693  1402   861   689   683  1279  1081
GE15    1870   994  1036   996  1017  1398  1123  1132   828   972   657
GE15    1880   715   631   752   626   781   591   526   424   409   404
GE15    1890   486   410   522   824   650   633   614   806   911   780
GE15    1900   734   808   606  1036  1053  1120  1095   506   501   537
GE15    1910   770   787   911   985   799   583   637   562   853   966
GE15    1920  1039   971   985   856  1058  1190  2146  1483  1216   868
GE15    1930   494   549   818   831   559   823   817   761  1112  1422
GE15    1940   609   667   747  1140  1035   655   341   129   212   268
GE15    1950   268   449   363   670   878   916   781   763  1037   923
GE15    1960   506   339   529   661   617   962   981  1239  1256   806
GE15    1970   512   759   714   590   493   615   690   507   535   495
GE15    1980   628  1053   882   583   465   413   426   726     0   698
GE15    1990   669   757   558   695   532   760   586   602   517   660
GE15    2000   831   916   810   467   440   338   505   768   971 -9999
GE16    1902  1891  2642  3343  3209  2549  2023  2067  2500                      
GE16    1910  2477  3273  3366  3814  3735  2147  1734  2168  3023  2082          
GE16    1920  1756  1619  1646  1209  1570  2073  1656  1701  1444  1377          
GE16    1930  1511  1474  1853  1607  1306  1887  1355  1623  1719  1531          
GE16    1940  1039  1071  1143  1016  1237  1110  1255  1067   904  1581          
GE16    1950  1393  1323  1136   919  1787  2208  1393  1202  1163  1091          
GE16    1960   966   707   991   887   787   605   476   538   499   748          
GE16    1970   786   860   837   892  1022  1044  1170   987   960   786          
GE16    1980   722   828   792   725   637   558   638   662   622   770          
GE16    1990   602   678   625   704   670   749   586   532   417   423          
GE16    2000   723   923   676   538   556   424   565   636   715 -9999          
GE17    1729  1568
GE17    1730   163   154   162   150   185   243   514   630   549   818
GE17    1740   867   540   492   407   329   420   363   347   267   312
GE17    1750   223   218   290   283   355   419   234   308    99   190
GE17    1760   201   185   293   142   178   225   330   299   333   439
GE17    1770   185    37    21   129   210   281   400   254   309   537
GE17    1780   838   898   468   360   291   317   280   249   275   241
GE17    1790   270   196   162     0     0   265   190   159   176   126
GE17    1800   102    86   289   323   521   499   537   514   428   404
GE17    1810   287   374   380   474   312   556   383   355   198   333
GE17    1820   426   351   509   448   675   505   688  1018  1044   863
GE17    1830   672   391   609   481   429   236   130   125   160   185
GE17    1840   135     0   224   278   313   328   434   439   566   549
GE17    1850   744   952   760   640   326     0   736   755   827  1150
GE17    1860   897  1041  1174  1113  1221   991  1055  1004  1075   679
GE17    1870   965  1482  1549  1547  1295  1323  1203   662   777   593
GE17    1880   673   501   426   508   609   584   615   592   443   608
GE17    1890   470   476   650   870   599   556   443   656   698   700
GE17    1900   624   596   462   755   724   549   582   472   385   446
GE17    1910   436   419   404   584   672   564   468   288   449   346
GE17    1920   314   472   197   149   253   250   502   497   281   400
GE17    1930   461   622   618   781   367   580   506   370   565   734
GE17    1940   655   693   610   671   593   439   373   252   327   602
GE17    1950   500   400   191   342   330   297   422   474   442   334
GE17    1960   168    76   149   202   152   228   214   177   266   206
GE17    1970   152   230   480   358   358   440   379   287   364   491
GE17    1980   625   901   830   813   505   547   940   806  1148  1336
GE17    1990  1293  1470  1222  1187  1219  1148   808   700   622   702
GE17    2000   638   730   728   776   552   371   584   869   681 -9999
GE18    1810  1144  1132  1174  1496  1904  1576  1755  1256  1697  1567          
GE18    1820  1466  1295  1474  1470  2127  3035  3740  3608  3453  2596          
GE18    1830  1947  1489  1622  1968  2149  1764  1521  1616  1638  1227          
GE18    1840   785   614   535   934  1022  1082  1044   953  1151  1085          
GE18    1850  1196  1357  1425  2029  2040  1657  1700  1722  1703  1510          
GE18    1860  1248  1238  1559  1575  1527  1565  1355  1471  1791  1586          
GE18    1870  1612  1661  1744  2034  2752  2873  2184  1622  1323  1194          
GE18    1880  1062   852   935  1100  1253  1049   972   971  1112  1244          
GE18    1890   907  1084  1446  1685  1406   863   881   767   824   789          
GE18    1900   840  1032   931  1179  1478  1537  1481  1074   791   912          
GE18    1910  1041  1203  1322  1392  1097  1052   949   547   624   809          
GE18    1920   948   959  1175  1104  1356  1390  1721  1539  1137   955          
GE18    1930   973   840   953   875   630   517   560   634   559   647          
GE18    1940   492   753   682   637   748   677   753   827   742   708          
GE18    1950   707   694   699   759   747   590   740   517   829   705          
GE18    1960   686   468   584   689   891  1123   803  1461  1015  1043          
GE18    1970  1044  1153  1383  1423  1338  1025  1041   864   873   798          
GE18    1980   844  1221  1133  1096   812   411   483   640   639   682          
GE18    1990   675   669   864   728   749   806   728   742   586   660          
GE18    2000   917   953   735   711   887   737   845   973   867 -9999          
GE19    1770   527   584   374   193   272   381   425   733   566   771                
GE19    1780   786   938   572   384   217   493   472   467   399   439          
GE19    1790   586   541   317   230   324   409   494   367   388   352          
GE19    1800   272   346   679   680  1078   927  1065  1252   894   730          
GE19    1810   786   601   561   596   627   596   259   154   397   298          
GE19    1820   220     0   256   317   447   632   794   861   939   982          
GE19    1830   767   858   550   909   731   637   429   503   495   523          
GE19    1840   380   284   562   985  1213   954   917   857   942  1015          
GE19    1850  1101   958   976  1026  1210  1215  1245  1534  1555  1890          
GE19    1860  1249  1291  1929  2507  2137  1711  1608  1365  2016  1653          
GE19    1870  1116   854  1430   895  1537  1487  1318  1198  1280   845          
GE19    1880  1154   855  1051   767   818   876  1045   917  1001  1278          
GE19    1890  1326  1520  1418  1710  1503   948   911   794   863   929          
GE19    1900   789   816   738   910  1137  1087  1006   748   769   663          
GE19    1910   783  1161  1169  1241  1390   976   609   330   516   507          
GE19    1920   524  1112  1343  1323  1172  1421  1069   970   766   833          
GE19    1930   902  1134  1700  1415   951  1247  1222  1274  1469  1279          
GE19    1940   917   892   886   866   840   748   620   695   568   509          
GE19    1950   756   516   591   418   957  1502   897   744   616   682          
GE19    1960   672   422   406   440   466   574   453   608   371   323          
GE19    1970   456   827  1031  1002   790   747   686   598   700   615          
GE19    1980   549   704   789   841   615   496   587   612   564   643          
GE19    1990   758   810   823   615   549   750   582   705   676   617          
GE19    2000   849   863   912   808   731   414   644   680   847 -9999          
GE20    1884  2658  2534  2771  3130  2755  3078                                  
GE20    1890  2832  2945  3233  3998  3089  2510  2838  2099  2099  2697          
GE20    1900  2336  2657  2030  2281  2039  2748  2609  2326  2781  3165          
GE20    1910  3263  3990  3027  3248  4148  3908  3293  2934  3409  3207          
GE20    1920  3053  3171  2618  2306  2149  2361  2371  2159  1594  2809          
GE20    1930  3529  3429  4095  3924  2530  2245  3255  3472  3134  3337          
GE20    1940  3028  3601  3362  2831  2875  2650  1665  1867  1254  1515          
GE20    1950  1319  2000  3115  2823  1682  1810  1567  1620  1710  2251          
GE20    1960  2197  2015  2175  2237  2569  2145  1947  1730  1217  1243          
GE20    1970  1398  1854  1911  2265  2263  2872  1760  1381  2044  2373          
GE20    1980  2304  2589  2429  1781  1517  1246  1452  2004  2266  2168          
GE20    1990  2303  2387  1782  1857  1727  2002  1649  1615  1528  1766          
GE20    2000  1647  1900  2015  1991  1723  1042  1794  2025  2046 -9999          
GE21    1786   547   528   330   485                                              
GE21    1790   393   162   132   129   230   241   252   289   384   361          
GE21    1800   352   263   471   659  1029   895   905   938   576   808          
GE21    1810   682   482   456   648   473   652   494   389   277   370          
GE21    1820   373   452   708   496   794   850   853  1056  1416  1364          
GE21    1830  1323  1201  1490  1090   881   829   574   660   563   342          
GE21    1840   229   292   269   404   499   565   578   640   615   478          
GE21    1850   617   577   772   730   638   554   686   884   691   828          
GE21    1860   673   833   787   844   676   576   502   516   728   809          
GE21    1870  1040  1045  1197  1067   944   875   722   774   833   546          
GE21    1880   601   662   432   379   369   500   600   645   624   591          
GE21    1890   674   933  1116  1699  1387  1409  1411   735   783   758          
GE21    1900   519   549   548   486   512   514   467   356   445   411          
GE21    1910   560   562   708   696   588   727   687   615   897   696          
GE21    1920   648   741   660   631   639   802  1202   838   758   785          
GE21    1930   645   666   977  1048   758   673   618   732  1070  1157          
GE21    1940   785  1120   955  1115  1221  1127  1053   962   623   735          
GE21    1950   619   479   578   635   827   971   815   563   818   768          
GE21    1960   726   496   716   776   994   979  1087  1141  1176   971          
GE21    1970   972  1177  1208  1261   936   961   877   888   802   825          
GE21    1980   746   843  1015  1072  1186   765   927  1091  1165  1585          
GE21    1990  1736  1816  1851  1478  1193  1063   975   764   672   635          
GE21    2000   718   679   744   959  1235   941   998   813   810 -9999          
GE22    1760  1465  1764   864  1066  1528  1358  1994  2231  1798  1626          
GE22    1770   491   435   520   239   394   111   379   286   404   570          
GE22    1780   694  1395  1083   519   431   889   689   556   500   731          
GE22    1790   685   586   288   260   403   491   144   347   352   423          
GE22    1800   226   296   633   675   943   741   831   823   400   400          
GE22    1810   490   664   738   508   356   817   359   218   291   471          
GE22    1820   445   391   911   647   916   674  1394  1093  1333  1181          
GE22    1830   774   949  1365  1085  1063   859   545   474   427   420          
GE22    1840   461   466   478   829   969   689  1309  1080   978   647          
GE22    1850   806   557   841   998   990   581   806  1309  1078  1302          
GE22    1860   895   967   716   802   784   835   766   677   726   654          
GE22    1870   919  1155  1124   914   961   759   830   396    97   235          
GE22    1880   121    72   165   265   552   451   546   536   638   746          
GE22    1890   492   709   757   900   689   604   609   637   787   820          
GE22    1900   792   673   523   679   687   562   404   414   584   479          
GE22    1910   746  1009   864   880   995   856   710   970  1127  1118          
GE22    1920   888  1057   894   617   670   775   691   544   403   497          
GE22    1930   620   660   653   713   513   556   505   695   626   660          
GE22    1940   459   316   263   343   454   525   455   422   227   414          
GE22    1950   640   646   540   489   557   671   421   368   413   470          
GE22    1960   483   281   372   481   604   694   722   963   938   844          
GE22    1970   713   875   700   646   564   781   825   474   442   430          
GE22    1980   378   540   484   472   410   325   433   476   521   675          
GE22    1990   624   657   479   429   460   385   334   392   246   412          
GE22    2000   542   610   371   321   415   242   301   535   667 -9999          
GE23    1859  3353                                                                
GE23    1860  2484  2921  2761  4472  4559  4119  3850  3468  4529  2430          
GE23    1870  2860  1871  1751  1324  1716  1211  1067   853   944   688          
GE23    1880  1123  1418  1358  1171  1206  1203  1626  1518  1854  1513          
GE23    1890  1741  1732  2019  1526  1098   620   427   267   196   290          
GE23    1900   392   423   407   416   535   857   696   699   714   841          
GE23    1910  1110  1275  1829  1785  2060  2080  1723  1461  2023  1944          
GE23    1920  1508  1607  1478  1263  1086   986  1083  1063   731   526          
GE23    1930   715   629   700   803   631   646   663   801   568  1130          
GE23    1940  1021  1291  1272  1590  1768  1143   621   654   512   847          
GE23    1950   893   920   908   805  1254  1272   931   657   922   963          
GE23    1960   800   439   534   600   777   577   502   431   414   380          
GE23    1970   453   446   515   580   459   421   470   405   439   402          
GE23    1980   359   386   412   594   348   222   221   280   325   318          
GE23    1990   320   352   258   293   270   330   286   223   218   179          
GE23    2000   325   392   329   355   275   348   314 -9999                      
GE24    1749  2112                                                                
GE24    1750  2389  1481   975   586   901   862   195    85   308   844          
GE24    1760  1208  1463  1333  1012  1249  1148   913  1280  1204   742          
GE24    1770   234   360   309   341   361   392   655   520   597   714          
GE24    1780   880   593   740   582   443   730   571   538   744   808          
GE24    1790   466   948   817   488   677   695   671   801   643   708          
GE24    1800   759   715   640   934  1048  1057   932   686   603   900          
GE24    1810   995   576   713   672   581   632   395   570   236   726          
GE24    1820  1096   921  1093   680  1023   986  1245  1474  1841  1831          
GE24    1830  1541  1398  1819  1238  1168   686   507   670   579   634          
GE24    1840   412   581   565   709   434   350   469   955   994   675          
GE24    1850   879   772  1043  1159  1170   972   968  1188  1479  1616          
GE24    1860  1089  1485  1541  1847  1683  1347  1131  1253  1846  1419          
GE24    1870  1185  1300  1434  1240  1351  1017   848   892  1000   499          
GE24    1880   735   507   325   342   375   341   375   441   450   626          
GE24    1890   860  1182  1172  1282  1352   879   686   746   711   521          
GE24    1900   476   652   530   615   581   726   653   535   451   597          
GE24    1910   949  1215  1407  1434  1412  1109   136    83   146   142          
GE24    1920   122   158   110   185   271   298   342   466   488   313          
GE24    1930   367   487   574   429   358   237   243   462   428   459          
GE24    1940   354   522   473   590   474   577   602   546   638   467          
GE24    1950   601   606   842  1028   890  1004   741   704   564   847          
GE24    1960   743   629   559   887   923   889   737   830   535   524          
GE24    1970   605   611   447   387   473   483   753   646   577  1144          
GE24    1980  1341  1227  1055  1323  1380  1307   957  1163  1276  1336          
GE24    1990  1113   931   856   811   869   923   655 -9999                      
GE25    1714  1309  1953  1089  1083   798   580                                  
GE25    1720   850   918  1103  1064  1433  1479   993   678   869   655          
GE25    1730   678   509   600   754  1403  1466  1050  1053  1038   608          
GE25    1740   402   477   514   449   604   458   388   489   647   706          
GE25    1750   826   729   641   636   438   513   468   338   336   519          
GE25    1760   355   616   644   890   991   756  1094  1022   989   927          
GE25    1770   469   324   334   324   339   413   621   664   728   625          
GE25    1780   893   851   722   822  1025  1340  1136   979   777   816          
GE25    1790   887   877   537   428   591   512   482   448   389   469          
GE25    1800   459   600   687   884  1191  1148  1146  1194   961   980          
GE25    1810  1085  1023  1191   911   927   815   726   552   669   956          
GE25    1820   790   623   599   859  1463  1254  1154  1318  1459  1212          
GE25    1830   990   995   836   600   752   754   672   874   762   664          
GE25    1840   496   545   590   638   590   479   625   781   718   743          
GE25    1850   920   741   661   647   574   753   442   533   625   676          
GE25    1860   708   713   615   733   871   831   810   701   741   568          
GE25    1870   550   534   471   380   394   507   523   450   353   281          
GE25    1880   364   372   371   360   404   380   412   527   672   923          
GE25    1890   855   727   598   679   624   595   624   427   298   298          
GE25    1900   227   240   255   263   335   371   319   249   231   289          
GE25    1910   353   323   372   359   486   474   505   428   496   573          
GE25    1920   567   554   310   317   391   398   438   439   204   248          
GE25    1930   364   423   354   327   306   416   398   457   332   417          
GE25    1940   461   527   424   447   486   258   322   281   324   333          
GE25    1950   369   524   500   549   484   478   460   680   616   607          
GE25    1960   548   372   561   625   787   666   554   640   446   684          
GE25    1970   636   613   702   642   544   641   435   500   586   740          
GE25    1980   496   582   570   663   572   566   540   660   631   691          
GE25    1990   718   699   488   467   554   638   567   501   400   432          
GE25    2000   636   897   721   698   721   601   722   673   750 -9999          
GE26    1789  1373                                                                
GE26    1790   850   730   890   354   377   422   242   650   805   405          
GE26    1800   450   504   720  1057  1458  1171   923   940  1000  1101          
GE26    1810   804   659   517   910  1106  1018   706   711   426   489          
GE26    1820   679   543   712   705  1193   840  1011  1499  1197   888          
GE26    1830   484   480   469   578   609  1046   620   774   420   358          
GE26    1840   360   502   562   741  1453  1711  1686  1043  1545  1084          
GE26    1850  1422   750   938   629   742   808   948  1476  1251  1772          
GE26    1860  1690  1690  1672  1959  1756  1238  1131   884  1799  1673          
GE26    1870  1292   998   979   769   935  1238  1339   973  1086   407          
GE26    1880   758   783  1143   993   958   719   867  1149   996  1119          
GE26    1890   955   862   984  1072   837   779   606   345   479   475          
GE26    1900   412   555   402   359   502   666   419   378   418   299          
GE26    1910   466   662   757   674   585   455   217    89   149   219          
GE26    1920   299   491   289   187   299   636   722   540   265   322          
GE26    1930   417   341   565   621   357   308   317   270   227   328          
GE26    1940   271   345   301   300   270   205   241   143   142   235          
GE26    1950   267   159   121   167   169   251   194   179   203   160          
GE26    1960   187   136   151   155   198   190   141   168   199   304          
GE26    1970   241   294   372   299   198   212   241   209   162   146          
GE26    1980   142   203   242   298   196   124   152   162   243   274          
GE26    1990   372   506   344   328   311   316   255   328   305   348          
GE26    2000   547   525   406   319   386   302   356   295   304 -9999          
GE30    1859  2064                                                                
GE30    1860  1101  1502  2242  3052  2812  2036  1655  1426  2163  1866          
GE30    1870  2984  2765  2954  2698  2505  2084  1588   820  1373   870          
GE30    1880  1110  1315  1459  1262  1369  1534  1388  1664  1686  2176          
GE30    1890  1814  2044  1874  2451  2303  1776  1658  1098  1370  1357          
GE30    1900  1185  1339  1126  1516  1355  2099  2085  1717  1634  1627          
GE30    1910  2066  2371  2234  2810  3087  2975  3133  2489  2840  2725          
GE30    1920  1885  3266  3349  3010  3353  2965  3141  2607  2063  1985          
GE30    1930  2253  2082  2353  2940  2263  2429  2466  2379  2417  2306          
GE30    1940  1911  2027  2362  2525  2433  2458  1848  1895  1170  1158          
GE30    1950  1135   944   958   989  1967  1932  1252  1285  1543  1498          
GE30    1960  1006   645  1000  1008  1073  1106  1507  1631  1431  1308          
GE30    1970  1219  1866  2130  1536  1519  1462  1862  1215  1229  1564          
GE30    1980  1513  1964  1648  1665  1478  1095  1287  1439  1357  1528          
GE30    1990  1778  2027  1742  1810  1582  1638  1217   998   915  1503          
GE30    2000  1822  1689  1839  1869  1734  1468  1615  1660  2155 -9999          
GE31    1811   558   390   455   408   432   438   362   198   227                
GE31    1820   329   303   379   398   487   697   859  1178  1215  1073          
GE31    1830   716   732  1182   803   686   623   449   399   359   272          
GE31    1840   167   180   275   398   475   549   721   592   503   580          
GE31    1850   545   418   354   488   444   530   465   854   897  1283          
GE31    1860   828   840   910   961   830   934   794   880  1171   684          
GE31    1870   969   909  1144   915  1164   924   769   808   786   677          
GE31    1880  1262  1471  1200   763   934   900   637   724   689   717          
GE31    1890   992  1315  1233  1017  1056   850   730   792   546   547          
GE31    1900  1040  1059   625   832   858   987   809   700   724   753          
GE31    1910   782   976   969   944  1281  1003  1155  1265  1629  1221          
GE31    1920  1135  1492  1136  1214  1151  1256  1341   873   711  1015          
GE31    1930   926  1102  1063  1251  1076  1048   897  1012  1027  1231          
GE31    1940   985  1026  1250  1140  1193  1349  1111  1257  1001  1170          
GE31    1950  1471  1068   891   802  1165  1273  1098  1173  1113   969          
GE31    1960  1150   714   929   938  1225  1216   954  1179   949   978          
GE31    1970  1108  1139  1264  1305  1184  1172  1016   925  1291  1269          
GE31    1980  1321  1430  1238  1389  1213  1004   845   901   939  1328          
GE31    1990  1382  1426  1205  1217   866  1290  1162  1614  1150  1177          
GE31    2000  1386  1322  1350  1076   863   947  1257  1189  1354 -9999          
GE32    1735  1517  1585  2267  2338  1502                                        
GE32    1740   777   530   961  1742  1923  1357  2079  2193  1817  2110          
GE32    1750  1891  1320  1408  1768  1744  2184  1642  1036  1422  1816          
GE32    1760  1862  2649  1735  1314  1393  1607  1527  1699  1500  1844          
GE32    1770   982   503   544   570  1066  1282  1712  2161  1870  2199          
GE32    1780  2394  2164  1599  1466  1284  1682  1572  1812  1387  1579          
GE32    1790  1322  1292   757   489   914   987  1138  1339  1372  1268          
GE32    1800   820  1039  1215  1192  1180  1453  1358  1753  1879  1550          
GE32    1810  1418  1088  1107  1082   874   720   419   290   275   460          
GE32    1820   488   837   947  1088  1408  1338  1135  1079  1168  1346          
GE32    1830  1540  2093  1723  1276   931   835   439   461   464   409          
GE32    1840   265   422   378   678   706   813   728   888  1122  1081          
GE32    1850  1125   821   546   860   941   826   666   809   809   514          
GE32    1860   285   285   209   309   373   572   632   398   700   713          
GE32    1870   868   804   609   656   706   763   581    89   127     0          
GE32    1880     0     0     0    79    74   120   120   119   194   370          
GE32    1890   490   430   657   503   473   245   217   324   195   146          
GE32    1900   259   237   368   372   388   404   576   346   259   201          
GE32    1910   263   361   398   521   512   636   551   447   291   410          
GE32    1920   285   633   472   514   401   461   838   661   219   296          
GE32    1930   476   355   635   606   466   555   434   457   680  1027          
GE32    1940   551   668   636   503   584   448   492   288   213   290          
GE32    1950   384   277   283   309   518   666   645   246   274   279          
GE32    1960   421   191   169   224   339   312   302   204   163   112          
GE32    1970   145   318   278   506   472   515  1030  1003   940   861          
GE32    1980   559   411   488   315   190   103   128   137   293   327          
GE32    1990   382   580   562   584   430   571   691   587   301   300          
GE32    2000   736   887  1032  1326  1336   558   529   644   669 -9999          
GE33    1766   636   651   982  1035                                              
GE33    1770   496  1213  1348  1262  1513   990   491   470   210   237          
GE33    1780   387   300   322   720   710   419   406   384   432   479          
GE33    1790   609   426   323   471   309   189   202   214   262   194          
GE33    1800   181   121   237   277   248   118   169   212   149   174          
GE33    1810   262   188   241   253   224   242   162   122   155    91          
GE33    1820   111   197   289   178   204   194   220   254   400   512          
GE33    1830   342   293   453   344   304   322   195   337   333   361          
GE33    1840   185   187   277   563   698   451   432   669   426   378          
GE33    1850   524   559   677   662   620   694   643   717   900  1072          
GE33    1860   981  1340  1222  1310  1423  1685  1421  1260  1135   933          
GE33    1870  1130   884   714   594   730   544   609   634   736   494          
GE33    1880   485   469   469   542   615   571   572   622   728   869          
GE33    1890  1006   982  1044  1047   858   714   883  1082  1262  1187          
GE33    1900  1242  1430   739   793  1131   953   767   733   633   861          
GE33    1910   782  1192  1337  1291  1178  1027  1235   947  1239   993          
GE33    1920   865  1073   711   576   586   761   941   753   434   866          
GE33    1930  1378  1555  1585  1652   990  1442  1254  1533  1451  1360          
GE33    1940  1034  1045   994  1393  1591  1147   788   748   567   712          
GE33    1950   666   677   753   872  1212  1190   768   622   816   812          
GE33    1960   755   402   674   822  1165  1419  1261  1441  1159   967          
GE33    1970   803  1302  1452  1012   714   818   998   683   642   637          
GE33    1980   722   663   590   666   446   405   404   431   493   710          
GE33    1990   805   856   954  1039   915  1170  1167   959   926  1019          
GE33    2000  1465  1232  1367  1061   909   745   820   755   927 -9999          
GE34    1817   864   848  1060                                                    
GE34    1820   932   783  1157  1240  1461  1802  2159  2397  2448  2423          
GE34    1830  2087  2126  2127  2236  2099  1942  1845  2373  1918  1794          
GE34    1840  1625  1289  1424  1522  2494  2571  2747  2367  2278  1713          
GE34    1850  1932  2495  2527  1817  2009  1431  1937  2448  2788  3306          
GE34    1860  2213  2420  2690  2668  2444  2696  2333  2407  1947  1818          
GE34    1870  1895  1615  1789  1667  2073  1911  1562  1309  1716   801          
GE34    1880  1689  1154  1677  1198  1380  1049  1096  1441  1348  1542          
GE34    1890  1508  1447  1566  1712   994  1053   899  1006  1242  1099          
GE34    1900   857  1005   713   994  1114   996   846   679   808  1050          
GE34    1910  1555  1679  1189   895   971   921   732   581  1170  1027          
GE34    1920   604   894   743   877   927  1263  1518   954   723   975          
GE34    1930  1112   991  1154  1320  1009  1074  1263  1233  1294  1489          
GE34    1940  1065  1185  1262  1119  1198  1204   576   503   468   484          
GE34    1950   585   505   557   544   797  1371   981   398   716  1114          
GE34    1960   916   621   577   733   854   872   798   973   693   984          
GE34    1970  1047  1457  1295   927  1044  1163  1183   965   989  1058          
GE34    1980   823   891  1707  1179  1385  1340  1129  1383  1363  1893          
GE34    1990  1830  1493  1158  1254  1110  1671  1783  1698  1131  1256          
GE34    2000  1289  1329  1279  1304  1410  1224  1560  1758  1831 -9999          
