GGE01   1848  2724  2982
GGE01   1850  2812  2774  3148  1521  2028  1392  1752  1704  1703  2296
GGE01   1860  2041  1579  1491  2026  1797  1822  1867  1643  1357  1864
GGE01   1870  2507  2167  1538  1769  1362  1202  1690  1205  1423  1114
GGE01   1880  1649  1376  1217  1121  1207  1236   861   863   946   649
GGE01   1890   735   745  1012  1073  1468  1459  1107  1277  1183   901
GGE01   1900  1176  1326   923  1252  1071  1145  1347  1091  1132  1612
GGE01   1910  1411  1249   713  1176  1166  1050   868   879  1239  1068
GGE01   1920   826  1154  1016  1175  1028  1219  1102  1250   912  1144
GGE01   1930  1101  1155   583   923  1167  1017   858   668   646     0
GGE01   1940   689   944   828   827   795   763   606  1124  1059   667
GGE01   1950   901  1093   890   763   566   979   948  1760  1442  1278
GGE01   1960  1411   868  1062   891  1038  1082   531   862   783   805
GGE01   1970 -9999
GGE02   1766  1644  1629  1759  1416
GGE02   1770  1714  1542   917  1237  1014  1323  1004  1995  1837  1403
GGE02   1780  1788  1948  2308  1525  1775  1961  1610  1811  2330  1624
GGE02   1790  1775  2163  1697  1845  1503  1041  1813  1510  1676  1879
GGE02   1800  2075  1305  1738  1504  1208  1206  1432  1308  1005   891
GGE02   1810   795  1243   424   487   868  1223  1073   986   741  1302
GGE02   1820  1164  1058  1358  1410  1030   743   889   954   744   805
GGE02   1830  1035  1568  1353  1032  1121   675   569   482   451   383
GGE02   1840   441   439   722  1167   700  1088  1502  1284  1322  1363
GGE02   1850   991  1112  1503  1093  1173  1078   824  1146  1201  1636
GGE02   1860  1037  1008   606   891  1039  1080  1187  1014  1080  1321
GGE02   1870  1251  1031   606   578   691   682   633   564   468   445
GGE02   1880   483   408   303   370   505   720   871  1128  1101  1334
GGE02   1890  1017   834   712   808   616   443   443   933  1256   629
GGE02   1900   498   485   503   714  1060   743   766   589   540   673
GGE02   1910   408   592   242   313   513   402   328   392   301   382
GGE02   1920   321   532   459   582   589   597   576   555   348   435
GGE02   1930   532   709   947   747  1021  1327  1076   746   470   488
GGE02   1940   435   653   588   381   482   506   429   518   540   806
GGE02   1950  1001   697   552   747   756   857   633   503   455   379
GGE02   1960   506   521   598   643   564   501   549   943   753   609
GGE02   1970   399   439   426   496   521   711   442   447   573   486
GGE02   1980   409   386   513   390   404   339   312   370   444   527
GGE02   1990   252   266   302   267   413   561   718  1029   891   668
GGE02   2000   677   426   368   294   350   228   312   326   245   212
GGE02   2010 -9999
GGE03   1803  3408  3908  4287  3991  4064  4106  3239
GGE03   1810  2224  2868  2446  3904  3348  3813  2319  2485  1930  2748
GGE03   1820  2308  1892  3117  2872  2098  2727  1917  1950  2023  1905
GGE03   1830  2088  1746   876  1202  1403  1062   847   860  1114   542
GGE03   1840   447   355   720   861   843   839  1235  1412  1801  1724
GGE03   1850  1613  1194   951   865  1049  1386  1713  1432  1812  1842
GGE03   1860  1677  1818  1292  1430  1271  1219  1004  1186  1670  2082
GGE03   1870  2627  2300  1895  1785  2012  2046  1589  1199  1430  1272
GGE03   1880  2067  1473  2296  1725  1821  1725  1513  1810  1483  1641
GGE03   1890  1779  1366  1398  1556  1123  1328  1418  1517  1741  1865
GGE03   1900  2246  1958  1619  1610  1525  1355  1663  1706  1610  1662
GGE03   1910  1778  2054  1709  1376  1407  1710  1716  2256  3314  2138
GGE03   1920  2574  2367  2264  1976  1823  1777  2048  1690  1522  1932
GGE03   1930  1609  1933  2109  2649  2193  1963  1485  1414  1348  1486
GGE03   1940  1470  1401  1410  1607  1625  1377  1245  1761  1605  1959
GGE03   1950  1693  1588  1714  1990  1598  1556  1292  1387  1240  1219
GGE03   1960  1026  1166  1080  1123  1137  1005  1071  1623  1327  1179
GGE03   1970  1385  1434  1169  1455  1219   925  1219   851   942  1040
GGE03   1980   903  1134   913   998   965   956   925  1365  1117  1010
GGE03   1990  1170   922  1097   829   832  1259  1289  1223  1065  1161
GGE03   2000  1328   997  1014  1113  1182   925   880   991   885   894
GGE03   2010 -9999
GGE04   1850   736  1154  1507   693  1317  1248  1344  2054  1090  1154
GGE04   1860  1101  1233  1525  1576  1715  2311  2989  1483  2027  3128
GGE04   1870  2709  2015  1200  2012  2006  2023  2064  1651  1175  1593
GGE04   1880  1612  1673  1746  1534  1524  1938  1443  1072  1264   827
GGE04   1890  1412  1135  1062  1327  1264  1164  1269  1931  1846  2668
GGE04   1900  2722  2484  2230  1916  2129  1864  2457  1441  1440  1906
GGE04   1910  1927  1761  1773  2104  2635  2315  2019  1656  1627  2136
GGE04   1920  1845  1724  1435  1392  1084  1263  1402  1012  1001  1138
GGE04   1930  1272  1877  2045  1592  1686  2387  2002  1408  1557  1081
GGE04   1940   879  1102   784  1017   901  1450  1231  2005  2469  3178
GGE04   1950  2162  1758  1302  1536  1312  1843  1320  1127  1481  1271
GGE04   1960  1625   950  1397  1838  1356  1151  1226  1215  1281   986
GGE04   1970  1144  1124  1370  1320  1181  1007  1200  1100  1310  1286
GGE04   1980   870   695   840   680   745   647   713   786   978  1137
GGE04   1990  1319  1041   872   637   480   627   540   838   552   462
GGE04   2000   372   462   301   405   355   396   485   405   418   535
GGE04   2010 -9999
GGE05   1870  1260   967  1508  1909  1772  1867  1387  1016   853   710
GGE05   1880  1242   634  1101   875   853  1111  1038   926   854  1041
GGE05   1890   935   755  1104   616   500   478   774  1458  1487  1418
GGE05   1900  1149  1580  1046  1290  1025   779  1184   684   735   756
GGE05   1910   762   608   672   769   758   911  1253  1150  1268  1172
GGE05   1920   819  1044   991   819   821   661   764   559   493   708
GGE05   1930   750  1265  1486  1649  1677  2920  2095  1988  1775  1292
GGE05   1940  1215  1158  1072  1664  1780  1811  1514  1691  2019  2705
GGE05   1950  2053  2575  3325  2961  2289  2177  1805  1751  1710  1699
GGE05   1960  2092  1327  1678  1825  1960  1916  1885  2270  2344  1756
GGE05   1970  1963  1901  1603  2428  2627  2179  2429  2247  2213  1672
GGE05   1980  1474  1335  1555  2223  2212  1704  2191  3185  3473  3791
GGE05   1990  2968  2594  2924  2785  2583  2214  2513  2096  1831  2437
GGE05   2000  2931  2103  1709  2256  1883  2385  2841  2723  2216  2576
GGE05   2010 -9999
GGE06   1928  1691  1515
GGE06   1930  1253  1548  1232  2431  4257  3711  3722  2821  2634  2574
GGE06   1940  1517  1746  1366  2373  2563  2445  1795  2321  2014  2724
GGE06   1950  2397  1184  1444  2047  1278  1601  1518  1113  1796  1885
GGE06   1960  1675  1775  2016  1795  2250  2237  2637  2863  2572  2342
GGE06   1970  2434  1893  3642  2538  1575  1402  1995  1355   876  1108
GGE06   1980   990  1018  1222   919  1398   682   801  1414  1385  2097
GGE06   1990  1597  2248  2136  1685  1307  1140  1562  1443  1686  1672
GGE06   2000  1491  1907  2144  1230  2046  1361  1568  1114   795  1040
GGE06   2010 -9999
GGE07   1881  2936  2609  2492  2785  2659  2823  2876  2646  3149
GGE07   1890  3511  2986  2976  3505  3377  2738  2152  2816  3031  2763
GGE07   1900  2311  2602  2534  2783  2945  2942  2739  2577  2374  2354
GGE07   1910  3070  3192  2050  2736  2547  2075  2300  1877  1726  1988
GGE07   1920  1699  1998  1938  1448  1732  2048  2805  1900  2177  1895
GGE07   1930  1645  1728  3019  2781  1965  2040  1283  1719  2306  1527
GGE07   1940  1253  1655  1688  2127  1833  1981  1647  1688  1789  2205
GGE07   1950  2201  1771  1730  1946  1730  2008  1671  2166  1848  1898
GGE07   1960  1730  1985  1846  1823  2243  1375  1450  1657  1591  1361
GGE07   1970  1704  1446  1561  1438  1371  1597  1714  1201  1083  1055
GGE07   1980  1001  1076  1489  1428  1092   883  1135  2192  2358  2474
GGE07   1990  2578  1978  2092  1982  1913  1484  1619  2137  2045  2911
GGE07   2000  3105  2541  3143  2554  3428  3450  3085  3275  3302  3438
GGE07   2010 -9999
GGE08   1864  4229  4254  3455  3562  4391  4336
GGE08   1870  3848  3912  4359  4729  4469  3042  3421  2460  2726  2302
GGE08   1880  2887  2416  2420  2150  2411  2103  2029  2370  2353  1999
GGE08   1890  2353  1773  1901  1487  1974  1690  1911  2030  2359  1710
GGE08   1900  1693  1810  1835  1875  2030  2167  1497  1633  1422  1948
GGE08   1910  2420  2834  1767  2610  3033  2948  2866  2634  2588  2887
GGE08   1920  2276  2916  2524  2442  2076  1860  2173  2212  1680  1930
GGE08   1930  1890  1873  2187  1718  1283  1902  1646  1213  1524  1774
GGE08   1940  1147  1139  1411  1887  1865  2200  1839  1815  1868  2370
GGE08   1950  1472  1388  1612  1898  1264  1839  1443  1442  1750  2208
GGE08   1960  1125  1210  2087  1705  1569  1354  1641  1746  1323  1344
GGE08   1970  1344  1271  1696  1210  1474  1436  1540  1196  1690  1560
GGE08   1980  1408  1154   963   805   816   678   497   532   891   944
GGE08   1990   828   965   945   382   467   393   487   497   730   477
GGE08   2000   645   678   963   698   572   890   678   741 -9999
GGEB1   1929  2109
GGEB1   1930  1795  2421  1339  1327  1971  1370  1918  1568  1880  1555
GGEB1   1940  1240  1424  1547  2074  1674  2466  1589  2275  1960  2424
GGEB1   1950  2720  2074  1725  1789  1291  1492  1397  1016  1334  1248
GGEB1   1960  1229   921  1016   952  1281  1312  1312  1493  1164   880
GGEB1   1970   805  1111  1536  1144  1123  1018   921   846   985   973
GGEB1   1980   974   910  1132  1361  1223   895   804  1346  1277  1289
GGEB1   1990  1673  1441  1807  1720  1597  1327 -9999
GGEB2   1879  2300
GGEB2   1880  3216  1966  2538  1916  3192  2569  2548  2078  2100  1842
GGEB2   1890  1972  1515  1517  1761  1974  1872  2055  3165  4476  2847
GGEB2   1900  3387  3218  2414  2966  3027  2572  3273  2723  2533  2596
GGEB2   1910  2626  2605  2170  2679  2138  3018  2424  2299  3037  3094
GGEB2   1920  2436  2996  2309  2583  1949  2266  2447  1814  2664  3411
GGEB2   1930  2866  3304  4463  5717  5399  4077  4257  3337  2027  1736
GGEB2   1940  1556  2287  1717  2604  2383  2402  1863  2190  2223  4226
GGEB2   1950  3188  3018  2829  3428  2631  2876  2098  1790  2073  1669
GGEB2   1960  1883  1369  1601  1824  2121  1974  1835  3138  3236  2578
GGEB2   1970  2420  2441  2593  2784  2328  2370  2243  1283  1144  1607
GGEB2   1980  1833  1899  1898  1732  1526  1250  2202  3116  2330  2339
GGEB2   1990  1853  1570  1326  1197   988  1308  1217  1007   955   773
GGEB2   2000  1169  1042  1063  1074  1133  1070  1195  1085   879   794
GGEB2   2010 -9999
GGM03   1784  1679  1916  1871  1302  1292  1411
GGM03   1790  1341  1267  1203   966   791  1066  1240  3259  2035  1354
GGM03   1800  1173   979  1320  1259  1585  1823  1320  1235   961  1161
GGM03   1810  1160  1507  1227   898   601   762  1066  1384   972  1757
GGM03   1820  1464  1375  1317  1292  2055  2502  2046  2468  1460  1940
GGM03   1830  3011  2898  2502  2270  1703  1590  1473   978  1135  1263
GGM03   1840  1775  1630   921  1188  1158  1443  1270  1320  1430  1261
GGM03   1850  1063  1636  1708  1465  1663  1569  1322  2106  2526  3059
GGM03   1860  2770  2524  1890  1994  1615  1700  1230  1173  1851  2441
GGM03   1870  2384  2400  2396  2919  2890  2484  2313  2024  1510  1324
GGM03   1880  1132  1257  1021  1075  1813  2220  1642  1607  2147  1298
GGM03   1890  1413  1123  1075  1328  1531  1750  1909  2659  2931  2170
GGM03   1900  2538  1850  1028   812  1371  1508  1140   994   696   781
GGM03   1910   798   877   727   739   641   894   849   876  1005  1344
GGM03   1920  1291  1546  1492  1545  1620  1790  1835  1323   773   752
GGM03   1930   889   603   625   508   593   550   540   572   985  1492
GGM03   1940   996  1313   688   827   932  1673   858  1145  1143  1589
GGM03   1950  1175  1122   891   667   900  1312  1396  1416  1438  1585
GGM03   1960  1661   747   869  1028  1410  2152  2270  2294  1849  1900
GGM03   1970  1669  1107  1003  1104   693   873   928   732   689   937
GGM03   1980   927   992   952  1014   717   749   577   762   687   831
GGM03   1990   648   671   625   331   341   467   458   499   434   413
GGM03   2000   741   994  1112   973  1185   880   785   668   698   730
GGM03   2010 -9999
GGM04   1793   614   583   582   733   942   879   709
GGM04   1800   625   795  1793  1265  1842  1476  1132  1403  1121  1237
GGM04   1810  1644  2171  1506  1013  1168  1360  2138  2225  1579  1929
GGM04   1820  1346  1473  1504  1959  1927  2436  1609  1684  1313  1397
GGM04   1830  1736  2053  1471  1270  1397  1291  1122  1048  1069  1302
GGM04   1840  1354  1588  1122  1610  1757  1547  1546  1652  1481  1303
GGM04   1850  1355  1259  1217   932   932  1016  1081   942  1282  1059
GGM04   1860  1219  1103   903   911   741   710   699   721  1132  1324
GGM04   1870  1420  1536  1463  1511  1852  1954  1285  1024   756   803
GGM04   1880  1146  1018   870   944  1124  1144   998   979  1017   942
GGM04   1890  1358  1083   900   912   954   840   927  1052  1608  1040
GGM04   1900  1388  1309  1030  1218  1254  1456   866   632   571   508
GGM04   1910   776  1155  1158   936   853   776  1077  1004   886   963
GGM04   1920   931  1034   949   928   660   682   566   544   289   372
GGM04   1930   525   660   577   777   822   800   680   703   876   910
GGM04   1940   703   851   235   202   332   544   606   447   426   597
GGM04   1950   669   582   424   317   233   275   349   382   529   635
GGM04   1960   635   520   752   764   596   489   403   455   329   371
GGM04   1970   307   308   338   275   244   264   299   329   275   361
GGM04   1980   265   276   159   213   211   308   129   298   289   213
GGM04   1990   148   119   107     0     0   118   127   138   183   107
GGM04   2000   190   265   457   393   424   499   381   318   286   170
GGM04   2010 -9999
GGM05   1885  6444  4511  4453  3451  3084
GGM05   1890  5056  4118  5482  5194  5455     0  6868  4625  5369  4484
GGM05   1900  4265  3799  3343  4056  4469  4382  3703  2666  3247  2823
GGM05   1910  3441  3596  3195  4506  4065  2823  2778  2445  3002  4583
GGM05   1920  2677  2965  2539  2644  2340  2995  2434  2367  2297  2620
GGM05   1930  1841  1597  2321  2641  2047  3289  2529  2165  1795  2026
GGM05   1940  1496  1780  1063   794  3436  3072  1922  2200  2379  2737
GGM05   1950  2256  1661  1893  1159  1402  1912  1627  1869  1452  1683
GGM05   1960  1470  1314  1267  1294  1681  1590  1352  1721  1330  1282
GGM05   1970  1199  1323  1674  1856  1502  1424  1478  1232  1167  1482
GGM05   1980  1528  1474  1214  1250  1503  1359  1268  1346  1666  1611
GGM05   1990  1445  1459  1256  1132   876   870   917   998  1017   578
GGM05   2000   961  1116  1223  1546  1144   996  1338   918   827   785
GGM05   2010 -9999
GGM06   1894  1430  1323  1345  1507  1695  1657
GGM06   1900  1325  1302  1033  1383  1760  1788  1608  1550  1371  1895
GGM06   1910  2467  2319  1922  2520  2139  1659  1924  2002  1624  1855
GGM06   1920  2093  2287  1815  2087  2507  3233  3423  2309  2444  2138
GGM06   1930  1547  2451  2025  2983  2099  1688  2309  2309  1782  1481
GGM06   1940  1117  1736  1926  2798  2554  1939  1841  2259  1849  2339
GGM06   1950  1386   984   543   487   477   561   743   910  1059  1260
GGM06   1960  1652  1428  2193  2830  2935  2727  2205  2685  2955  1969
GGM06   1970  2035  1631  2963  2015  1731  1803  1931  1590  1610  1636
GGM06   1980   942  1099  1214  1351  1968  1302   677   947   901   891
GGM06   1990   670   776   901   919  1186   974   551   632   611   854
GGM06   2000  1517  2026  1603  1897  1730  1609  1312  1242  1456 -9999
GGM07   1747  2277  1863  1968
GGM07   1750  2086  1728  2065  2064  2540  2148  2371  2075  1800  1716
GGM07   1760  1715  2171  2444  2530  2191  1291   952  1334  1418  1524
GGM07   1770  1566  1418  1397  1186  1365  1598  1282  1365  1197   968
GGM07   1780  1051  1102   954   964  1387  1484  1133  1176  1251  1621
GGM07   1790  1643  1280   709   720   804   709   667   794   593   846
GGM07   1800   826   635   793   837   825  1196  1143  1027   900   954
GGM07   1810   921   965   889   816  1502  1440  1111   921   561   624
GGM07   1820   201   244   213   255   191   111   105   159     0     0
GGM07   1830     0     0     0     0     0     0     0     0   118    86
GGM07   1840   137   181   328   614   582  1439  1334   818   678   670
GGM07   1850   621   565   608   502   646     0   682   905   824   742
GGM07   1860   696   847   583   550   365   614   711   813   588   771
GGM07   1870   949   995   860   872  1220   905   973   714   690   733
GGM07   1880   667   575   573   489   550   479   413   552   688   709
GGM07   1890   772   688   783   783   688   942   848   709   836   932
GGM07   1900   973   954   827   911  1187  1145   784   743   646   807
GGM07   1910   965   925   487   357   302   444   420   528   482   505
GGM07   1920   469   533   588   414   365   555   517   365   214   237
GGM07   1930   303   289   364   332   449   632   447   331   373   480
GGM07   1940   512   533   278   312   405   545   468   371   487   509
GGM07   1950   478   361   266   256   256   363   396   205   262   192
GGM07   1960   172    97   214   228   170   247   142   160   129   202
GGM07   1970   172   140   118   129   140   193   193   160   107   140
GGM07   1980   137   150   159   161   160   138   148   171   149   148
GGM07   1990   159   129   173   149   107   140   202   196 -9999
GGM08   1752  1027  1113   682  1014   815   587   350   655
GGM08   1760   813   569   661   490   655   578   540   570   668   960
GGM08   1770   706   376   292   464   360   570   556   367   618   605
GGM08   1780   220   260   239   349   359   347   355   441   402   301
GGM08   1790   173   475   527   444   489   263   197   285   226   151
GGM08   1800   159   226   501   564   646   675   576   534   608   631
GGM08   1810   758  1019   921   911  1022  1279  1086  1320  1441  1463
GGM08   1820  1289  1591  1372  1338  1581  1456  1245  1198  1511  1594
GGM08   1830  1758  1648   930  1093  1264  1063   725   746   727   786
GGM08   1840   871   998   732   951   720   871  1041   919   970  1041
GGM08   1850   977   887   964   676   806   578   603  1090  1176  1294
GGM08   1860  1085   909   962   942   734   593   486   352   238   205
GGM08   1870   268   249   372   393   386   270   341   344   364   168
GGM08   1880   380   229   277   196   326   336   358   402   524   644
GGM08   1890   685   530   743   934   938   897   911  1009  1202  1276
GGM08   1900  1311  1389  1017  1363  1690  1758  1689  1063   914   724
GGM08   1910   964   891   699   698   657   805   624   720   713  1079
GGM08   1920  1058   913   890   795   742   817  1198  1090   964  1281
GGM08   1930   984  1137  1299  1764  1435  1819  1390  1288  1471  1144
GGM08   1940  1038  1283   837  1060  1041  1867  1105  1103   990   889
GGM08   1950   910  1035   763   723   404   741   636   639   632   800
GGM08   1960  1003  1047  1438  1608  1557  1217  1292  1419  1259  1218
GGM08   1970   955  1101   943   900   689   932   435   487   614   635
GGM08   1980   563   412   540   340   362   311   358   482   433   478
GGM08   1990   414   307   362   314   308   254   207   297   148   414
GGM08   2000   413   587   404   424   595 -9999
GGM10i  1839  1567
GGM10i  1840  2466  2973  3576  3596  3543  3960  4090  3019  2875  2580
GGM10i  1850  2397  2438  2306  2364  2955  3050  2602  2611  2612  2845
GGM10i  1860  2901  3387  3558  3993  3374  3368  2169  2598  3667  2959
GGM10i  1870  2567  2762  2398  2749  3800  4259  3301  2818  2463  1491
GGM10i  1880  1808  1559  1626  1650  1751  1868  1447  1664  1396  1792
GGM10i  1890  2423  2759  2724  3216  3128  2755  3032  3198  3016  2852
GGM10i  1900  2904  2083  2066  2095  2470  2736  2447  1976  2203  1598
GGM10i  1910  1791  2170  1142  1483  1392  1341  1814  1568  1679  1750
GGM10i  1920  1759  2222  1862  2288  2179  1765  2512  2202  1312  1333
GGM10i  1930  1243   941  1097  1239  1105   985  1108  1126  1435  1227
GGM10i  1940  1165  1122  1250  1867  2127  2107  1770  1433  1695  1957
GGM10i  1950  1444  1320  1463  1356   885   955   786   922   996   815
GGM10i  1960   783   741   743   741   912  1006   914   695   525   677
GGM10i  1970   621   637   802   630   439   703   506   472   728   673
GGM10i  1980   700   893   847   853   799   987  1142  1528  1566  1588
GGM10i  1990  1597  1580  1233  1084  1105  1328  1190  1651  1175   773
GGM10i  2000  1167  1526  1211  1688  1829  1305  1008   916   808  1116
GGM10i  2010 -9999
GGM10ii 1766   944   804   932   867
GGM10ii 1770   933  1005  1111  1018   751   844   717   636   692   801
GGM10ii 1780   589   592   596   707   860  1057   810   989   920   937
GGM10ii 1790  1212  1146   752   691   929  1078  1333   879   778   593
GGM10ii 1800  1094   922  2128  1504  1525  1249  1165   794  1233  1953
GGM10ii 1810  2090  1956  1679  1366  1302  1403  1531  1649  1193  1709
GGM10ii 1820  1625  1753  2511  1957  3080  2359  1761  1782  2502  3109
GGM10ii 1830  2640  3003  2446  1793  2098  1448  1156   866   849   774
GGM10ii 1840   914  1970  1673  1620  1206  1452  1227  1323  2066  2670
GGM10ii 1850  1979  2323  1781  1166  1866  1654  1760  3138  3607  2100
GGM10ii 1860  2039  1635  1689  1815  1603  1869  1347  1326  1316  1156
GGM10ii 1870  1633  2026  1369  1911  2235  1820  1536  1397  1377   932
GGM10ii 1880  1811  1238   921  1079  1037  1090   911   984  1132   858
GGM10ii 1890  1302   879  1143  1428  1218  1217  1079  1450  1058  1388
GGM10ii 1900  1587  1105   837  1040  1358  1071   721   574   497   572
GGM10ii 1910   585   668   646  1072  1090  1016  1164   974   931  1429
GGM10ii 1920  1291  1302  1334  1090   751   984   762   688   773   878
GGM10ii 1930   921   985  1079  1196  1037  1017  1164  1388  1863  1568
GGM10ii 1940  1143  1302   932  1653  1016  1090  1005   605   666  1219
GGM10ii 1950  1326   786   445   571   508   330   794   996  1345  1198
GGM10ii 1960  1495  1654  1493  1524  1895  1153  1185  1133   942   677
GGM10ii 1970   815   797   382   446   521   763   903   637   381   382
GGM10ii 1980   362   289   330   446   307   329   277   350   339   466
GGM10ii 1990   350   245   328   364   466   488   371   424   297   372
GGM10ii 2000  1902  1935  2421  2246  1930  1783  1579   960   726   762
GGM10ii 2010 -9999
GGW01   1939  2788
GGW01   1940  2739  3075  4052  3727  3325  2479  1943  2093  2409  3851
GGW01   1950  2655  2616  2882  2397  2711  2684  2169  2342  2072  2205
GGW01   1960  2074  1781  2493  2651  2367  2336  2061  2259  2111  2249
GGW01   1970  2111  1914  2144  3022  2690  3018  3485  3202  3041  2069
GGW01   1980  1478  1407  1742  1929  2923  1908  2243  2667  1872  2139
GGW01   1990  2231  2794  2554  2288  2415  2487  2934  3116  1947  2168
GGW01   2000  2584  2148  1889  1890  2036  1750  3067  1978  1835  2317
GGW01   2010 -9999
GGW02   1826  1834  1876  1406  1276
GGW02   1830  1014   970   795  1042   798   787   595   299   420   524
GGW02   1840   473   527   539   711   662   752   466   566   519   503
GGW02   1850   498   757   998   697   848   879  1009  1176  1461  1598
GGW02   1860  1562  1571  1089   893   875   673   711   658   514   438
GGW02   1870   544   596   762  1027   790   563   512   507   336   247
GGW02   1880   294   272   384   275   280   369   327   369   549   539
GGW02   1890   587   489   350   403   423   256   213   332   345   223
GGW02   1900   246   275   265   351   284   322   214   137   185   147
GGW02   1910   133   156    85    81   110     0   119    94    34   100
GGW02   1920   104   201   189     0   157   474  1596  1803  1924  2065
GGW02   1930  2282  2092  2432  3474  2598  2754  2383  2173  2930  3733
GGW02   1940  2095  2549  2051  2414  2686  2664  2127  2514  1944  2696
GGW02   1950  2685  2354  3157  2708  2208  2198  2071  1603  2103  2188
GGW02   1960  1646  1891  2441  3135  3434  3044  2471  3140  2577  1497
GGW02   1970  1176  1030  1994  2068  2241  2683  2774  2297  1949  1652
GGW02   1980  1535  1069  1769  2244  2944  2519  2541  3621  2555  2370
GGW02   1990  2700  2583  2552  2223  2478  2636  2001  2160  1653  1684
GGW02   2000  1906  1642  1546  1387  1281  1398  2128  1917  1757  1642
GGW02   2010 -9999
GGW03   1817  1431   830  1118
GGW03   1820  1145   837   955  1094   965   847   764  1026  1252  1643
GGW03   1830  1566   743   787   841   670   627   570   567   493   509
GGW03   1840   654   625   675   684   603   731   633   993  1015   798
GGW03   1850   612   631   564   370   412   242   564   574   752   573
GGW03   1860   455   332   222   188   114   128   134   180   104   114
GGW03   1870    81     0     0     0     0   137   171   269   148   119
GGW03   1880   171   109   138   110   194   148   352   326   480   581
GGW03   1890   671   606   663   493     0     0     0   646   965   687
GGW03   1900   589   771   499   557   660   479   497   427   384   299
GGW03   1910   256   241   232   252   304   356   313   288   588   688
GGW03   1920   436   724   436   572   331  1150  1498  1617  1121  1112
GGW03   1930  1758  1800  2555  2965  2086  2123  3049  1890  2192  3397
GGW03   1940  2232  2826  2098  2194  2741  2173  1527  1814  2185  2916
GGW03   1950  1644  1386  1630  1461  1227  1281  1164   879   976  1219
GGW03   1960  1569  1631  1792  1653  1910  1852  1976  2217  1625  1206
GGW03   1970   869   880  1040   796   805   795  1145   925   974   881
GGW03   1980   626   724   861  1147  1543  1066  1223  1625  1294  1137
GGW03   1990  1192  1191  1563  1182  1272  1312  1345  1531  1783  1920
GGW03   2000  1735   941   638   583   657   714  1034  1103   857   853
GGW03   2010 -9999
GGW04   1818   470   473
GGW04   1820   581   636   541   386   443   648   801  1329  1455   976
GGW04   1830   868   961   583   928   774   857   794   637   704   704
GGW04   1840   601   533   500   470   490   665   571   732   808  1146
GGW04   1850  1093   965   924   785   660   637   618   447   499   435
GGW04   1860   564   554   392   362   317   500   415   361   722   713
GGW04   1870   873   734   692   649   733   660   720   577   293   215
GGW04   1880   293   280   272   219   239   362   249   208   202   262
GGW04   1890   256   224   267   175   180   234   402   554   402   376
GGW04   1900   400   414   341   547   461   281   208   283   185   228
GGW04   1910   259   303   183   224   216   140   195   204   192   332
GGW04   1920   461   587   490  1241   332   506   493  1013  1238   743
GGW04   1930   883   608   524  1158  1627  1570  1196   825  1067  1720
GGW04   1940  1351  1471  1123  1609   846  1196  1842  3037  2953  3450
GGW04   1950  3048  1884  1556  1387   900   910   762   529   889   921
GGW04   1960   857   910  1387   867   879   666   583   687   741   805
GGW04   1970  1111  1238  1588  1524  1577  1936  1366  1661  1208  1070
GGW04   1980   571   424   583   698  1123  1185  1416  2403  1979  1885
GGW04   1990  2299  2962  2249  1921  2317  1750  2150  1932  1130   857
GGW04   2000   728   611   439   507   542   407   623   339   336   528
GGW04   2010 -9999
GGW05   1851   764  1189   603  1689  1928  2447  2493  2720  2546
GGW05   1860  1829  3061  2955  3030  2891  4012  2483  3238  3533  2948
GGW05   1870  2527  2892  1903  1751  3698  3976  2669  2006  2443  1523
GGW05   1880  2133  1115  1519  2611  2597  1778  1221  1212  1111  1845
GGW05   1890  1754  1606  1887  1440  1237  1233  1289  1246  2175  1526
GGW05   1900  1547  2385  2177  2422  2544  2975  1970  1948  1366  1434
GGW05   1910  1832  1350   955   631   771   686   898   774   562   702
GGW05   1920   997  1135   735  1068  1043  1100   795  1005  1249   900
GGW05   1930  1344  1513  1651  1790  1086  1099  1065   975  1123  1272
GGW05   1940  1154  1049  1388  1515  1696  1783  1422  1353  1121   958
GGW05   1950   770   641   740   878   832  1019   732  1078   743  1023
GGW05   1960   862   823  1054  1048  1148   903   771   892   837   700
GGW05   1970   452   591   550   524   784   974  1291  1056   960   661
GGW05   1980   554   741   753   478   626   425   571   711   607   657
GGW05   1990   544   636   404   480   353   418   418   501   302   368
GGW05   2000   336   329   336   429   539   493   550   603   552 -9999
GGW06   1811   904   910   810   775   743   843  1105   855  3220
GGW06   1820  1227   966  1881  2030  2079  1912  1401  1975  1483  1398
GGW06   1830  1398  1991  1282  1451  1005  1588  1259  1524  1281  1545
GGW06   1840  1832  2086  1916  2351  1578  1820  1429  1926  2127  2180
GGW06   1850  2053  2648  2107  1662  2329  1737  2234  2256  2469  1981
GGW06   1860  1897  1737  1792  2032  1577  1810  1725  1472  1620  2044
GGW06   1870  1652  2001  1947  1493  1917  1791  2161  1980  2108  1420
GGW06   1880  1939  1090  1778  1683  1703  1842  1111  1451  1249  1005
GGW06   1890  1270  1047  1291  1016  1280   805   667  1060  1301  1081
GGW06   1900  1048   900   986  1252  1323  1320  1122   943   614   551
GGW06   1910   805   752   615   731   614   857   995   762   752   836
GGW06   1920  1122  1291  1090   730   487   698   921   445   360   433
GGW06   1930   519   466   391   424   486   583   487   415   446   382
GGW06   1940   657   636   403   414   424   414   509   361   456   657
GGW06   1950   519   563   657   614   488   755   614   373   444   404
GGW06   1960   498   287   392   459   606   588   425   608   436   502
GGW06   1970   461   467   400   503   425   545   608   577   523   510
GGW06   1980   417   388   419   420   386   376   334   588   383   288
GGW06   1990   256   288   298   192   223   266   405   462   365   310
GGW06   2000   267   223   181   224   237   192   224   256 -9999
GGW07   1898  1641   965
GGW07   1900  1415  1321   753  1536  1377   943   806   781   753   834
GGW07   1910  1241  1245  1088  1287  1057   862  1370  1109  1089  1189
GGW07   1920  1154  1453  1197   983   774  1542  2002  1649  1715  2539
GGW07   1930  1812  2430  3263  2658  3090  3015  2924  2679  3115  2334
GGW07   1940  1382  1516  1226  2002  1998  2158  1434  1063  1164  1465
GGW07   1950  2033  1906  2244  2535  1695  1694  1787  1970  1985  1974
GGW07   1960  1791  1738  2628  2100  1768  1323  1292  1620  1418  1472
GGW07   1970  1811  1587  2795  2773  3357  2826  2924  2901  3125  3028
GGW07   1980  2320  1472  1770  2075  3166  1599   667  1717  2053  2338
GGW07   1990  3200  3333  3800  3219  3914  3037  2454  2766  3207  2939
GGW07   2000  3483  2541  2432  2635  4134  2958  2797  2979  2838  2905
GGW07   2010 -9999
GGW08   1859   412
GGW08   1860   310   181   159   170    97   137   425   479   386   360
GGW08   1870   535   649   680   400   483   304   236   247   304   312
GGW08   1880   400   399   527   544   518   666   584   472   734   563
GGW08   1890   891   532   711   660   637   682   749  1085  1235   884
GGW08   1900  1138  1259  1194  1027   998   947   699   707   671   786
GGW08   1910   654   491   509   521   512   680   954  1201  1144  1205
GGW08   1920  1148  1324  1291  1448  1120   623   699   767  1335  1822
GGW08   1930  1927  1933  1928  1937  2077  2057  1871  1288  2315  1892
GGW08   1940  1307  1354  1461  1616  2236  1884  1617  1758  1590  1842
GGW08   1950  1834  1589  1581  1926  1702  1826  1250  1202  1189  1430
GGW08   1960  1407  1299  1386  1913  1926  1507  1312  2026  1685  1690
GGW08   1970  1368  1305  2185  1971  1612  1920  1842  1805  1636  1667
GGW08   1980  1430  1742  2074  2259  2410  2190  2078  2142  1753  2302
GGW08   1990  2085  2268  2045  1818  1917  2072  1884  1850  1580  1609
GGW08   2000  1386  1208   987  1021  1259  1247  1879  1567  1258  1712
GGW08   2010 -9999
GGW09   1799  1478
GGW09   1800  1059  1210  1008   884  1126   975   998  1302  1123   743
GGW09   1810   769  1241   889   820   719   698  1028  1121   662  1369
GGW09   1820  1265  1215  1263  1446  2437  1366  1537  1358   647   657
GGW09   1830   743   680   601   940   559   509   566   334   349   265
GGW09   1840   308   237   208   196   208   251   111     0   108   172
GGW09   1850   110   142   174    98    77    78   120   140    87     0
GGW09   1860     0     0     0     0     0     0    77    88   129   148
GGW09   1870   170   278   519   500   364   214   256   298   323   107
GGW09   1880   171   259   555   409   439   334   395   322   312   429
GGW09   1890   478   345   639   428   406   439   329   413   535   746
GGW09   1900   741   898  1098  1319  1112   598   553   617   393   448
GGW09   1910   362   307   235   340   425   480   638   639   511   402
GGW09   1920   567   637   553   744   437   860  1181  2031  2956  2861
GGW09   1930  3041  2703  3237  4116  3793  4245  4179  3950  4256  3578
GGW09   1940  1884  2479  3510  2855  1771  1924  1846  1716  1831  2794
GGW09   1950  1758  1990  2765  2933  1643  1770  1414  1542  1380  1596
GGW09   1960  1672  1510  1844  1607  1181  1150  1086  1037  1007   931
GGW09   1970  1260  1238  1079  1249  1545  1884  1873  1249  1895  1555
GGW09   1980  1419  1375  1387  1259  2255  2458  1908  2044  1844  1484
GGW09   1990  1231  1230   953   705   530   564   531   878   532   519
GGW09   2000   559   480   612   588   584   949  1034  1006  1670 -9999
GGW10   1839   472
GGW10   1840   627   779   503   561   404   546   622   449   329   527
GGW10   1850   369   392   353   369   331   279   413   487   484   364
GGW10   1860   385   320   273   265   226   218   106     0     0   120
GGW10   1870   144   136   206   203   206   170   176   259   302   256
GGW10   1880   272   220   355   258   308   275   313   256   204   318
GGW10   1890   294   276   289   209   189   185   119   232   227    77
GGW10   1900    81   108   109   133   123     0    85   100    91    90
GGW10   1910   100    95    57    81     0     0     0     0    57    91
GGW10   1920   110   114    81   100   258   489  1751  2059  2552  2025
GGW10   1930  2229  2203  2273  3110  2284  2950  3520  2825  3363  3205
GGW10   1940  2894  2386  2056  2237  1876  1898  1367  1482  1598  1556
GGW10   1950  1716  1640  1916  1751  1270  1986  2344  1428  1743  2053
GGW10   1960  2523  1558  1861  2768  3186  3355  3236  2815  2413  1915
GGW10   1970  1874  2085  1767  1566  2180  2318  2710  2476  2762  2667
GGW10   1980  1949  2202  2604  2286  3683  3291  3069  3525  2933  2520
GGW10   1990  2647  2562  2456  1948  2551  2701  3006  3005  2699  2836
GGW10   2000  2796  2533  2347  2753  2530  2893  3760  2891  3006  3389
GGW10   2010 -9999
GGW11   1828  2362  2461
GGW11   1830  1620  1913  1647  1483  1040  1366  1091   865   873  1250
GGW11   1840  1472  1258  1093  1040  1078  1075  1028  1045  1155  1286
GGW11   1850  1152  1204  1207   760  1117   834   911   922   898  1012
GGW11   1860   935   709   575   498   365   449   529   571   767   586
GGW11   1870   611   472   621   592   679   574   722   489   595   382
GGW11   1880   839   765  1051   713   721   722   647   722   574   678
GGW11   1890  1106  1029   924   904   810   601   506  1045  1331  1324
GGW11   1900  1024   847   519   472   417   481   439   407   310   342
GGW11   1910   623   529   293   321   226   237   299   191   208   393
GGW11   1920   578   717   320   513   364  1192  1731  2756  3681  4685
GGW11   1930  4908  3747  4193  6224  5771  5060  4002  3210  2522  1477
GGW11   1940  1316  1312  1635  2419  2531  2888  1753  1432  1245  1499
GGW11   1950  1109  1023  1154  1484  1415  2077  1300  1124  1291  1467
GGW11   1960  1260   931  1397  1344  1852  1747  1629  1855  1830  1722
GGW11   1970  1880  1822  1707  1771  1705  2191  2063  1683  1820  1537
GGW11   1980  1429  2004  1616  1904  1644  1597  1723  2465  1917  1842
GGW11   1990  1884  1998  2177  2302  2192  2617  2614  2788  2627  2446
GGW11   2000  2424  2320  2102  2152  2074  1640  1895  1437  1427  1852
GGW11   2010 -9999
GGW12   1853  1001   850  1051  1524  1398  1423  1484
GGW12   1860  1254  1308  1224  1139  1030  1228   917   851   826   711
GGW12   1870   792   602  1185  1094  1732  1146  1438  1092   971  1294
GGW12   1880   680   750  1543   797   732   743  1026   991   940   826
GGW12   1890   752   675   911  1040  1522  1143   744  1491  1146   722
GGW12   1900   910   984   773  1261  1263   939   690   574   591   508
GGW12   1910   955   702   563   459   472   477   677   738   940  1556
GGW12   1920  1170  1090   960   887   880  1446  2267  1868  2214  2309
GGW12   1930  2001  2976  1980  3022  2667  3006  2170  2275  2800  2068
GGW12   1940  2080  2476  1757  2578  2038  2038  1420  2187  1914  2724
GGW12   1950  2434  1870  2119  2130  1049  2193  1473  1535  1183  1259
GGW12   1960  1846  1445  1917  2428  1561  1526  1632  1399  1187  1007
GGW12   1970  1230  1440  1325  1240  2374  1938  1907  1685  2026  1514
GGW12   1980  1376  1377  1271  1517  2394  1780  1800  2342  1134  1177
GGW12   1990  1242  1633  1781  1304  1124  1017   965  1368  1082  1580
GGW12   2000  1351  1225   985   786  1333  1419  1830  1768  1706  2033
GGW12   2010 -9999
GGW13   1882  2388  2091  2561  1609  1477  1526  1355  1560
GGW13   1890  2376  1738  2394  2201  2314  1790  1484  1841  2239     0
GGW13   1900  2338  1988  1726  2832  2990  2023  2768  1734  1725  1650
GGW13   1910  1889  1860  1417  1586  1873  2010  2091  1364  1612  2785
GGW13   1920  2750  4181  2504  1959  2041  3227  3185  2061  2831  2765
GGW13   1930  2801  3299  3039  1957  1564  2144  1862  1872  2106  2344
GGW13   1940  2896  2780  3804  4766  4499  3866  2877  2953  2518  2540
GGW13   1950  2054  1344  1373  1187  1207  1185  1056  1347  1496  1590
GGW13   1960  1843  2060  2419  2262  2361  1633  1169  1203   911   795
GGW13   1970  1113  1181   954  1229  1165  1980  1654  1134  1517   964
GGW13   1980   933   828  1011  1043  1022   834  1727  2330  1476  1636
GGW13   1990  2203  1869  2148  1625  1210  1630  2233  2413  1968  2456
GGW13   2000  2222  1609  1503  1111  1026 -9999
GGW14   1801  1006  1603  1084  1512  1231  1208  1459  1698  2839
GGW14   1810  3066  3290  2857  2913  3395  2885  2781  2737  2324  3327
GGW14   1820  2752  2273  2519  3255  2668  3333  2799  3598  2778  2503
GGW14   1830  2701  1752  1221  1317  1221  1838  1727  1993  2575  2249
GGW14   1840  1841  1842  1768  2940  2037  2165  2266  2596  2964  2584
GGW14   1850  2058  2215  2356  1482  2110  1928  1931  2364  2152  1401
GGW14   1860  2127  1831  2222  2053  1884  2107  1408  1418  1439  1366
GGW14   1870  1748  1767  1619  1408  1429  1683  2127  1661  1429  1355
GGW14   1880  2349  1324  1569  1250  1971  1493  1208  1175   954   730
GGW14   1890  1154   603   476   827  1207  1027  1070   964  1017   804
GGW14   1900   520   645   753  1061  1072   733   722  1157   975   730
GGW14   1910   880  1028   868   889   910   719   805   571   614   656
GGW14   1920   689   741   796   973   933   924   948   936   721   945
GGW14   1930   753   701   924  1071   913   893   691   669   947   617
GGW14   1940   671   786   936  1148   873  1086   925  1058  1038  1110
GGW14   1950  1262   910  1125  1229   960   964   762   749   797   777
GGW14   1960   669   543   594   670   906  1078  1064  1297  1374  1028
GGW14   1970  1082   655   765   838   522   796   935   722   924   565
GGW14   1980   584   795   743   615   742   658   561   690   902  1156
GGW14   1990   776   826  1048   592   614  1144   974  1323  1020   859
GGW14   2000   785   531   700   774   775   531   508   724   625   937
GGW14   2010 -9999
GGW15   1831  1160   996   736   322   513   337   411   345   293
GGW15   1840   168   124   151   128   190   247   222   247   260   199
GGW15   1850   161   348   100   111   180    81   124   124   162   167
GGW15   1860   161   133   128   129     0   132   128   176   311   363
GGW15   1870   766   515   745   657   961   503   301   248   345   244
GGW15   1880   368   335   582   532   726   680   669   656   515   522
GGW15   1890   708   710   975  1476  1368  1433  1154  1472  1349  1159
GGW15   1900  1292  1096  1136  1536  1576   928  1353  1405  1079   973
GGW15   1910  1404  1496  1117  1446  1168  1253  1412  1200  1563  2310
GGW15   1920  1633  1718  1164  1611  1451  1748  2458  1988  1829  2232
GGW15   1930  2106  3000  2765  3350  2055  2397  1652  1631  1917  1641
GGW15   1940  1441  1355  1154  2966  2253  2056  1920  1983  1528  2332
GGW15   1950  2068  1937  1869  1615  1181  1854  1441  1601  1430   964
GGW15   1960   742   923  1116  1260  1030  1233  1346  1600  1504  1081
GGW15   1970  1122  1250  1419  1048   722  1292  1304   858   861  1101
GGW15   1980   742   721   933   656   964   913   699   848   646   762
GGW15   1990   837   699   996   647   987 -9999
GGW16   1823  1161   674   585   513   895   919   465
GGW16   1830   625   331   166   294   204   260   308   197   309   104
GGW16   1840   100   138   199   256   417   693   388   443   352   318
GGW16   1850   299   231   209   271   511   392   318   519   687   452
GGW16   1860   613   275   282   214   204   164   305   244   442   386
GGW16   1870   609   523   721   510   584   420   454   517   409     0
GGW16   1880   394   376   710   407   416   564   517   603   675   319
GGW16   1890   522   765   821   879   752   846   879   963  1037   731
GGW16   1900   699   656   487   857   667   646   722   669   424   563
GGW16   1910   711   722   805   858   837   922   932  1175  1186  1135
GGW16   1920   815   995   859  1006   392   858  1144  1843  1535  1371
GGW16   1930  1876  1674  2469  2544  2257  2245  2395  1314  1621  1431
GGW16   1940  1027   910  1185  1927  2350  2467  1683  2106  2296  2795
GGW16   1950  2424  2021  1387  1280  1376  1524  1556  1143  1122  1407
GGW16   1960   836  1112  1460  1101  1217   963   974  1407   921   762
GGW16   1970   700   762   953   742   815  1016   889  1312  1292  1026
GGW16   1980   794   709   804  1048  1418  1196  1387  1248  1609  1683
GGW16   1990  1821  1768  1555  1503  1355  1513  1492  1704  1694  1502
GGW16   2000  1461  1270  1016  1207  1439  1122  1153   646   497   667
GGW16   2010 -9999
GGW17B  1856   635   741   911   995
GGW17B  1860  1262   783   943   689   433   510   616   563   552   666
GGW17B  1870   669   615   425   445   679   585   541   700   572   510
GGW17B  1880   467   361   520   478   435   447   467   329   458   426
GGW17B  1890   423   404   320   286   246   366   310   352   139     0
GGW17B  1900     0   121   185   239   298   235   247   246   151   213
GGW17B  1910   227   204   118   173   139   106   117    97    54     0
GGW17B  1920     0   128    98   118    95   214   291   289   287   233
GGW17B  1930   319   319   320   317   289   361   308   362   413   299
GGW17B  1940   222   435   212   149   223   255   213   148   170   330
GGW17B  1950   276   286   276   244   307   317   246   275   191   213
GGW17B  1960   233   309   382   499   254   255   288   321   306   298
GGW17B  1970   361   340   435   394   297   352   480   413   351   328
GGW17B  1980   312   455   298   172   255   180   192   202   212   243
GGW17B  1990   223   244   318   234   223 -9999
GGW18   1834  4530  2913  2709  2722  4052  2500
GGW18   1840  3725  3270  3631  4576  3450  4060  4234  3897  3722  4356
GGW18   1850  3871  4051  3393  3189  4508  2341  2885  2957  3088  3423
GGW18   1860  3234  2524  2947  3492  3300  2642  2388  2331  1940  3339
GGW18   1870  2916  2354  3688  3629  4789  2787  2510  2308  2021  1068
GGW18   1880  2092  1362  1592  1554  2099  2190  1623  2432  2427  1757
GGW18   1890  2639  1677  2001  2477  1919  1536  1923  1797  2724  1689
GGW18   1900  2223  1989  1719  2199  2718  2572  1730  1751  1769  1344
GGW18   1910  2131  2229   919  1508  1604  1125  1614  1264  1389  1440
GGW18   1920  1468  1944  1966  1469  1320  1978  1148  1112   818  1120
GGW18   1930  1196  1187  2078  2878  2087  2692  2393  1926  2349  2474
GGW18   1940  1427  1742  1784  2403  1918  2195  1486  1202  1510  2062
GGW18   1950  1948  1503  1758  1951  1377  1982  1907  1478  1423  1451
GGW18   1960  1088   851   991  1100  1222   873  1266  1415  1340  1185
GGW18   1970  1169   955  1793  1223  1020  1383  1625   794  1247  1117
GGW18   1980   701  1160  1022  1054  1047  1325  1268  1476  1314  1260
GGW18   1990  1177  1651  1672  1154   852  1021   783   960   603   663
GGW18   2000   894   573   265   409   763   493   555   428   456   767
GGW18   2010 -9999
GGW19   1928  3714  1845
GGW19   1930  1374  1469  2112  5187  4289  4342  5873  5315  4787  4482
GGW19   1940  3868  4072  3581  3498  2891  3035  2259  1889  2591  4348
GGW19   1950  3946  3685  4035  3713  3010  3173  2705  2972  2955  3267
GGW19   1960  3116  2554  3471  4376  3522  3204  3275  3419  2883  2424
GGW19   1970  2480  2810  3153  2819  3021  3805  3485  4214  3470  3161
GGW19   1980  2559  2849  3208  2504  3299  3271  3081  3481  2433  2914
GGW19   1990  3112  2904  2472  2649  2502  2640  2359  2893  2438  3057
GGW19   2000  2884  2070  2304  1879  2253  2323  3055  2296  2369  2759
GGW19   2010 -9999
GGW20   1789  1772
GGW20   1790  2206  1880  1891  1417  1178  1846  1695  1329  1213  1138
GGW20   1800  1467  1301  2354  1560  1410  1675  1294  1082  1074  1466
GGW20   1810  2171  2257  2242  1750  1733  1854  1915  1704  1792  2762
GGW20   1820  1958  1445  1513  1715  2209  2067  2418  2825  2511  2457
GGW20   1830  1981  1731  1872  1610  1938  2001  1829  1889  1925  1789
GGW20   1840  1921  1895  2052  2302  1578  1353  1699  1471  1452  1578
GGW20   1850  1696  1557  1215  1030  2232  1694  1528  2050  2520  2129
GGW20   1860  1893  1810  2182  2299  2310  2599  2064  2123  1915  1872
GGW20   1870  2137  2110  1854  1721  1686  2112  2120  2000  1843  1526
GGW20   1880  2043  1268  1184  1078  1165  1084   677   992  1178   966
GGW20   1890  1181   995  1189  1217  1121  1103  1171  1021  1266   916
GGW20   1900   970  1014  1045  1070  1418  1284  1115   990   874   912
GGW20   1910  1455  1385   943   847   869   825   756   641   622   817
GGW20   1920   857  1030   806   696   451   534   637   669   585   691
GGW20   1930   795   662   936   838   725   734   544   576   585   392
GGW20   1940   373   265   276   321   277   312   321   399   323   407
GGW20   1950   440   339   383   446   299   478   405   268   255   244
GGW20   1960   394   245   234   435   467   425   350   393   331   308
GGW20   1970   317   267   266   361   309   415   362   574   428   456
GGW20   1980   449   352   596   320   340   298   373   425   352   436
GGW20   1990   352   361   533   362   468   512   618   725   537   596
GGW20   2000   415   386   426   385   488   447   519   529   424   573
GGW20   2010 -9999
GGW21   1789  1208
GGW21   1790  1375  1154  1175   922   922  1331  1050  1146   953  1113
GGW21   1800  1285  1164  1951  1591  1382  1333  1465  1413  1350  1382
GGW21   1810  1619  2280  2017  1614  1716  2055  1810  1984  1668  2610
GGW21   1820  1760  1927  2043  2600  2562  2596  2186  2712  2284  2361
GGW21   1830  2264  2574  1938  1843  2723  2216  1738  2428  2223  2383
GGW21   1840  2491  1666  1516  1892  1462  2143  1802  1742  1921  3084
GGW21   1850  3279  3387  2324  1578  1619  1376  1385  2463  2643  2079
GGW21   1860  2174  1754  2551  2718  2333  2342  2655  2090  1396  2171
GGW21   1870  2230  2071  1721  1448  2319  2638  2724  1993  1587  1460
GGW21   1880  1331   958  1184  1133  1989  1539   973   995   978   920
GGW21   1890  1142  1130  1410  1367  1081  1004  1133  1185  1422   857
GGW21   1900   800  1164  1513  1676  1909  1373  1264  1071   698   652
GGW21   1910   830   858   687   945   955   797  1096  1222   934  1001
GGW21   1920  1158  1929  1466  1388  1036  1117  1009   935  1036   947
GGW21   1930  1162   980  1140  1077   791   814   655   630   493   439
GGW21   1940   449   502   726   941  1244  1208   773   967   771   823
GGW21   1950   623   801   920   908   738   703   615   626   562   544
GGW21   1960   838   695   807  1031   881   870   860   860   659   488
GGW21   1970   491   467   572   614   434   764   667   678   392   424
GGW21   1980   466   529   550   594   520   455   317   667   688   816
GGW21   1990   922   531   688   700   773   837   667   732   487   511
GGW21   2000   858   678   594   529   382   360   541   635   629   614
GGW21   2010 -9999
GGW22   1793  1186   907   832  1073   966   603   635
GGW22   1800   677   741  1217   805  1006   656   889   825   762   646
GGW22   1810  1365  1249  1069  1058  1344  1410  1239  1653  1143  1672
GGW22   1820  1229  1313  1905  2279  2074  2180  2383  3229  2917  2863
GGW22   1830  3834  3579  3410  3030  3165  3249  2349  2868  2752  2963
GGW22   1840  3101  4434  3367  3917  2233  3086  2593  2877  2972  3853
GGW22   1850  4397  3261  2960  1815  2331  1995  2110  2955  2445  2107
GGW22   1860  2842  3415  3200  3538  2934  2601  2348  2401  2422  2139
GGW22   1870  1690  1939  1569  1356  2051  2113  2516  2114  1891  1100
GGW22   1880  1998  1167  1367  1865  2775  2196  1350  1392  1690  1509
GGW22   1890  1675  1624  2114  2026  2067  1529  1461  1412  1485   998
GGW22   1900  1009  1040   891   859  1114  1189  1082   826   773   942
GGW22   1910   964   857   540   762  1070   783   741   689   648   798
GGW22   1920   789  1128  1053  1116  1237  1777  1715  1344   834  1057
GGW22   1930  1088  1036  1089  1025   993   857   921   912   727   695
GGW22   1940  1050  1004   737   642   784   689  1040   693   560   827
GGW22   1950   693   575   702   542   641   706   588   510   652   763
GGW22   1960   678   324   390   592   708   924   849   952  1200  1176
GGW22   1970  1109   745   777   723   501   669   511   628   500   469
GGW22   1980   479   523   479   672   500   448   439   567   641   681
GGW22   1990   761  1014  1046   565   728   758   465   293   293   262
GGW22   2000   262   321   275   336   288   206   280   249   282   357
GGW22   2010 -9999
GGW23   1807  1195  1233  1697
GGW23   1810  1672  1154   863  1284   990   886  1500   710   578  1435
GGW23   1820  1325   971  1125  1353   930   988  1309  2136  1857  1796
GGW23   1830  1874   757   884   768   660   955   789   754   810  1270
GGW23   1840  1138  1095   796  1009   846  1190  1108  1197  1729  1526
GGW23   1850  1527  1029   688   636   775   985  1251  1134  1158   922
GGW23   1860  1037  1058   943  1144   721   964  1101  1175  1122  1185
GGW23   1870  1048   857  1418  1112  1534  1642  1938  1442  1038  1063
GGW23   1880  1160   766   874  1000  1467  1239   978  1129   709   895
GGW23   1890   941  1066  1319  1405   978   980   829  1007   709  1005
GGW23   1900  1038   952  1069  1492  1493  1027  1207   772   762   572
GGW23   1910   910   540   434   476   455   254   275   370   307   477
GGW23   1920   571   857   647   868   899   868   826   857   519   539
GGW23   1930   340   318   476   846   625   487   402   307   233   201
GGW23   1940   159   222   201   296   350   880   372   413   285   530
GGW23   1950   402   539   350   530   266   520   340   371   265   180
GGW23   1960   285   287   350   372   243   308   297   435   298   222
GGW23   1970   276   214   488   468   268   701   532   521   359   270
GGW23   1980   177   161   294   358   375   382   227   262   244   269
GGW23   1990   228   329   463   316   314   250   357   709   360   342
GGW23   2000   251   349   218   148   188   305   559   398   457   629
GGW23   2010 -9999

