GW01    1760   511  1365  1345   761   937  1045  1293   869   711   503
GW01    1770   269   224   259   200   183   394   413   444   522   821
GW01    1780  1001  1055   896  1037  1141   835   683   965  1210  1229
GW01    1790   936   963   464   466   618   733   533   363   529   684
GW01    1800   708   889   712  1028  1223  1389   809   683   972   769
GW01    1810   755   644   667   543   581   637   584   423   617   460
GW01    1820   389     0   445   493   646   622   526   724   749   711
GW01    1830   604   550   620   799   923   665   437   423   325   387
GW01    1840   296   382   277   318   475   462   374   530   512   361
GW01    1850   443   412   281   282   373   365   657   770   448   523
GW01    1860   598   665   773   672   430   372   465   453   511   332
GW01    1870   315   428   492   338   327   520   408   293   447   269
GW01    1880   479   311   258   245   290   195   236   244   233   199
GW01    1890   227   268   141   179   164   116   117   234   244   242
GW01    1900   202   238   131   203   183   226   165   139   164   166
GW01    1910   227   219   214   165   150   175   103    46    62   124
GW01    1920    80   131    91     0     0     0     0     0     0     0
GW01    1930     0     0    86   142    88    83    94    77   143    96
GW01    1940   114   137   112    90   126    93    90   113    94   166
GW01    1950   213   242   167   249   238   259   244   242   265   305
GW01    1960   326   235   303   407   654   688   591   535   313   235
GW01    1970   291   354   463   421   384   612   745   375   384   424
GW01    1980   391   297   308   417   311   224   252   287   305   604
GW01    1990   514   496   426   446   381   500   416   485   368   480
GW01    2000   546   436   418   357   317   341   351   418   418 -9999
GW02    1825  1169  1142  1472  1824  1465                                        
GW02    1830   998   990   839   872   971  1251  1583  1284  2516  1529          
GW02    1840  2599  2154  1200  1110  1081  1039   971   805  1370   815          
GW02    1850  1072  1334  1380  1314  1260  1226  1837  1703  1682  1324          
GW02    1860  1889  1963  1723  1416  1460  1595  1594  1346  1192  1367          
GW02    1870  1044  1002  2061  1609  2054  1287  1058   715   707   600          
GW02    1880   760   565   561   440   254   258   226   499   773   539          
GW02    1890   648   980  1071   967   755   682   728   743   929   899          
GW02    1900  1072   962   695   958  1289  1617  1743  1040   693  1126          
GW02    1910  1691  1502  1212  1041  1363  1109   878   968  1159  1117          
GW02    1920  1623 -9999                                                          
GW07    1851  1734  1758  1285  1829  1085  1142  1248  1641  1638                
GW07    1860  1289  1592  1485  1327  1057  1165  1615  1464  1830  1500          
GW07    1870  2089  1956  2129  1999  2251  1674  1705  1362  1672  1058          
GW07    1880  1708  1458  2065  1675  1889  1872  1892  1568  2014  2425          
GW07    1890  2230  1991  2502  2538  2722  2481  2673  2621  2528  2592          
GW07    1900  2659  2581  1347  1537  1385  1271  2387   350    50   134          
GW07    1910   148   152   241   277   733   701   329   251   445   752          
GW07    1920   833  1496  1189  1198  1111  1294  1815  1205   693   990          
GW07    1930  1098  1392  1432  1515  1023  1052   864  1381  2022  1575          
GW07    1940  1531  2148  2030  2821  2337  2247  1463  1521   906  1653          
GW07    1950  1424  1616  1440  1803  1251  2025  1056  1163  1081   701          
GW07    1960   588   505   687   969  1409  1276  1150   931   766  1053          
GW07    1970  1017  1544  1603  1146  1396  2001  1693  1282  1341  1802          
GW07    1980  1127  1313   778   881   749   704   991  1118  1068  1596          
GW07    1990  1397  1586  1296  1182  1003  1088  1002  1395  1092  1330          
GW07    2000  1163  1047  1151   812   719   802   936  1092   997 -9999          
GW08    1823  3767  3760  4499  3191  4833  4165  3577                            
GW08    1830  3477  2744  3373  2769  2690  3234  3142  3382  2069  1553          
GW08    1840  1625  1573  1347  1910  2570  2339  1853  1801  1942  1790          
GW08    1850  2070  2235  2617  1609  1715  1456  1512  2101  2153  1631          
GW08    1860  1861  2383  2334  1672  1685  1460  1273  1096  1356  1159          
GW08    1870  1556  1688  1795  2119  2332  1958  1391  1034  1126   877          
GW08    1880  1109   843   876   684   956   783   963   941  1043   976          
GW08    1890   994   993  1210  1356  1367  1246  1238   972   988  1080          
GW08    1900  1139  1178   814  1058  1297  1141   870   917   880  1115          
GW08    1910  1297  1340  1168  1015  1299  1258  1434  1122  1372  1633          
GW08    1920  1212  1071  1353  1051  1138  1380  1438  1487  1112  1513          
GW08    1930  1427  1252  1440  1407  1191  1143  1099  1465  1487  1244          
GW08    1940  1356  1485  1436  1555  1579  1393  1122  1129  1088   869          
GW08    1950  1053   958  1075  1049  1019  1012   854   730   936  1053          
GW08    1960  1022   800  1088  1040  1283  1240  1062   901   736   689          
GW08    1970   941   992  1034   886  1053   994   970   864  1116  1332          
GW08    1980  1276  1259   859   869   783   827   903  1168  1031  1272          
GW08    1990  1185  1147   799   892  1041  1100   771   889  1028  1119          
GW08    2000  1073   996  1333  1169   886   713   674  1206  1102 -9999          
GW09    1799  1394
GW09    1800  1354  1548  1858  1740  2142  1398  1113  1469  2062  1811
GW09    1810  1615  2001  1893  2441  2073  1965  1688  2191  2241  1984
GW09    1820  1686  2098  2159  2436  3538  3037  2038  2371  2727  2429
GW09    1830  2424  1891  1567  1762  2162  2527  1987  2248  1587  1308
GW09    1840  1678  1797  1925  2089  1560  1737  2287  2214  2381  2494
GW09    1850  2143  1460  1834  1421  1831   939  1369  1413  1142  1500
GW09    1860  1923  2115  2513  2419  2115  1686  1414  1325  1282   883
GW09    1870   927   829  1029   871  1056  1087  1099   659  1768  1106
GW09    1880  1858  1093  1519  1153  1186   860   873   929  1030  1034
GW09    1890  1264  1276  1250  1421  1512  1076  1303  1560  1725  1432
GW09    1900  1236  1385   884   746   972   980   925   807   582   668
GW09    1910   925  1141  1068   870  1009   764   641   410   644   556
GW09    1920   534   503   720   602   620   967  1146   751   680   871
GW09    1930   920   838   870   731   599   546   483   561   613   816
GW09    1940   380   462   556   509   436   346   314   381   257   325
GW09    1950   342   358   300   236   408   459   367   388   363   452
GW09    1960   403   397   312   207   500   304   190   314 -9999
GW10    1827  1966  1895  1710                                                    
GW10    1830  1671  1334  1888  1777  1711  1738  1343  1540  1115  1338          
GW10    1840  1503  1291  1508  1819  2454  1953  1733  1444  1763  1888          
GW10    1850  2307  2796  2733  1989  2249  1471  1424  1740  1301  1357          
GW10    1860  1472  1519  2005  1722  1297   788   825   819   780   654          
GW10    1870   694   624   820   981  2079  2578  2164  1389  2075  1148          
GW10    1880  1265   717   867   748   826   604   725   743   843   866          
GW10    1890  1040  1033  1245  1642  1636  1005  1248  1196  1065   812          
GW10    1900   747   801   745   925   991  1050   927   685   702   619          
GW10    1910   548   640   690   515   554   555   385   146   178   363          
GW10    1920   370   377   462   476   365   427   632   598   416   656          
GW10    1930   727   679   867   706   489   494   404   512   649   498          
GW10    1940   417   404   341   358   414   388   354   328   288   355          
GW10    1950   398   486   449   556   689   640   546   692   595   716          
GW10    1960   877   671   755   696  1012   748   643   729   521   733          
GW10    1970   736   958   942   845   920   998   639   529   806   777          
GW10    1980   702   755   582   523   518   524   560   775   694   665          
GW10    1990   624   556   436   617   534   681   588   788   525   624          
GW10    2000   559   583   672   505   500   482   600   604   578 -9999          
GW12    1879  1736                                                                
GW12    1880  2139  1538  1970  2113  2792  2662  2614  2289  2264  2340          
GW12    1890  3229  2972  3455  3281  2514  2456  2750  3082  2834  2820          
GW12    1900  2726  2397  1324   956  2001  1757  3143  2183  2228  1834          
GW12    1910  1812  1676  2677  2189  1555  1790  2014  1258  1583  1446          
GW12    1920  1297  1911  1942  2189  2135  1957  2271  2034  2112  1932          
GW12    1930  1994  2057  2035  2600  2291  2553  2382  2894  3346  2492          
GW12    1940  1613  2044  1966  3360  3099  2658  1537  1541  1605  1900          
GW12    1950  1790  1787  2220  2017  1896  2436  1384  1661  1840  1321          
GW12    1960  1089  1486  2328  2086  2506  2303  2000  1441  1105  1148          
GW12    1970  1301  1693  2154  1693  2049  2351  2421  2193  2005  2645          
GW12    1980  2418  2216  1502  1295  1111  1038  1107  1607  1409  1955          
GW12    1990  2668  2217  1775  1881  1425  1796  1277  2190  2159   847          
GW12    2000  2017  1540  1513  1388  1927  1785  1407  2703  2728 -9999          
GW14    1807  3368  2665  2680                                                    
GW14    1810  2013  2121  1767  1356  1065  1518  1211  1425  1070  1195          
GW14    1820  1175  1167  1541  1580  1863  1360  1523  1614  1803  1568          
GW14    1830  1765  1547  1365   867   760   972   885   869   927   841          
GW14    1840   645   707   611   714   852   909   602  1104  1554   947          
GW14    1850   830  1118  1332   862   749   397   710   851   833  1008          
GW14    1860   954  1031   752   706  1115   957  1481  1315  1332  1123          
GW14    1870  1571  1255  1416  1024   787  1041  1219  1265  1185   739          
GW14    1880   922   630   780   885  1228  1380  1417  1456  1088  1552          
GW14    1890  1667  1607  1233  1683  1565  1217  1355  1421  1725  1777          
GW14    1900  1727  1671  1479  1627  1773  1571  1469  1063  1265  1328          
GW14    1910  2231  1893  2110  1708  1166  1121   536   369   785   887          
GW14    1920   757  1058  1042  1012  1319  1301  2078  1610  1350  1532          
GW14    1930  2022  2142  2092  2790  1603  1426  1289  1268  1102  1291          
GW14    1940  1105  1155  1225  1618  1647  1890  1660  1549  1080  1304          
GW14    1950  1155  1110  1660  1127   967   939   769   732   816   717          
GW14    1960   771   644   959   944   954   908   786   652   577   757          
GW14    1970   794   924   972   940   916   964   857   721  1019   978          
GW14    1980   778   887   944   877   817   711   887   784   731   870          
GW14    1990   785   666   673   454   536   692   578   642   585   801          
GW14    2000   690   779   819   745   492   651   796   598   699 -9999          
GW16    1823  1883  2149  1972  1902  2685  2880  2302                            
GW16    1830  1838  1842  2370  2532  3347  3200  2429  2496  2406  1799          
GW16    1840  1428  1621  1595  1808  1775  1890  1731  1757  1894  2272          
GW16    1850  2582  2373  3063  2188  1833  1401  1542  2149  2311  2344          
GW16    1860  2051  2536  2217  1696  1585  1743  1589  1598  2000  1370          
GW16    1870  1388  2016  3207  2760  2648  1895  1175   906  1005   774          
GW16    1880   888   922   943   826   705  1040  1378  1734  1985  2022          
GW16    1890  2342  2700  2733  2805  2574  1968  1585  1480  1520  1821          
GW16    1900  1798  1730  1263  1606  1753  2138  2077  1465   926   542          
GW16    1910   761  1075  1179  1305  1900  1642   769   500   440   608          
GW16    1920   497   695  1238  1501  1378  1595  2116  1854  1665  1890          
GW16    1930  1872  1317  1793  1687  1222  1637  1841  2359  2813  2787          
GW16    1940  1966  1507  1362  1578  1530  1669  1651  1282   965   701          
GW16    1950   865   941  1311  1440  1382  1373  1263  1204  1726  1577          
GW16    1960  1226   919  1311  1672  2153  1868  1878  1220   939   842          
GW16    1970   814   705  1196  1236  1354  1663  1371   931  1343  1552          
GW16    1980  1729  1625  1630  1555  1439  1364  1692  2269  2380  2221          
GW16    1990  2103  2325  1887  2231  2298  2210  1761  2294  1952  1814          
GW16    2000  1293  1339  1318  1145   929   673   888   921  1125 -9999          
GW17    1818   444   820                                                          
GW17    1820   694   334   688   697   496   524   303   334   299   345          
GW17    1830   159   113   235   267   254   127   339   276   217   235          
GW17    1840   368   286   198   236   138   231   178   346   152   279          
GW17    1850   422   521   529   531   398   321   433   548   495   789          
GW17    1860   938   984   772   675   756   740   667   616   638   500          
GW17    1870   729   690   696   554   405   423   464   495   403   323          
GW17    1880   540   309   216   271   275   284   226   351   394   370          
GW17    1890   284   364   218   298   443   239   328   511   421   411          
GW17    1900   446   528   549   620   556   658   502   172    95   124          
GW17    1910   192   202   206   344   263   222   125    70   115   172          
GW17    1920   124   239   324   555   477   512   610   655   759   739          
GW17    1930   796   799  1007   795   592   984   940  1087  1488  1073          
GW17    1940   883  1218  1325  1565  1288   810   591   671   589   869          
GW17    1950   800   855   743   810   908  1160   709   880   945   766          
GW17    1960   649   473   746   917  1043   812   672   312   237   259          
GW17    1970   277   646   834   720   532   964   929   653   967   889          
GW17    1980   840   757   546   590   473   441   502   429   620   840          
GW17    1990  1010  1137   815   887   669   640   568   857   654   867          
GW17    2000   699   794   625   556   397   331   469   668   626 -9999     
GW18    1808  2225  2176
GW18    1810  2018  1805  2361  2178  1798  2040  1849  1751  1519  1698
GW18    1820  2041  1963  2312  2650  3340  3149  2202  2956  2446  2173
GW18    1830  2040  2608  1702  1512  1874  1290  1035  1550  1079  1257
GW18    1840  1676  1353  1324  1847  1685  1519  2098  1739  1894  2103
GW18    1850  2247  2123  2215  1459  1531  1228  1417  2277  2531  1956
GW18    1860  1730  1674  1647  1541  1485  1283  1251  1149  1099  1109
GW18    1870  1234  1143  1228  1111  1243  1241   822   600   942   636
GW18    1880  1004   557   524   317   633   484   676   759   924   941
GW18    1890   976  1232  1525  1745  1547   842  1186  1054  1173  1127
GW18    1900   815   838   513   711   980  1022   815   634   618   631
GW18    1910   676   652   686   886   813   808   252    88   159   145
GW18    1920   197   165   124   125   214   234   203   133   247   299
GW18    1930   204   221   372   189   184   175   231   144   240   298
GW18    1940   264   232   210   245   261   231   232   174   267   257
GW18    1950   292   241   312   229   334   374   364   363   463   364
GW18    1960   242   218   291   257   324   368   324   271   343   226
GW18    1970   288   354   328   378   505   696   480     0   609   655
GW18    1980   532   478   334   372   464   254   247   244   272   380
GW18    1990   338   307   330   393   285   301   376   356   234   230
GW18    2000   326   370   249   238   296   237   415   343   365 -9999
GW19    1841   387   360   586  1117  1668  1577  1916  1729  1309                
GW19    1850   954  1126  1839  1833  1213   935  1428  1734  2307  1856          
GW19    1860  2122  2484  1983  1075   876   872   988  1226  1008  1276          
GW19    1870  2033  2157  2795  2895  2016  2329  2122  1816  1963  1598          
GW19    1880  2044  2191  1994  1737  2029  1825  2014  1961  2424  2650          
GW19    1890  3286  2487  3250  2612  2624  2707  2240  1969  1698  2113          
GW19    1900  2369  2586  1996  1976  1886  1754  1754  1275  1272  1121          
GW19    1910  1615  1926  1913  1808  2359  2578  2186  1777  2379  2527          
GW19    1920  1711  2136  1792  1674  1640  1623  1801  1630  1955  2224          
GW19    1930  1814  1444  1808  1779  1499  1928  2206  2426  2284  2610          
GW19    1940  2460  1946  2239  2166  1870  1886  1832  1731  1586  1642          
GW19    1950  1431  1290  1600  1472  1368  1301  1123  1237  1188  1419          
GW19    1960  1196   842   795  1031  1251  1012   759   310   119   384          
GW19    1970   605   649   602   578   820   838   747   770  1203  1250          
GW19    1980  1174  1085   937   782   813   973   861   869   733   652          
GW19    1990   645 -9999                                                          
GW20    1837  2537  1791  1552                                                    
GW20    1840  1143  1200  1497  1523  2220  2107  2027  2790  2831  2541          
GW20    1850  2444  2902  2943  2390  2943  1914  2165  2969  2859  2060          
GW20    1860  2232  2636  3076  2453  2099  1651  1594  1993  2248  1965          
GW20    1870  2913  2580  3176  3441  3041  2776  2400  1942  2138  1408          
GW20    1880  1623  1406  1365  1333  1651  1324  1511  1324  1748  1950          
GW20    1890  2179  1921  1862  1462  1883  2064  2408  1880  2057  1774          
GW20    1900  2337  2492  1748  1982  2170  2165  2039  1256   728   875          
GW20    1910   805  1048  2032  1940  2389  2332  1802  1091  1468  1563          
GW20    1920  1184  1111  1470  1702  1825  2111  1923  1975  1546  1615          
GW20    1930  1347  1327  1191  1107   773  1178  1029  1605  1962  1703          
GW20    1940  1079   995  1189  1420  1289  1510  1065  1228   795   730          
GW20    1950   727  1039  1009  1021   992  1296  1075  1116  1108  1062          
GW20    1960   991   876   964  1241  1415  1366  1237   924   647   710          
GW20    1970   764  1106  1030   846  1110  1136  1506  1231  1443  1670          
GW20    1980  1180  1588  1211  1011   713   967   962  1120  1180  1521          
GW20    1990  1733  1985  1529  1648  1186  1198   911  1469  1007  1429          
GW20    2000  1373  1474  1447   951   911   655   713  1246  1591 -9999          
GW21    1775   989  1583  1910  2714  2310
GW21    1780  2171  1612  1938  1423  1926  2168  3464  2200  2591  2156
GW21    1790  1774  2211  2018   931   916  1596  1693  1292  1424  1691
GW21    1800  1460  1858  2749  2239  3545  2499  2180  1945  1817  1955
GW21    1810  1428  1451  1625  2266  1640  1268  1378  2029  1330  1987
GW21    1820  1426  1181  1871  1986  2497  3103  2323  2232  2721  2084
GW21    1830  1757  1822  2020  1348  1913  1719  1436  1932  1173   993
GW21    1840  1023   911  1216  1505  2025  2076  2648  1996  1919  1870
GW21    1850  1719  1521  1937  1379  1313   896  1029  1876  1613  2143
GW21    1860  1462  1722  1951  1800  1623  1377  1327  1237  1731   928
GW21    1870  1012   829  1109   923  1337  1226  1094   810  1120   525
GW21    1880  1011   750   868   711   636   536   566   801  1001  1024
GW21    1890  1115  1468  1280  1228  1194   859   687   777  1181  1055
GW21    1900   856   935   726  1034  1262  1678  1051   732   549   282
GW21    1910   543   732   997   796   708   606   242   121   302   399
GW21    1920   345   449   476   759   599   726   731   568   373   471
GW21    1930   476   425   568   523   235   321   161   250   574   589
GW21    1940   422   774   673   783   581   706   482   302   355   577
GW21    1950   390   350   417   466   307   378   369   428   371   392
GW21    1960   256   175   199   242   446   324   221   219   173   106
GW21    1970   143   290   293   254   363   463   171     0   211   338
GW21    1980   436   478   275   253   173   124   214   355   561   783
GW21    1990   767   513   439   657   394   522   320   531   700  1946
GW21    2000  1140   760   436   339   180   208   219   362   415 -9999
DG110A  1763  1877  2070  1317  1519  1521  1047  1007
DG110A  1770   305   150   288   344   519   580   725   695   663   476
DG110A  1780   876  1430  1305  1170  1155  1022   689   772   565  1176
DG110A  1790  1069   665   497   166   199   407   404   421   368   289
DG110A  1800   260   313   864   770  1128   626   619   557   538   609
DG110A  1810   349   512   570   933   618   918   727   810   579   512
DG110A  1820   496   437   600   875   740   734   746  1147  1341  1271
DG110A  1830  1223   939   797   643   463   540   377   568   645   545
DG110A  1840   601   604   544   526   474   669   585   609   588   455
DG110A  1850   447   383   522   426   503   217   342   329   573   358
DG110A  1860   649   505   598   468   381   397   444   659   515   485
DG110A  1870   960  1208  1443  1228   944   777   563   515   513   406
DG110A  1880   647   487   558   462   414   374   344   318   487   571
DG110A  1890   650   701   692   733   702   567   610   694   576   632
DG110A  1900   800   851   645   751   683   573   479   479   311   302
DG110A  1910   351   348   503   499   413   451   518   384   490   541
DG110A  1920   371   638   627   658   607   521   583   710   500   642
DG110A  1930   695   982   801  1093  1227  1428  1476  2034  2000  2340
DG110A  1940  1748  1799  1378  1344  1007   836   754   954   565   570
DG110A  1950   683   616   639   689   786   806   726   757   927   804
DG110A  1960   982   613   932  1010  1328  1027   635   552   435   494
DG110A  1970   551   744   840  1126  1624  1741  2625  2306  3029  2717
DG110A  1980  2412  2229  2120  1521  1553  1258  1017  1284  1095  1157
DG110A  1990   899  1021   859 -9999
DG113A  1764  1741  1518  1113  1173  1100   956
DG113A  1770   930  1168   952  1099  1641  1414  1510   652   658   688
DG113A  1780   979  1337  1511   897   983   978   806   841  1002  1446
DG113A  1790   956  1021   833   400   420   677   716   471   420   447
DG113A  1800   396   504   994   990  1074   644   778   568   671   927
DG113A  1810   776   739   716   611   573   596   537   459   413   472
DG113A  1820   591   664   830  1034  1060  1050  1002  1247  1565  1232
DG113A  1830  1139   849   861   728   572   669   629   613   596   416
DG113A  1840   321   215   290   369   410   392   361   455   470   378
DG113A  1850   499   585   642   670   615   559   601   494   734   675
DG113A  1860   717   786   718   632   714   601   752   748   798   742
DG113A  1870   887   763   973   847   771   729   676   520   519   430
DG113A  1880   490   478   519   399   315   344   365   317   484   413
DG113A  1890   383   463   519   676   783   625   531   593   471   463
DG113A  1900   464   612   553   684   742   788   671   602   552   428
DG113A  1910   517   612   570   643   597   563   639   870   980  1065
DG113A  1920   746   784   796   848   837   810   753   899   616   661
DG113A  1930   572   488   637   913   685   621   692   718   891   944
DG113A  1940   598   641   709   858   890   798   589   638   500   599
DG113A  1950   483   338   442   639   572   552   546   639   763   691
DG113A  1960   485   382   527   646   728   632   580   660   620   620
DG113A  1970   651   705   746   492   642   705  1026   687   721   678
DG113A  1980   582   654   606   679   637   588   712   971   955  1148
DG113A  1990  1011  1199   768 -9999
DG116A  1752  2529  1837  1321  2089  1063  1072  1289  2111
DG116A  1760  2281  2252  2043  2533  2127  1555  2337  1848  1576  1185
DG116A  1770  1186   996  1175   807  1132  1292  1286  1039   779  1432
DG116A  1780  1218  1278  1187  1400   985  1289  1127  1309  1035  1210
DG116A  1790  1203  1277   990   700  1177  1240  1315  1212  1203  1009
DG116A  1800  1116  1091  1071  1170  1179   924   926  1228   955   881
DG116A  1810   812   862   954  1220   930   883   761  1052  1195   884
DG116A  1820   824   936  1183   943  1127  1163   803   916   890   865
DG116A  1830   877   985   928   768   802   715   441   499   409   484
DG116A  1840   344   460   494   998  1164   870   700   512   779   654
DG116A  1850   531   605   645   546   806   493   505   580   655   613
DG116A  1860   371   714   747   654   589   508   473   536   513   446
DG116A  1870   715   599   744   716   595   590   502   426   611   397
DG116A  1880   489   343   267   247   314   290   340   290   386   441
DG116A  1890   530   519   402   611   448   461   485   594   654   499
DG116A  1900   560   628   327   473   474   449   298   236   257   250
DG116A  1910   300   282   418   320   318   281   204   175   338   524
DG116A  1920   360   443   342   459   333   301   249   284   161   266
DG116A  1930   308   191   240   366   202   331   251   290   444   325
DG116A  1940   273   321   504   444   397   341   374   349   204   492
DG116A  1950   770   274   366   371   399   510   311   249   275   217
DG116A  1960   400   230   199   237   319   248   271   225   453   387
DG116A  1970   260   244   317   568   349   307   287   245   198   370
DG116A  1980   333   266   240   231   290   145   234   246   242   384
DG116A  1990   266   267   334 -9999
DG117A  1744  2082  1669  1442  1143  1122  1129
DG117A  1750   960   680   790   744   737   905   446   521   817  1943
DG117A  1760  1559  2000  1676  1612  1859  1160  1175  1303  1045  1275
DG117A  1770   971   546   537   602  1094  1300  1382   998   778  1330
DG117A  1780  1520  2000  1919  1564   967  1125  1116  1365  1155  1473
DG117A  1790  1499  1516  1061   691  1052   967   483   360   564   566
DG117A  1800   464   324   411   626   943   949  1351  1312  1110  1068
DG117A  1810  1266  1493  1626  1278  1096  1175   846   924   705   769
DG117A  1820   375   526   670   728  1171  1294  1001  1203  1194  1173
DG117A  1830  1152  1160   953  1091  1809  2069  1576  1823  1515  1346
DG117A  1840  1508  1382  1236  1266  1040   786   656   589   501   512
DG117A  1850   472   544   930   842  1240  1042  1152  2067  2242  1875
DG117A  1860  1445  1493  1191  1091   931   838   653   703   650   763
DG117A  1870  1140   860  1008   945  1171  1217  1060   625   708   483
DG117A  1880   771   677   819   653   696   691   484   540   804   709
DG117A  1890   797   823   591   698   746   623   658   686   808   696
DG117A  1900   628   617   404   643   673   576   387   389   346   354
DG117A  1910   598   791   851   654   567   587   564   528   645   720
DG117A  1920   623   722   721   630   522   605   583   403   222   341
DG117A  1930   427 -9999
DG119A  1754   821   796  1068  1488  1946  1695
DG119A  1760  2559  2321  2250  1590  2438  1873  1784  1392  1039   967
DG119A  1770   745   674   794  1119  1318  1012   877  1061  1254  2187
DG119A  1780  1736  1900  2160  1645  1817  2023  1714  2081  2051  1766
DG119A  1790  2354  1964  1897  1435  1885  2054  1899  1321  1593  2219
DG119A  1800  2237  2060  1678  2076  2635  1662  1395  1416  1467  2065
DG119A  1810  1591  1468  1125  1119  1149  1997  2320  1697  1235  1171
DG119A  1820     0  1852  1278  1147  1587   968  1304  1273  1384  1435
DG119A  1830  1614  1502  1861  1599  1130   772   686   655   798  1088
DG119A  1840  1594  1749  1650  1705  1428  1574  1045  1200  1134   818
DG119A  1850   749  1022   542   531   428   331   663   740   825   812
DG119A  1860   968  1491  2029   245  1221   914  1095  1107  1316  1328
DG119A  1870  1290  1230  1283   857   948   847   930   754   952   603
DG119A  1880   719   743   930   764   796   891   712   771   681   520
DG119A  1890   412   470   821   945   822   816  1102  1150  1171   642
DG119A  1900   697   548   431   556   639   722   716   679   559   486
DG119A  1910   931  1560  1649  1468   888  1099   911   722   631   630
DG119A  1920   323   312   337   484   322   458   352   418   285   411
DG119A  1930   596   660  1409  1111  1004   884   683   701   863   769
DG119A  1940   449   815   746   611   506   532   518   757   513   689
DG119A  1950   725   620   566   308   447   521   456   530   433   538
DG119A  1960   394   228   294   337   701   505   377   329   194   411
DG119A  1970   436   647   558   671   413   414   559   380   375   466
DG119A  1980   329   747   552   614   466   392   380   298   445   454
DG119A  1990   512   351   476 -9999
DG120A  1753  1405  1513  2637  1196  1291  1265  1585
DG120A  1760  2266  1989  2053  3169  2266  1909  2010  2314  1637  1835
DG120A  1770   908   584   661   542   883   903  1245  1258  1110  1876
DG120A  1780  1830  2118  2494  2092  1204  1138  1079  1267  1418  1765
DG120A  1790  1955  1829  1833  1697  1699  1997  1999  1765  1439  1477
DG120A  1800  1634  1438  1880  2158  2295  2162  2365  1841  1543  1327
DG120A  1810   873  1161  1178  1267  1534  1357  1329  1887  1770  2490
DG120A  1820  1472  1086  1257  1744  1877  1707  1123  1126  1498  1788
DG120A  1830  1537  1280  1058  1367  1869  1324   884  1180  1110   834
DG120A  1840   795   955   599   766  1063  1005  1079  1005  1184  1399
DG120A  1850  1207  1199  1139   877   706   497   517   755   579   538
DG120A  1860   593   620   475   648   848   878   769   664   888   779
DG120A  1870   894   996   960   985  1448  1499  1326   949  1238   845
DG120A  1880  1122   621   627   376   339   423   662   719   976   711
DG120A  1890   753  1110  1031  1311  1153   768   851   793   888   764
DG120A  1900   865   878   599   920   843  1082   783   751   688   476
DG120A  1910   873   988   952   713   453   634   528   417   587   719
DG120A  1920   539   558   486   579   658   495   760   842   838   819
DG120A  1930   786  1091  1059  1108   902   914   858   998   785   694
DG120A  1940   764   568   565   355   528   771   795   974   862   672
DG120A  1950   597 -9999
DG126A  1756  3153  2318  2213  1593
DG126A  1760  2594  2600  2527  3609  3434  3139  3244  3171  2931  2310
DG126A  1770  1438   930  1304  1195  1602  1729  1801  1569  1391  2323
DG126A  1780  1894  2082  1854  1636  1236  1589  1573  1598  1123  1447
DG126A  1790  1260  1088  1267   681   722   793  1194  1150   878   681
DG126A  1800   639   679   741  1007  1407   949  1042  1073   833   731
DG126A  1810   766   725   711   805   611   556   577   703   651   545
DG126A  1820   152   212   321   382   670  1050   873  1098  1189  1119
DG126A  1830   906  1137  1232   985   872   579   362   472   352   298
DG126A  1840   197   176   349   303   427   465   557   397   441   551
DG126A  1850   802   766   767   660   697   496   652   472   434   554
DG126A  1860   537   747   790   923   982   826   822   977   920   684
DG126A  1870   608   585   606   471   566   601   561   395   434   380
DG126A  1880   388   330   342   345   375   328   419   595   534   624
DG126A  1890   655   669   643   657   192   141   428   397   481   449
DG126A  1900   298   328   338   445   466   516   359   353   322   410
DG126A  1910   450   623   720   837   656   545   601   560   683   588
DG126A  1920   531   531   428   431   456   661   897   704   646   696
DG126A  1930   564   566   522   464   479   536   422   503   619   653
DG126A  1940   455   545   400   457   437   336   418   493   432   603
DG126A  1950   589   407   389   392   387   521   379   301   419   419
DG126A  1960   401   265   427   403   570   402   282   108   152   278
DG126A  1970   230   452   546   512   718   867   848   623   854   948
DG126A  1980  1032  1385  1181   941   745   676   847  1055  1206  1393
DG126A  1990  1171  1120   895 -9999
DG128A  1759  4807
DG128A  1760  1572  1085  1228  1794  1557   664  1066  1063  1097  1262
DG128A  1770  1053   453   366   420   486   608   590   511   961  1148
DG128A  1780  1295  1590   910  1130   781   967  1100  1381  1218  1248
DG128A  1790  1239  1303  1452   822  1150  1511  2078  1658  2025  1846
DG128A  1800  1773  1927  1701  1869  1949  2020  2004  1993  1580  1079
DG128A  1810  1400  1370  1871  1804  1914  2061  2060  2215  2454  2757
DG128A  1820  1698  1847  2518  2535  2559  3007  2578  2699  2957  2334
DG128A  1830  2028  2069  2129  2186  2195  2089  1840  2082  1994  1749
DG128A  1840  2122  1623  1750  1937  1469  2089  2275  2384  1692  1910
DG128A  1850  1597  1372  2007  1941  1660  1484  1556  1865  1827  1307
DG128A  1860  1235  1392  1392  1453  1346  1148  1022   941  1008  1019
DG128A  1870  1093  1073  1494  1469  1327  1600  1615   992  1164   756
DG128A  1880  1264   961  1110   957   900   586   903  1115   912   914
DG128A  1890   915   881   898  1024   883   968  1037   882  1115  1136
DG128A  1900  1331  1360  1253  1447  1137   974   664   654   483   651
DG128A  1910   878   944  1023   672   723   857   840   794   949   954
DG128A  1920   797   874   792   798   836  1018   948   684   684   782
DG128A  1930   663   799   905   612   439   679   597   695   765   697
DG128A  1940   554   699   695   895   761   604   730   549   419   715
DG128A  1950   652   485   538   515   530   714   432   393   500   607
DG128A  1960   591   489   514   423   562   531   455   471   316   367
DG128A  1970   429   635   635   700   795   722   741   529   679   656
DG128A  1980   625   954   765   555   652   502   714   973  1056   899
DG128A  1990   627   572   579 -9999
DG130A  1767  1933  2141  1704
DG130A  1770  1321  1280  1143  1198  1073  1496  1135   981  1076  1223
DG130A  1780  1019  1730  1934  1549  1410  1801  1363  1508  1285  1118
DG130A  1790  1348  1992  1267   898  1033   771   832   962  1112  1006
DG130A  1800   945  1179  1753  2218  2076  1823  1771  1588  1194  1474
DG130A  1810  1095  1260  1217  1697  1796  1740  1539  1731  1385  1204
DG130A  1820   806   763  1494  1554  2566  3038  2610  2545  2116  1908
DG130A  1830  1843  1790  1457  1539  1969  1629  1186  1559  1580  1543
DG130A  1840  1383  1334  1099  1619  1475  1645  2009  1871  1689  1981
DG130A  1850  1628  2115  2258  1582  1586  1368  1440  1764  1754  1011
DG130A  1860  1320  1632  2119  1866  1872  1592  1413  1076  1353  1127
DG130A  1870  1305  1627  1652  1757  1491  2119  1631  1201  1397  1061
DG130A  1880  1219  1353  1367  1000  1422  1088  1165  1065   964  1029
DG130A  1890  1342   891   786  1176  1223   660  1220   959   930  1046
DG130A  1900   894  1286   721   949  1052  1308   989   909   703  1000
DG130A  1910   767  1425  1018   828   925   907   982   895  1101   875
DG130A  1920   892  1125   933  1066   956  1015  1168  1038   984  1193
DG130A  1930  1126   900  1151   931   782   621   656   951   867  1134
DG130A  1940   863   932  1107  1113  1027  1211  1300   690   919   882
DG130A  1950   932   698   913  1057   945  1022   956   743   464   744
DG130A  1960   776   440   389   506   851  1065   707   916   536   460
DG130A  1970   515   775  1014   696   830   784   935   600 -9999
DG132A  1751   732  1198  1332  1243  1651   430   619   913  1638
DG132A  1760  2102  1938  1845  2650  2268  1335  1510  1471  1565  1689
DG132A  1770   975   536   529   583   725   807  1245   936   790   886
DG132A  1780  1273   944  1342  1192   828  1528  1251  1738  1440  1714
DG132A  1790  1763  1637  1642  1183  1585  1571  1709  1283  1261  1393
DG132A  1800  1117  1493  1695  1642  1957  1448  1198  2078  1720  1745
DG132A  1810  1577  1478  1461  1736  1287   962  1349  1560  1255  1508
DG132A  1820   873   992  1375  2069  1853  2356  1485  1386  1589  1632
DG132A  1830  1821  1889  1617  1178  1296  1250   987  1219  1173   853
DG132A  1840  1025   939   685   857   867  1157  1487  1363   937   918
DG132A  1850  1028   944  1149   966   717   709   757   789   893   756
DG132A  1860   988   904   985  1059  1221   796   704   837   806   696
DG132A  1870   681   694   837   894   926  1357  1168   770   725   552
DG132A  1880   641   767   885   881  1045   852   622   608   651   676
DG132A  1890   745   676   819   935   630   408   509   545   509   503
DG132A  1900   566   712   599   671   750   669   619   508   433   460
DG132A  1910   685   930   724   681   654   652   613   452   560   586
DG132A  1920   484   414   404   505   564   773   862   705   527   613
DG132A  1930   607   547   533   426   334   329   404   439   396   432
DG132A  1940   466   562   469   758   697   656   751   495   811   733
DG132A  1950   712   640   770   637   664   789   507   419   535   508
DG132A  1960   414   187   262   416   621   376   295   350   223   296
DG132A  1970   439   663   490   318   297   370   443   332   344   344
DG132A  1980   359 -9999
