GOS01   1849  2596
GOS01   1850  3187  2471  2548  2108  3681  4309  3094  3098  2893  2348
GOS01   1860  2342  3142  1613  1642  1592  1833  1507  1759  2569  1903
GOS01   1870  1591  1505  1919  1960  2457  1986  1786  1176  1587  1380
GOS01   1880  1299   837  1182  1233  1415  1478  1185  1942  2310  2708
GOS01   1890  2428  1917  1768  1697  1420  1398  2229  1844  1363  1232
GOS01   1900  1262  1098  2097  2796  2438  2324  1530  1272  1203  1315
GOS01   1910  1310   896   960  2188  2516  3079  3006  2708  2443  1890
GOS01   1920  1691  1315  1163  1961  1559  1689  1047  1535  1284  1252
GOS01   1930  1050  1161  1627  1760  1721  1695  1862  1550  1720   822
GOS01   1940   526   529   567  1008  1103  1926  1612  1435  1579  2077
GOS01   1950  1220  1356  1332  1415  1009  1655  1420  1671  1221   663
GOS01   1960   870   740   846   566   438   343   345   266   160   268
GOS01   1970   262   475   390   490   709  1376  1258  1272  1204   911
GOS01   1980   862   734  1115   801  1078   697   362   365   437   456
GOS01   1990   498   368   645   493   303   322   282   552   205   185
GOS01   2000   228 -9999
GOS02   1834  2840  1958  1465  1831  1827  1782
GOS02   1840  2277  2423  3038  2762  2375  3643  3541  3206  3618  3114
GOS02   1850  2832  2687  2523  2244  2716  2052  2261  1890  2569  2337
GOS02   1860  2455  2316  3119  2441  1864  1915  1917  1831  2540  2214
GOS02   1870  1704  1166  1376  1525  2699  1529  1886  1356  1456  1383
GOS02   1880  1839   749  1380  1754  1453  1371   955   988   799   989
GOS02   1890  1297  1273  1019   849   954   679   997  1285  1090   742
GOS02   1900  1112   837   922   954  1249   699   657   572   318   476
GOS02   1910   710   658   571   836   561   392   858   487   762   858
GOS02   1920   519   499   583   763   370   511   763   594   519   424
GOS02   1930   532   520   689   561   682   637   618   426   522   457
GOS02   1940   275   331   247   480   521   458   523   428   491   639
GOS02   1950   321   266   310   533   340   501   375   641   748   557
GOS02   1960   578   664   812   560   515   569   653   930   576   355
GOS02   1970   396   437   353   342   343   448   342   411   463   267
GOS02   1980   234   343   515   321   417   356   321   362   341   491
GOS02   1990   342   511   714   437   501   363   390   672   669  1183
GOS02   2000  1350  1121   854   693  1017  1533  1280  1036   811   606
GOS02   2010 -9999
GOS03   1834  1645  2196   922   821  1024  1116
GOS03   1840  1844  2528  2491  2310  2347  3276  3658  3703  4120  3562
GOS03   1850  3454  3078  3413  2104  3514  3316  2730  3434  2652  3426
GOS03   1860  2112  2286  3526  3255  2633  2508  1829  1966  3547  2123
GOS03   1870  2130  2213  2607  2996  3131  2972  2824  1852  1830   970
GOS03   1880  1128   638  2010  2532  2268  1821  1443   996  1256  1162
GOS03   1890  1666  1531  1324  1070   773  1546  2436  2615  2519  1091
GOS03   1900  1472  1228  1747  2074  1757  1767  1048   784   700   656
GOS03   1910   963  1471  1429  1640  1241   816   912   582  1123  1134
GOS03   1920  1041  1240   987   963   796   826   881  1654  1154   902
GOS03   1930   910   995  1166   846   942  1159   766   679   723  1336
GOS03   1940  1539  1749  1207  1132  1135  1174  1101   582   540  1346
GOS03   1950  1493  1504  1345  2277  1791  2161  1524  1652  1312  1093
GOS03   1960  1164  1599  2518  2413  2150  1853  1514  1313   815   486
GOS03   1970   646   751   551   434   476   804   625   806   647   425
GOS03   1980   571   754  1230  1566  1715  1016   699   921   857   868
GOS03   1990   837   868  1143   899   741   646   646  1470  1235  1565
GOS03   2000  2005  1880  1662  1337  1171  1247  1810  2206  1971  1099
GOS03   2010 -9999
GOS04   1829  2701
GOS04   1830  2418  3195  4763  3890  4471  3818  3409  3664  2863  2779
GOS04   1840  2696  3260  2290  2668  2637  2570  2679  3029  2897  2660
GOS04   1850  2318  2434  2446  2329  2911  2857  2223  2942  2614  2455
GOS04   1860  2043  2074  1800  2625  2297  2106  2021  1556  1937  2139
GOS04   1870  2264  1822  1832  1947  2615  2647  1863  1577  1737  1631
GOS04   1880  2216  1536  1810  2117  2711  1873  1853  1302  1407  1196
GOS04   1890  1344  1154  1429  1747  1293  1461  1781  1854  2033  2308
GOS04   1900  2245  1547  1133  1198  1430  1483  1187  1176  1006  1010
GOS04   1910   713   804   493   815   766   889  1271  1058   868   827
GOS04   1920   539   624   688   995   804   833   722   575   491   450
GOS04   1930   562   796   767   735  1115  1325  1482  1286  1357  1127
GOS04   1940   860  1117  1084  1471  2228  1817  1475  1472  1101   858
GOS04   1950   626   784   995  1007   943  1196  1207  1079   900  1017
GOS04   1960   846   806   995  1148  1310  1066   864   744   715   706
GOS04   1970   448   343   405   308   385   693   722   601   343   386
GOS04   1980   418   258   226   375   281   435   417   503   450   310
GOS04   1990   313   372   409   196   245   151   192   355   129   313
GOS04   2000   309   479   587   617   468   331   489   405   383   407
GOS04   2010 -9999
GOS05   1846  2708  3559  2792  2114
GOS05   1850  2070  2043  1759  2215  2566  1752  1968  2006  2140  2081
GOS05   1860  2238  2178  2479  2559  1915  2987  2652  2593  3802  3022
GOS05   1870  2077  1831  1686  1622  1860  1683  2278  1935  2438  1852
GOS05   1880  2538  1656  1811  2161  2323  1716  1650  1497  1607  1723
GOS05   1890  1812  1733  1521  1720  1497  1130  1155  1361  1403  1017
GOS05   1900  1139   976  1010  1037  1108  1132  1150   692   767   951
GOS05   1910  1250  1355  1263  1448  1569  1410  1852  1415  1424  1467
GOS05   1920   852  1055   923   962   833   767   884   816   588   716
GOS05   1930   710   830  1009   873  1051  1055   980   909   823   829
GOS05   1940   788   932   767  1065  1074   800  1104   985   800   932
GOS05   1950   819   988   949  1001   804   910   783   728   828   893
GOS05   1960   858   617   793   808   949   921   920   966   893   858
GOS05   1970   703   837   846   838  1012  1323  1184   968   993   848
GOS05   1980   828   933   889   869   951   826   509   696   693   725
GOS05   1990   664   644   681   717   690   754   754   785   792   648
GOS05   2000   927   916   670   713   540   364   937   660   870   872
GOS05   2010 -9999
GOS08   1839  2286
GOS08   1840  2646  2903  2782  2129  2573  2936  2613  3766  3290  2922
GOS08   1850  3154  2977  2055  1175  1756  2351  2794  2918  2366  1824
GOS08   1860  1476  1514  2139  2353  1616  1650  1001  1532  3216  2501
GOS08   1870  1660  1326  1365  1990  4108  3779  2838  2140  2386  1553
GOS08   1880  1879  1568  2701  2803  2608  2084  1768  1287  1682  1710
GOS08   1890  2171  2119  1715  2012  1494   811   320   361   256   245
GOS08   1900   254   171   169   765  1105  1413  1448  1425  1192  1012
GOS08   1910  1337  1423   942  1338  1154   883  1062   593   995  1270
GOS08   1920  1375   901   762   625   539   350   243   309   127   159
GOS08   1930   169   201   190   191   414   338   202   169   137   159
GOS08   1940   127   159    95   138   190   117   127   116   191   191
GOS08   1950   106   119   106   158   138   148   201   170   148   117
GOS08   1960   308   212   350   361   212   255   862   309   202   106
GOS08   1970   148   212   190   265   127   137    64   106    74   159
GOS08   1980   148    95    64   180   105    85   116   191   137    65
GOS08   1990    85   150   137   107   127   138    74    84    54   138
GOS08   2000   169    64    54 -9999
GOS09   1835  1399  1060  1189   409   325
GOS09   1840   680   955  1315  1720  1679  1738  2040  1661  1738  1629
GOS09   1850  1042  1291  1220  1034  1160  1013  1768  1132  1574  1223
GOS09   1860   969  1832  1629  2348  1871  1466  1254  1208  1768  1430
GOS09   1870  1411   668  1373  1454  2363  2306  1318  1363  1369   782
GOS09   1880  1030   649  1791  1497  1780  1261  1008   938  1159  1132
GOS09   1890   872  1107   995  1308   938   813  1115  1258  1457  1051
GOS09   1900   967   666   641   931  1162  1143  1152   838   866   881
GOS09   1910  1013   677   880  1155  1126  1048  1147  1392  1705  1551
GOS09   1920  1540  1603  1030  1720  1373  1151   766   653   654   585
GOS09   1930   740   751   931   972   867  1403  1808  1497  1906  1856
GOS09   1940  1519  1511  1655  3022  3049  3017  1601  1376   968  1215
GOS09   1950   676  1019   865   950   914   930   849   894   986  1186
GOS09   1960  1011   991  1110  1178  1451  1127   894  1048   875   578
GOS09   1970   590   554   611   655   385   712   961   603   714   820
GOS09   1980   810   824   821   813  1200   760   639   835   444   528
GOS09   1990   428   459   459   448   395   341   364   482   331   566
GOS09   2000   580   413   498   531   544   476   471   424   553   583
GOS09   2010 -9999
GOS11   1843  1675  1710  2376  2695  2894  2087  1529
GOS11   1850  1649  1744  2104  1846  2358  2711  2793  2514  2376  1805
GOS11   1860  2266  2192  2671  2249  1748  2008  2152  2333  2643  2835
GOS11   1870  2942  2595  3050  2728  2990  3032  2537  1947  2533  2266
GOS11   1880  2952  1745  1569  1911  2575  2122  1833  2405  1799  1451
GOS11   1890  1284  1373  1261  1668  1549  1160  1009  1297  1920  1722
GOS11   1900  1271  1467  1351  1670  1811  1832  1467   901   750   416
GOS11   1910   521   606   777   755   680   544   755   533   468   638
GOS11   1920   788 -9999
GOS15   1861  4220  4298  4773  3426  4019  4555  3410  5325  4564
GOS15   1870  3993  3501  4298  4323  6362  4564  2998  2751  3303  1984
GOS15   1880  4182  2811  3467  3234  4166  3653  2947  2617  2836  3034
GOS15   1890  2857  2372  1832  2012  1969  1175  1462  1897  2309  2193
GOS15   1900  2025  1713  1457  1809  1863  2295  2141  1747  1517  1792
GOS15   1910  2078  2139  2074  2435  2649  2381  2012  1474  1442  1612
GOS15   1920  1178  1219  1593  1271  1081  1259  1450  1238  1111  1207
GOS15   1930  1673  1810  2201  1831  1492  1630  1535  1218  1482  2054
GOS15   1940  1112  1090  1407  1388  1376  1262  1158   706   736   664
GOS15   1950   684   566   439   590   459   638   798   925   617   533
GOS15   1960   617   692  1031   681   531   468   338   351   232   223
GOS15   1970   233   285   191   317   328   656   679   497   371   192
GOS15   1980   222   319   287   297   339   159    96   190   138   138
GOS15   1990    95   127    84    64   116   149   127   179   118   137
GOS15   2000   140   159   211   149   169   158   202   212   159   148
GOS15   2010 -9999
GOS16   1843  6636  4702  5312  3580  3402  3451  4090
GOS16   1850  2990  3170  3315  3202  4281  3353  2205  2284  2523  2343
GOS16   1860  2227  2140  1821  1727  1900  2232  2052  1297  2684  2539
GOS16   1870  1351  1644  2257  1888  1910  2073  2641  2234  2163   963
GOS16   1880  1453  1245  1939  1710  2158  1633  1667  1415  1366  1040
GOS16   1890  1815  1772  1728  1804  1643  1687  1296   945  1487  1251
GOS16   1900  1171  1040  1025  1418  1569  1585  1134  1075   776   783
GOS16   1910   829   769   611  1091  1039   534   757   536   569   852
GOS16   1920   872   617   511   723   500   372   563   712   489   362
GOS16   1930   450   628   715   644   581   548   312   247   216   247
GOS16   1940   216   334   289   592   724   655   400   324   259   724
GOS16   1950   442   444   377   314   219   511   493   823   642   385
GOS16   1960   375   587  1034   637   428   472   301   343   181    88
GOS16   1970   149   204   213   248   386  1100  1186   587   439   224
GOS16   1980   310   512   625  1072  1211   806   878   974   836   932
GOS16   1990   740   963  1281  1418  1514  1333   836   826  1228  1499
GOS16   2000  1433  1126  1074  1128   989   851   969  1063   862   849
GOS16   2010 -9999
GOS17   1874  4770  5293  4212  3325  3700  2954
GOS17   1880  4814  3152  4497  4759  4354  2878  3043  3104  2713  3212
GOS17   1890  3045  2350  2132  3668  2323  2611  3267  2287  2038  1690
GOS17   1900  2252  1776  2431  1841  2716  3184  2354  1513  1416  1185
GOS17   1910  1584  2047  1574  1873  1977  1278  1205  1022  1142  2103
GOS17   1920  2013  1977  1680  2120  1643  1792  2204  2259  1640  1510
GOS17   1930  1656  1146  1855  1734  2497  3302  2525  1974  2419  1814
GOS17   1940  1092  1224  1322  1529  1641  2166  1591  1531  1812  1997
GOS17   1950  1447  1559  1065  1880  1604  2180  1514  1801  1513  2235
GOS17   1960  2212  2781  3006  3177  2494  2473  2061  2929  2952  1874
GOS17   1970  1219  1678  1663  1910  1493  2625  2944  2209  2000  1414
GOS17   1980  1515  1543  2974  2607  2452  2285  1234  2100  2310  1917
GOS17   1990  1919  1811  1768  1475  1980  1535   937  1354   914  1094
GOS17   2000  1421  1409  1355  1811  1716  1557  1873  2149  2223  2277
GOS17   2010 -9999
GOS18   1802   731   614  1129  1617  2767  2664  2058  1810
GOS18   1810  2169  1782  1554  1554  1413  1173  1329  1576  1757  2499
GOS18   1820  2162  1909  1660  1721  1598  1760  1256  2376  3100  2581
GOS18   1830  2741  3576  3702  2534  3298  2659  1916  2201  1831  1672
GOS18   1840  1588  2095  1715  2233  1460  1778  1853  1778  2711  2785
GOS18   1850  2712  2977  3365  2901  2328  2128  2408  2512  2660  2317
GOS18   1860  3184  2970  3036  3111  3039  2819  2563  2127  2509  2953
GOS18   1870  2435  2625  2265  2341  2543  1950  2214  1556  1834  1312
GOS18   1880  2150  1674  1980  1429  2023  1800  1811  1980  2202  2098
GOS18   1890  2361  1825  1959  3016  1782  1713  2279  1667  1781  1843
GOS18   1900  1842  1466  1336  1304  1641  1630  1577  1500  1453  1745
GOS18   1910  1770  1904  1196  1218  1743  1668  1740  1158  1471  1746
GOS18   1920  1095  1403  1437  1543  1035  1661  1808  1695  1027  1522
GOS18   1930  1374  1204  1304  1491  1277  2260  2244  1579  2342  2056
GOS18   1940  1398  1946  1476  1698  1474  1913  1299  1340  1542  1559
GOS18   1950  1661  1463  1410  1444  1140  1493  1322  1225  1237  1404
GOS18   1960  1347  1229  1241  1208  1459  1356  1314  1164  1025  1251
GOS18   1970   927  1253  1204  1236  1247  1310  1023  1193  1191  1051
GOS18   1980  1371  1361  1253   978   733   869  1039  1538  1166  1075
GOS18   1990  1404  1073   870   979   948  1209   912  1244   888   990
GOS18   2000   817   709   841   842   731   644   732   823   763   648
GOS18   2010 -9999
GOS19   1863  2494  1538  1009  1128  1326  1916  1458
GOS19   1870  1297  1184  1884  2490  2475  2542  2128  1575  1715  1425
GOS19   1880  1776  1385  1456  1730  1423  1116   959  1067  1251  1162
GOS19   1890  1169   996  1257  1556  1289   848  1164  1374  1618  1512
GOS19   1900  1348  1041  1024  1355  1310  1119   904   658   499   482
GOS19   1910   707   717   730   998  1157  1127  1417   926  1114  1304
GOS19   1920  1000  1124  1145  1297  1051   844   682   805   673   931
GOS19   1930   875   796   845   784   886  1030  1233  1133  1168  1176
GOS19   1940   910   871   878  1003   821   792   926   939   975  1217
GOS19   1950   701   824   594   573   476   682   668   651   728   650
GOS19   1960   844   805   797   905   941   902   889  1144   768   511
GOS19   1970   508   696   768   815   947  1354  1174   928   994  1014
GOS19   1980  1354  1212  1123   991   954   843   904  1081  1072   861
GOS19   1990   580   629   764   710   707   730   643   693   517   673
GOS19   2000   696   589   616   594   510   422   366   457   522 -9999
GOS20   1830  1674  3047  3465  2570  2966  3195  2219  2466  1359  1543
GOS20   1840  1941  2645  3256  3435  3311  4407  3724  3500  3363  3363
GOS20   1850  3374  3376  3379  2972  3767  2745  3379  3056  2782  3126
GOS20   1860  3345  3344  2487  2434  1782  1991  1812  1315  2001  2360
GOS20   1870  2615  1926  2169  2498  3620  2847  2624  2374  2372  1638
GOS20   1880  2109  1241  1775  1998  1776  1148   998   714   629  1061
GOS20   1890   917   990  1175  1303  1671  1151  1192  1395  1480  1309
GOS20   1900  1137   946   787  1135  1098  1431  1258   795   658   635
GOS20   1910   970   945   960  1338  1900  1395  1559  1279  1205  1359
GOS20   1920  1248  1213   841   854   715   650   523   621   366   216
GOS20   1930   238   282   370   206   468   497   229   241   242   205
GOS20   1940   195   231   219   247   235   655   558   546   552   730
GOS20   1950   411   726   555   567   513   863   524  1047   808   632
GOS20   1960   710   575  1007   660   640   720   294   382   227   145
GOS20   1970   161   248   171   144   128   275   335   402   294   228
GOS20   1980   184   221   308   412   351   322   334   362   258   308
GOS20   1990   268   201   305   288   205   204   168   218   218   234
GOS20   2000   178   208   134   128   171   209   190   338   399   268
GOS20   2010 -9999
GOS21   1840  1951  2028  2516  2925  3329  3031  4607  3725  3738  4304
GOS21   1850  4609  3690  3236  3593  3173  3742  2457  2410  2408  2223
GOS21   1860  2779  3377  2672  3675  2507  2552  1388  1172  1333  2232
GOS21   1870  2076  1866  2440  2192  2324  2258  2216  1615  2215  1411
GOS21   1880  1950  1330  1987  1968  2433  1522   919  1061   796   763
GOS21   1890   770  1085  1212  1162   800  1282   914   641  1118   885
GOS21   1900   792   356   791  1183  1039  1018   676   566   457   422
GOS21   1910   743   553   545   643   898   726   888   549   494   865
GOS21   1920   860   860   954   978   656   993  1155  1017   721  1051
GOS21   1930   878   995   930   745   664   866   706   925   880   796
GOS21   1940   550   612   521   517   717   635   578   588   654   868
GOS21   1950   656   622   786   962   706  1062   787   733   658   731
GOS21   1960   897  1066  1399  1370  1362  1375  1217  1034   722   539
GOS21   1970   489   534   362   629   669   887  1017  1215  1122   595
GOS21   1980   707   539   459   616   693   602   435   669   730   524
GOS21   1990   734   657   711   657   632   848   626   938   726   707
GOS21   2000   925   586   820   998  1091   900   706   830   855   722
GOS21   2010 -9999
GOS22   1762  4250  4484  3541  3824  4306  4913  4221  3749
GOS22   1770  4078  3342  2759  2955  2986  2226  2743  3321  3804  3599
GOS22   1780  3344  3052  1887  1486  1152  1609  1444  1114  1839  1885
GOS22   1790  1279   994  1317  1528  1607  1338   938   334   342   548
GOS22   1800   971  1169   938   531  1005  1806  2433  2290  2035     0
GOS22   1810     0     0     0     0     0     0     0     0     0  1919
GOS22   1820  2328  2053  1613  1051  1157  1517  1296  1235  1061  1275
GOS22   1830  1137  1232   882   870   882  1115   968   979   425   340
GOS22   1840   522   840  1555  2597  2304  2787  2366  1654  1619  1610
GOS22   1850   931   964  1028   860   795   511   897  1157  1166  1088
GOS22   1860  1366  1032  1272  1315  1176  1090  1162   930  1012   911
GOS22   1870  1055  1023   786   799   947  1024  1218   942  1164   996
GOS22   1880  1351   760   837   829   825   752   596   719   786   704
GOS22   1890   858   575   557   582   590   428   605   627   757   509
GOS22   1900   419   375   485   453   436   600   542   506   443   682
GOS22   1910   797   954   663   750  1088   891   900   411   531   644
GOS22   1920   639   804   806   573   389   698   826   688   621   503
GOS22   1930   631   461   697   493   881   919   867   621   763   669
GOS22   1940   696  1133   825   618   788   698   603   341   635  1078
GOS22   1950   741   815   741   764   525   755   731   514   517   636
GOS22   1960   655   572   761   586   552   586   375   446   475   494
GOS22   1970   526   686   595   697   756   811   697   784   719   536
GOS22   1980   565   490   531   611   537   467   557   790   778   557
GOS22   1990   757   711   503   601   580   666   820   724   516   495
GOS22   2000   633   750   616   519   744   837   700   653   643   694
GOS22   2010 -9999
GOS23   1710   318   360   222   339   476   328   345   262   320   561
GOS23   1720   517   329   617   645   834  1846  1872  1587  1590  1251
GOS23   1730  1841  2720  1990  1312  1111  1397  1397  1006   751   519
GOS23   1740   709   921  1069  1197  1029  1421   923   763  1124  1305
GOS23   1750  1315   989   920   900  1006  1451   997   970   711   980
GOS23   1760  1353  1244  1422  1905  1355  1907  2123  2098  1732  1746
GOS23   1770  1512  1861  1470  1535  2042  1694  2817  3273  1773  1306
GOS23   1780  2029  2072  1989  2406  1816  1773  1623  1912  1965  1955
GOS23   1790  1564   937  1252  1820  2251  1851  1637  1165  1202  1253
GOS23   1800  1722  1222   998   801  1266  1160  1034   914  1000   946
GOS23   1810   873  1077  1165  1804  1431  1100  1057  1463  1170  1327
GOS23   1820  1170   963   858   936  1078  1219   976  1298  1336  1046
GOS23   1830  1066  1541  1221  1084  1477  1319  1127  1297   605   521
GOS23   1840   872  1302  1191  1683  2165  2347  1750  1497  1542  1277
GOS23   1850   990   849   758   746   832   864   610   554  1013  1143
GOS23   1860  1205  1270  1041  1067   757   725   746   480   494   851
GOS23   1870  1252   729   556   579   849   834   924   980   943   832
GOS23   1880  1419  1139  1249  1220  1080   741   625   561   561   550
GOS23   1890   593   508   413   518   688   688   455   424   593   487
GOS23   1900   550   476   488   478   539   593   615   444   392   552
GOS23   1910   698   678   540   656   794   603   678   561   435   666
GOS23   1920   625  1027   953   974   731   793   815   699   391   425
GOS23   1930   592   625   952   720   984   995   847   730   762   582
GOS23   1940   646   942  1005  1228  1165   804   762   614  1006  1230
GOS23   1950   827  1052  1177  1007   839  1389  1137  1164  1016  1059
GOS23   1960   995   646   752   932  1153  1037   911   963   804   529
GOS23   1970   519   985  1188  1230   976  1325  1400  1610  1344  1069
GOS23   1980  1027   730   847   931  1249   869   720  1196  1101   572
GOS23   1990   592   635   476   711   603   582   698   763   476   561
GOS23   2000   540   487   509   499   477   487   699  1081   827   615
GOS23   2010 -9999
GOS24   1753  1663  2706  2176  1640  2278  3426  2413
GOS24   1760  2354  3156  2746  3069  2157  3304  4067  3782  3872  3810
GOS24   1770  2980  2316  2658  3023  3221  2802  3523  3277  3173  3464
GOS24   1780  4447  3839  2048  2587  1714  2336  2421  2488  2666  2723
GOS24   1790  2394  1636  1791  2159  2619  2147  1670  1289  1832  2737
GOS24   1800  3563  2901  2058  1489  2366  2423  2120  2136  1785  2179
GOS24   1810  2381  1837  2199  2353  1497  1363  1491  1883  1343  1977
GOS24   1820  1843  1942  1930  1483  1507  1482  1811  2213  1906  1803
GOS24   1830  1431  1261  1878  1485  1309  1308  1192  1509   404   587
GOS24   1840   797  1004  1285  2611  2331  2356  1617  1680  1825  1261
GOS24   1850  1060  1106  1078   989  1163   933   896   877  1081  1201
GOS24   1860  1512  1214  1182   743   810   948   771   515   521   655
GOS24   1870   989  1207  1052   873  1363  1680  1526  1178  1350  1159
GOS24   1880  2107  1359  1337  1358  1225   959  1128   986   741   624
GOS24   1890   860   804   921  1185   942   921   487   624   753   498
GOS24   1900   617   531   479   616   531   606   670   437   361   543
GOS24   1910  1002   970   735   959  1143  1362  1647  1443  1260  1272
GOS24   1920   888  1183  1006   782   621   623   631   494   343   267
GOS24   1930   407   447   556   491   512   624   214   195   203   249
GOS24   1940   330   237   202   226   278   298   173   266   342   314
GOS24   1950   214   120   118    85    74   194   170   129   169   173
GOS24   1960   206   129   140   137   227   191   174   225   204   236
GOS24   1970   214   291   269   237   196   237   278   386   291   195
GOS24   1980   183   160   206   282   250   226   216   251   222   159
GOS24   1990   180   211   224   190   193   342   245   183   127   140
GOS24   2000   236   151   129   137   183   235   266   213   212 -9999
GOS25   1763  3206  2560  3210  3589  4534  3753  3586
GOS25   1770  2552  2373  2192  2986  3552  3460  3331  2946  3194  3651
GOS25   1780  4709  4251  3182  2700  2289  2661  3115  4009  4177  3704
GOS25   1790  2698  2708  3071  3103  3694  3963  3771  2802  2866  2872
GOS25   1800  4420  3589  2340  1813  1346  1748  2497  1706  1807  1586
GOS25   1810  1769  2026  2173  1286   948  2081  1800  1846   704   826
GOS25   1820  1022  1691  1537  1200  1988  1654  1934  1613  1904  1407
GOS25   1830   886  1355  1074   788   664  1272   724  1119   595   858
GOS25   1840   758   838   744  1105   971  1330  1207  1086  1256  1173
GOS25   1850  1116   854  1231  1029  1057   894   599   698   797   849
GOS25   1860   901   935   442   802   700  1171   930   872  1081  1183
GOS25   1870   850  1135   911  1286  1407  1967  1196  1035  1407  1143
GOS25   1880  1123   890  1117  1146   782   767   761   851   626   542
GOS25   1890   526  1036   895   886   822   871   888   853   975  1047
GOS25   1900   822   688   704   575   743   937  1011   577   544   765
GOS25   1910   652   822  1014   766  1035   953  1162   817   835   785
GOS25   1920   745   758   596   668   496   318   681   720   371   366
GOS25   1930   439   365   452   729   848  1026   814   382   725   509
GOS25   1940   550   741   487   508   502   577   524   573   586   395
GOS25   1950   580   623   148   129   173   182   204   227   237   223
GOS25   1960   266   235   309   596   501   638   606   555   661   715
GOS25   1970   396   758   561   615   465   392   403   343   382   212
GOS25   1980   224   341   329   254   360   297   148   254   180   170
GOS25   1990   138   201   169   339   180   180   223   243   191   329
GOS25   2000   381   476   592   659   709   592 -9999
GOS26   1819  1874
GOS26   1820  1591   889  2029  2218  1816  1842  2578  3153  2378  1705
GOS26   1830  1388   970  1139  1105  1291  1609   937  1215  1028  1093
GOS26   1840  1244  1204  1554  2524  3048  3424  3890  2747  2775  1624
GOS26   1850  1884  1733  2121  2267  2255  1678  1924  1915  1973  2584
GOS26   1860  2883  2939  2349  1983  1999  2327  1857  1946  2030  2259
GOS26   1870  2409  2331  2754  2698  2861  3001  2565  2356  3528  2789
GOS26   1880  3580  2446  2057  2101  2377  2123  1788  2238  2051  2217
GOS26   1890  3191  2355  2373  3300  2444  2387  3259  3058  2510  2470
GOS26   1900  2564  1961  2456  1860  1761  1984  2035  1658  1211  1961
GOS26   1910  2092  2329  1998  2113  1959  2009  2157  2119  1794  2114
GOS26   1920  1478  1633  1535  1534  1450  1657  2084  1831  1007  1654
GOS26   1930  1563  1776  1614  1176  1416  1629  1702  1340  1547  1224
GOS26   1940   978  1418  1170  1266   917  1193   910   884  1247   841
GOS26   1950  1169  1014  1135  1028   786  1020   917   650  1011  1129
GOS26   1960   850   799   668   947  1063   917   563   684   571   639
GOS26   1970   490   756   717   880   965  1304  1620  1305   677  1136
GOS26   1980   984   941  1346  1394  1752  1113  1127  1493  1610  1084
GOS26   1990  1116  1062   891   922   743   602   717   950  1213  1307
GOS26   2000  1009  1051   950   501   849   496   814   526   419   449
GOS26   2010 -9999
GOS50   1799  2380
GOS50   1800  3317  2582  2780  2000  1846  1781  1421  1725  1269  1203
GOS50   1810  1260  1476  1741  1870  1929  1694  2073  2329  2225  3077
GOS50   1820  2758  1955  1781  1887  1582  1831  2389  3024  2929  2240
GOS50   1830  1455  1723  1603  1462  1406  1396  1628  1658  1169   941
GOS50   1840  1193  1273  1652  2410  2268  2538  2001  2088  2439  2294
GOS50   1850  1907  1904  1380  1332  1456   699  1325  1261  1733  1735
GOS50   1860  1620  1526  1308  1404  1427  1785  1599  1398  1387  1589
GOS50   1870  1461  1429  1355  1185  1291  1418  1397  1408  1685  1133
GOS50   1880  1578  1240  1196  1079  1133  1069   836  1132  1249  1175
GOS50   1890  1312  1175   910  1217  1112  1047  1154  1227  1450  1282
GOS50   1900  1323  1069  1059  1196  1450  1492  1598  1208  1091  1176
GOS50   1910  1325  1302  1260  1347  1762  1588  1546  1229  1323  1312
GOS50   1920   963  1092   848   911   700  1027   910   912   614   615
GOS50   1930   647   763   858   765   934  1124   912   901   689   837
GOS50   1940   691  1027   963   933  1091   815   943   974  1206  1430
GOS50   1950  1165  1037   912   952  1007  1143   974  1335  1186  1155
GOS50   1960  1051   914   817   807   956  1031   927   832   704   819
GOS50   1970   995   945  1051   825  1049  1673  1546  1156  1188   944
GOS50   1980  1124  1326  1306  1477  1580  1324   942  1113  1367  1251
GOS50   1990  1017  1137  1043   959   991  1023  1150  1562  1064  1073
GOS50   2000  1017   974   850   900   867   678   826   593   519   434
GOS50   2010 -9999
GOS51   1833  3441  3275  2483  1864  1715  1357  1466
GOS51   1840  1950  2238  2059  3434  4228  5219  4859  5036  5011  4474
GOS51   1850  4623  4666  4131  3092  4028  4508  4550  4290  4247  2955
GOS51   1860  3250  4307  4526  4692  3645  3191  2675  2742  3218  4035
GOS51   1870  3426  2983  3295  3122  4178  3626  3076  1866  2471  2269
GOS51   1880  2612  2018  2495  2465  2431  1802  1209   869   848   688
GOS51   1890   762   551   424   677   519   487   466   656   455   392
GOS51   1900   445   127   116   127   191   159   137   117    95   137
GOS51   1910    97     0     0     0     0     0     0     0     0     0
GOS51   1920     0     0     0     0     0   107   149   132   105   140
GOS51   1930   118   151   107   127    76   148    97    66   121    98
GOS51   1940    54   139   119    87    85   107   138   180   247   237
GOS51   1950   343   446   244   350   339   467   424   414   531   520
GOS51   1960   615   657   743   959  1153  1379  2145  2479  2266  1500
GOS51   1970  1137  1069  1132   847   815  1175  1397   889   762   614
GOS51   1980   613   614   805   942  1121  1240   973  1090  1037   953
GOS51   1990  1154  1270   804   836   847   952   974   910   942  1419
GOS51   2000  1652  1852  1672  1990  2032  1662  2000  1746  1471  1694
GOS51   2010 -9999
