GRD01   1834  1575  2059  1566   965  1155   911                                  
GRD01   1840  1306  1002   711   901   581   580   638   760   712   651          
GRD01   1850   852   981   799   915  1219   842  1162  1299  2111  1515          
GRD01   1860  1278  1022   970  1192   990   721  1020  1358  1502  1552          
GRD01   1870  1774  1176  1776  1370  1769  1413  1735  1581  1382  1208          
GRD01   1880  1621  1208  1349  1231  1353  1101   767   899   926  1015          
GRD01   1890  1376  1185  1113   981   806   674   787   804  1457  1187          
GRD01   1900  1033   833   863  1130  1010   899   941   785   605   628          
GRD01   1910   673   591   921   808   761   701   858   721   966  1217          
GRD01   1920  1589  1019  1010   508   517   565   417   643   441   423          
GRD01   1930   511   587   528   533   743   767   707   652   979   819          
GRD01   1940   881   833  1055  1121   751   848   715   822   582   721          
GRD01   1950   816   805   590   845   710   708   498   583   600   655          
GRD01   1960   487   654   458   528   744   672   379   603   414   336          
GRD01   1970   444   470   433   580   335   449   547   564   571   472          
GRD01   1980   378   357   383   466   422   534   350   369   330   386          
GRD01   1990   644   787   701   672   818   517   489   459   572   645          
GRD01   2000   541   386   298   413   381   329   391   381   395   457          
GRD01   2010 -9999                                                                
GRD02   1804  2398  2041  1554  1327   889   846                                  
GRD02   1810   751   462   522   574   391   740   579   869   570  1122          
GRD02   1820   981   978   731   836   703   754  1125  1386  1039  1016          
GRD02   1830  1092   460  1535  1444  1183  1698  1769  1007  1154   862          
GRD02   1840  1045  1124   814   901   736   370   388   838   872   794          
GRD02   1850   858   744  1089   974  1548  1395   944  1206  2004  1218          
GRD02   1860  1317  1242  1094  1484  1016  1029  1528  1596  2209  1953          
GRD02   1870  2455  1785  2074  1587  1842  1836  1445  1524  1141  1468          
GRD02   1880  1596  1097  1736  1067  1265  1254  1006  1219  1217   990          
GRD02   1890  1278  1555  1243  1117   985   830  1046  1215  1488  1378          
GRD02   1900  1526  1647  1250  1717  1891  1435  1761  1843  1615  1556          
GRD02   1910  1373  1801  1654  1610  1641  1268  1194   997  1384  1603          
GRD02   1920  1898  2014  1627  1336  1453  1358   925  1283   985   892          
GRD02   1930  1181  1030  1074  1484  1141  1731  1450  1097  1345  1081          
GRD02   1940   740   744   898  1032   832  1054   771   792   693   915          
GRD02   1950   916   635   708   803   633   724   733   925  1076  1164          
GRD02   1960   882   957  1076  1051  1345  1041  1499  1509  1175   799          
GRD02   1970   826   823   893   998   612   768   609   500   461   619          
GRD02   1980   446   385   392   428   344   383   381   456   364   495          
GRD02   1990   803   689   375   627   517   412   398   655   682   885          
GRD02   2000   622   441   386   668   652   619   475   822   524   466          
GRD02   2010 -9999                                                                                                                                                                                     
GRD03   1817  1752  1335  1445
GRD03   1820  1455  1336  1447  1425  1702  2188  2522  2143  2032  1255
GRD03   1830  1611  1203  1217  1387  2056  1843  1855  1729  2148  1203
GRD03   1840  1492  1131  1629  1783   309   455   960  1075  1310  1474
GRD03   1850  1608  1415  2033  1668  1866  1243  1015  1702  3221  2762
GRD03   1860  2337  2576  2441  2126  1662  1869  2038  2619  3555  2908
GRD03   1870  3360  2701  2521  2764  3618  3919  2895  2544  3160  2614
GRD03   1880  3357  2327  2139  3277  3069  2456  2253  2714  2607  2741
GRD03   1890  3471  2992  2688  2624  2732  2415  2144  2160  2895  2405
GRD03   1900  2321  2024  2176  2057  2495  2503  3209  2282  1882  1636
GRD03   1910  2090  1857  2174  2235  1724  1565  1065  1291  1803  1896
GRD03   1920  1714  2271  1623  1563  1441  2028  1667  1395  1453  1240
GRD03   1930  1109  1289  1237  1595  1522  1995  1468  1156  1646  1800
GRD03   1940  1667   993  1530  1974  2015  2168  1551  1140  1203  1751
GRD03   1950  1237   889   844  1268   704   922   845  1355  1309  1486
GRD03   1960   975  1221  1171  1105  1248  1446  1299  1569  1375   958
GRD03   1970   786  1153  1065  1465   886   993  1100   840  1075   703
GRD03   1980   588   762   567   827   847   632   659   836   797   866
GRD03   1990  1098   948   832   894   668   544   724   947   723  1055
GRD03   2000   872   563   738   493   661   794   565   610   452   482
GRD03   2010 -9999
GRD04   1844   838   337   256   429   315   443
GRD04   1850   284   308   242   640   835   836   574   611  1128   787
GRD04   1860  1034   988  1110  1942  1650  2045  2204  1377  1356  1444
GRD04   1870  1420  1883  2540  2686  2578  2230  1698  1839  1366  1664
GRD04   1880  1352  1020  1385  1138  1000  1040  1011  1119   948  1054
GRD04   1890  1237  1185   966   702   756   465   799   833   930   918
GRD04   1900   896   974   874  1170   895   927   843  1045   735   661
GRD04   1910   885   895  1034  1045   941  1125  1062   859  1135  1030
GRD04   1920  1082  1253  1010   758   943   805   499   689   424   424
GRD04   1930   520   497   541   815   837  1155   847   721  1092   807
GRD04   1940   816   807   785  1200   954   783   508   677   593   719
GRD04   1950   667   625   370   519   698   434   572   486   530   444
GRD04   1960   233   169   212   360   402   487   519   424   340   287
GRD04   1970   296   329   254   318   212   299   550   339   277   120
GRD04   1980     0   129   255   275   202   131   106   129   234   371
GRD04   1990   499   286   391   402   328   541   487   508   571   541
GRD04   2000   275   350   466   700   710   414   594   371   404 -9999
GRD05   1867  1008  1502  1519                                                    
GRD05   1870  1356   790   797  1362  1623  1565  1356  1338  1092  1255          
GRD05   1880  1460  1382  1490  1075  1014  1119   993  1185  1383  1249          
GRD05   1890  1499  1183  1501  1085  1036   936  1042  1073  1144   960          
GRD05   1900  1284  1068  1012  1089   896   651  1162  1038   977   965          
GRD05   1910  1365  1497  1721  1465  1459  1479  1255  1149  1869  1616          
GRD05   1920  1610  1481   976   672   585   654   473   571   537   559          
GRD05   1930   484   598   597   703   789  1052   588   727   657   662          
GRD05   1940  1110   948   626  1027   734   821   798   875   774   914          
GRD05   1950   697   374   415   517   439   467   365   437   418   424          
GRD05   1960   496   422   389   703   758   615   555   669   477   371          
GRD05   1970   411   397   491   453   321   404   399   311   300   286          
GRD05   1980   262   230   291   449   573   599   429   551   415   745          
GRD05   1990  1007   795   861   741   497   376   511   605   638   624          
GRD05   2000   812   593   558   551   467   680   802   636   490   540          
GRD05   2010 -9999                                                                
GRD06   1829  1473                                                                
GRD06   1830  1432   544   627  2201  2565  2352  1682  1466  1905  1765          
GRD06   1840  2227  1440  2699  1591   510  1087  1442  2122  1203  1139          
GRD06   1850  1536  1635  1441  1850  1443   894  2817  2594  3385  3306          
GRD06   1860  4339  2852  3211  3064  1990  2305  2522  2869  2397  2321          
GRD06   1870  2511  2926  3461  2595  2572  2712  2334  2327  1874  2091          
GRD06   1880  2059  1606  1773  1774  1796  1479  1500  1902  1502  1298          
GRD06   1890  1237  1389  1425  2685  2455  2039  2215  2381  2211  2225          
GRD06   1900  1665  1348  1346  1309  2087  1521  1752  1973  1869  1387          
GRD06   1910  1922  1467  1283  1475  2175  1731  1560  1765  2599  2493          
GRD06   1920  2829  1728  1342  1525  1616  1162   945   981   765   784          
GRD06   1930   855  1101   989  1163  1220  1336   863  1015  1348   704          
GRD06   1940   877  1090  1425  1964  1505  1485   596   919   734  1059          
GRD06   1950  1102   977   964   952   588   755   510  1110   896  1045          
GRD06   1960   848   993   993  1009  1130   980   981   991   728   601          
GRD06   1970   695   833   761   760   567   645   686   671   585   594          
GRD06   1980   367   419   449   493   726   705   720   698   719   700          
GRD06   1990   705   826   519   583   516   631   572   900   797   711          
GRD06   2000   614   535   534   493   548   452   434   688   348   425          
GRD06   2010 -9999    
GRD07   1785   772   720  1132  1236   725
GRD07   1790   717   711   778   796   547   446   708   679   512   485
GRD07   1800   497   397   630   675   696   449   569   397   390   239
GRD07   1810   330   239   209   211   134   233   203   203   180   324
GRD07   1820   265   233   324   438   339   358   515   702   523   487
GRD07   1830   338   124   367   370   547   649   578   262   746   643
GRD07   1840   447   596   517   723   209   279   195   284   285   204
GRD07   1850   211   374   237   242   114     0   212   299   323   435
GRD07   1860   260   128    90   225   199   318   370   195   181   256
GRD07   1870   365   252   322   282   328   261    66   161   191   157
GRD07   1880   138   119   214   157   175    81     0   114   104   114
GRD07   1890   191   313   384   288   247   284   275   208   303   341
GRD07   1900   450   407   576   536   573   563   701   411   588   451
GRD07   1910   555   503   574   527   398   365   480   369   370   436
GRD07   1920   588   440   445   319   218   308   182   261   171   208
GRD07   1930   282   261   175    95   318   462   228   228   318   180
GRD07   1940   338   299   195   234   228   386   399   553   418   362
GRD07   1950   412   218   114   157   225   257   285   509   496   452
GRD07   1960   248   418   281   327   322    81   205   261   142    57
GRD07   1970   231   284   275   417   184   275   428   298   282   261
GRD07   1980   105   181   275   328   298   272   298   449   455   614
GRD07   1990   455   451   557   493   470   457   406   405   273   556
GRD07   2000   447   325   472   470   514   579   394   339   220   285
GRD07   2010 -9999                                                            
GRD08   1824  1377  1575  1614  2283  1937  1402                                  
GRD08   1830  1738  1373  1614  2382  2457  2703  1482  1221  1361  1527          
GRD08   1840  1612  1347  1940  2234  1083  1238  1643  1648  2340  2122          
GRD08   1850  1787  1294  1337  1905  1654  1146  1309   995  1617  2241          
GRD08   1860  1800  1824  1137  1430  1695  1266  1071  1379  1671  1215          
GRD08   1870  1577  1534  1364  1483  1825  1697  1687  1269  1152  1126          
GRD08   1880  1020  1437  1226  1399  1541  1540  1537  1667  1434  1092          
GRD08   1890  1716  1230  1140  1136   943   953  1142  1165  1469  1141          
GRD08   1900   972   867   911   853   739   767   784   672   793   738          
GRD08   1910   831   688   774   512   641   703   769   649   801   844          
GRD08   1920   725  1156   840   648   612   547   493   700   309   476          
GRD08   1930   573   623   612   862   742   747   621   552   771   366          
GRD08   1940   751   583   680   936   720   460   705   922  1080   906          
GRD08   1950  1006   710   578   900   751   853   886   832   840   492          
GRD08   1960   750   867   789   665   724   467   569   599   525   506          
GRD08   1970   653   559   595   676   411   672   575   530   369   493          
GRD08   1980   236   437   328   509   453   469   330   314   283   414          
GRD08   1990   543   386   471   398   283   332   377   420   399   251          
GRD08   2000   246   184   164   242   278   221   201   249   159   265          
GRD08   2010 -9999                                                                
GRD09   1785   541   388   294   451   620                                        
GRD09   1790   401   505   467   450   276   335   390   297   321   290          
GRD09   1800   403   435   546   923   894  1099   773   796   722   868          
GRD09   1810  1009  1136   820   604   779   700   613   742   778  1235          
GRD09   1820  1533  1158  1467  1569  1045   721  1246  2050  1474   992          
GRD09   1830   898   334   830  1004   714  1279  1126   765  1119  1302          
GRD09   1840   911   838   696  1162   423   446   926  1497  1247   945          
GRD09   1850   751   783   546   767   840   526   391   432  1072   918          
GRD09   1860   768   678   580   412   441   453   534   549   579   616          
GRD09   1870   888   872   712   710  1024   900   736   751   646   997          
GRD09   1880  1094   951  1618  1248   735   974   745   990   610   845          
GRD09   1890  1263   840   943   822   763   646   806   727  1066   940          
GRD09   1900   746   984   832   898   671   693   663   831   486   484          
GRD09   1910   556   711   532   830   847   631   585   644   710   632          
GRD09   1920   632   842   731   392   515   474   335   351   241   282          
GRD09   1930   450   479   387   559   706   682   581   588   478   511          
GRD09   1940   648   515   864   792   635   606   576   687   601   826          
GRD09   1950   798   415   482   394   485   324   430   762   558   631          
GRD09   1960   539   315   488   577   728   552   404   450   323   384          
GRD09   1970   384   377   470   373   266   280   318   370   372   300          
GRD09   1980   324   388   220   262   427   431   204   444   356   450          
GRD09   1990   483   484   395   399   286   249   355   290   217   262          
GRD09   2000   290   216   133   286   298   292   289   163   176   248          
GRD09   2010 -9999      
GRD10   1790  1631  2104  2295  2147  2057  1581  1096   852   945   411
GRD10   1800   640   284   511   756   583   373   613   710   498  1028
GRD10   1810   719   399   763   772  1293  1060   743   751   868  1217
GRD10   1820  1791  1780  2162  2315  1936  1919  1970  1799  1553  1459
GRD10   1830  1821  1531  1415  1027   995  1562  3060  4710  4263  2678
GRD10   1840  1031   899   848   783   730  1016  1811  2181  1652  1525
GRD10   1850  1673  1471  1272   926  1372   405   383   436  1216  1370
GRD10   1860   862   839   917   694   635   422   513   638  1091  1142
GRD10   1870  1579  1352  1186   839  1490  2082  1065  1066  1434  1459
GRD10   1880  2339  1370  1619  1733  2491  1761  1099  1069  1121  1431
GRD10   1890  1601  2273  2881  2311  2289  1324  1281  1705  1494  1979
GRD10   1900  1441  1334  1439  1928  1403  1508  1660  1307  1722  1385
GRD10   1910  2121  1625  2072  2865  2080  1946  1566   934  1415  1762
GRD10   1920  2261  2469  2218  1672  1757  2046  1918  1827  1313  1590
GRD10   1930  1770  1334  1748  3057  2679  3382  3048  2536  1892  1793
GRD10   1940  1516  1634  1877  1928  2087  2457  1813  1475  1232  1973
GRD10   1950  2153  1497  1720  1604  1655  1708  1497  1380  2020  2262
GRD10   1960  1401  1503  1702  2235  2514  2038  1769  2121  1784  1478
GRD10   1970  1227  1184  1151  1112   777   814   963   955   901   730
GRD10   1980   559   459   572   650   468   415   359   428   462   482
GRD10   1990   593   418   555   470   342   212   148   161   180   168
GRD10   2000   251   255   154   134   249   231   219   141   215 -9999
GRD11   1782  1386  1215  1292  1720  1513  1249  1108  1438
GRD11   1790   877  1168  1225   726  1144  1556  1249  1311   819   871
GRD11   1800  1163   550  1032  1931  1576  1413   943   858   815   965
GRD11   1810  1070  1048   922   858   307   296   403   730   487  1038
GRD11   1820  1504  1832  1217  1546  1030  1159  1383  2309  2538  2825
GRD11   1830  2167  1169  1514  1603  1833  1557   953   477   679  1070
GRD11   1840   846   709   587   702   256   383   382   895  1110   768
GRD11   1850   958   884   757   630  1288   582   794  1292  2212  2035
GRD11   1860  1567  1959  1198   916   911  1017   911   721  1250  1197
GRD11   1870  1482  1165  1675  1375  1737  1419  1631  1705  2097  1874
GRD11   1880  2784  2488  3334  3050  3451  2542  1904  1539  1529  1766
GRD11   1890  2373  2353  2159  2759  2278  3293  2362  2742  3008  3061
GRD11   1900  2552  2295  2424  2379  1850  1630  1416  1596  1556  1160
GRD11   1910  1418  1223  1023  1609  1620  1163  1274  1115  1211  1445
GRD11   1920  1631  1621  1550  1115  1529  1423  1699  1498  1425  1380
GRD11   1930  1456  1539  1751  2186  1837  2344  1964  2504  2525  2230
GRD11   1940  2001  1965  2770  2132  2060  1814  1305  1718  1262  1432
GRD11   1950  1532  1361  1648  1797  1456  1169   876  1148  1122  1039
GRD11   1960   921   933   868   785  1241   890   635   816   657   720
GRD11   1970   846   869  1165  1027   784   624   975   678   943   720
GRD11   1980   688   604   678   805  1196   956   985  1060  1325  1039
GRD11   1990   858  1134   943   709   836   752   466   973   646  1259
GRD11   2000  1230   722   772   742   840   381   497   298   256   244
GRD11   2010 -9999
GRD12   1808   557   309
GRD12   1810   581   655   663   395   152   447   375   490   599  1166
GRD12   1820   490   941  1067  1219  1193   440   397   500   692   852
GRD12   1830   638   170   127   267   606   329   894   746   998   984
GRD12   1840   815  1080  1238  1831   542   593   944  1316   954   563
GRD12   1850   786  1241   796   701   795   329   790   942  1037  1016
GRD12   1860   645   604   846   667   752   805  1091   836  1334  1228
GRD12   1870  1472  1240  1196  1132  1566  1471  1450  1937  1651  1429
GRD12   1880  2234  1250  1376  1344  1471  1048  1100   963   910  1514
GRD12   1890  1270  1249  1280  1143   985  1079  1217  1514  1576  1344
GRD12   1900  1281  1323   826  1428  1376  1249  1134  1083  1549  1103
GRD12   1910  1336  1083  1043  1440  1227   959  1419  1427   856  1078
GRD12   1920  1534  1405  1286   813   901   712   806   747   965   672
GRD12   1930   817   827   819   770  1179  1316  1351  1049   868   642
GRD12   1940   761   771   980  1012   840  1054   788   980   712   913
GRD12   1950   818   797   701   744   626   616   510   468   904   659
GRD12   1960   559   532   522   563   575   701   671   786   692   691
GRD12   1970   543   501   833   853   436   491   672   811   731   486
GRD12   1980   430   519   475   625   735   463   496   506   509   495
GRD12   1990   830  1005   776   917  1155   765   301   672   522   607
GRD12   2000   501   310   298   545   320   426   491   256   223   383
GRD12   2010 -9999
GRD13   1870  2127  1822  1375  1340  1635  1215  1451  1834  1355  1334
GRD13   1880  1910  1332  1055  1106  1047  1336  1141   757   621   618
GRD13   1890  1177  1556  1365  1157   749   635   658  1042  1153   967
GRD13   1900  1156  1030   921  1041   763   650   896  1438   967   907
GRD13   1910  1105  1189  1212  1320   856   788   845   659   661   835
GRD13   1920   604   649   437   285   231   252   220   272   251   221
GRD13   1930   308   483   570   745   694   570   385   278   409   331
GRD13   1940   352   375   288   322   231   418   342   486   532   760
GRD13   1950   643   727   508   506   375   321   275   288   351   402
GRD13   1960   313   280   388   388   421   332   368   583   484   377
GRD13   1970   409   422   689   615   388   452   604   776   516   524
GRD13   1980   332   343   450   482   515   407   333   396   300   396
GRD13   1990   580   600   634   617   480   339   404   723   414   532
GRD13   2000   777   350   266   298   392   426   446   266   212   468
GRD13   2010 -9999
GRD14   1839   910
GRD14   1840   902   721   942  1132   744   541   496   929   651   835
GRD14   1850  1287  1103   846  1134  1475  1604  2095  2182  2263  1766
GRD14   1860  2161  1467  2073  1923  2007  1855  2551  2470  2290  2234
GRD14   1870  2560  1283  2298  2907  2853  2272  2158  2396  2169  2010
GRD14   1880  2174  1427  1962  1789  1480  1763  1728  1978  1867  2303
GRD14   1890     0  2387  2355  2780  2032  1901  2627     0  3664  3201
GRD14   1900  2836  2596  2196  2309  2285  2031  2594  2362  1846  1841
GRD14   1910  2303  2225  2180  2189  1725  1852  1856  1833  2044  1676
GRD14   1920  1610  1710  1524  1038  1181  1048  1035  1155  1048   833
GRD14   1930  1005   823   855  1357  1148  1516  1391   962  1038   711
GRD14   1940   911  1005  1001  1240  1400  1640  1089  1430  1348  1748
GRD14   1950  1530  1213  1206   997   997  1146  1193  1683  1480  1666
GRD14   1960  1322  1138  1127  1161  1046  1146  1074  1385  1168  1227
GRD14   1970  1120  1084  1505  1353   970  1100  1543  1280  1297   941
GRD14   1980   743   563   678   701  1029   903   742   817   795   849
GRD14   1990  1030   848   822   735   755   799   861  1117   778   872
GRD14   2000  1017   609   722   803   591   791   723   393   370   493
GRD14   2010 -9999
GRD15   1837   293   326   477
GRD15   1840   447   336   457   601   402   451   339   616   460   368
GRD15   1850   398   359   379   411   303   282   273   272   418   387
GRD15   1860   244   297   311   105   212   218   288   261   260   398
GRD15   1870   615   582   659     0     0     0   168   284   394   317
GRD15   1880   341   261   455   452   509   589   375   352   328   328
GRD15   1890   546   942   814   670   456   345   470   724   714   646
GRD15   1900   657   757   804   799   829   760   891   770   965   642
GRD15   1910   727   680   627   624   533   586   526   688   641   647
GRD15   1920   644   555   752   426   496   345   234   291   268   245
GRD15   1930   280   225   226   203   226   235   140   106   184   194
GRD15   1940   204   461   782  1939  1542  1388   366   270   305   482
GRD15   1950   404   513   480   474   403   556   363   226   415   362
GRD15   1960   289   457   479   649   565   405   355   420   280   291
GRD15   1970   270   185   182   227   151   204   421   536   249   227
GRD15   1980   258   242   499   361   500   435   382   467   352   308
GRD15   1990   680   413   445   414   254   201   254   371   393   382
GRD15   2000   299   223   234   246   341   385   352   237   154   197
GRD15   2010 -9999
GRD16   1684   308   267   148   202   159   171
GRD16   1690    70    77   282   202   248   246   219   284   365   456
GRD16   1700   523   617   688   727   737   558   628   415   426   635
GRD16   1710   829   518   561   540   393   787   771   567   799  1231
GRD16   1720  1294   771   251   542   887   871  1091  1253   839   621
GRD16   1730   484   474   601   812  1711  1572  1594  1627  1739  1987
GRD16   1740  2430  2771  2759  2769  3219  2749  2383  2194  1764  1753
GRD16   1750  2133  2039  2189  1900  1362  1825  2008  2073  1958  2805
GRD16   1760  2358  2420  2687  3248  2734  2917  3051  2400  2220  2575
GRD16   1770  1999  2009  1804  1785  1609  2204  2354  1731  1741  1671
GRD16   1780  2302  1607  1388  1646  2227  2162  1740  1760  2241  2721
GRD16   1790     0  2093  1743  2043  2460  1803  1907  1822  1441  1306
GRD16   1800  1392  1305  1114  1078   971  1260  1401  1083  1082  1115
GRD16   1810  1061  1443  1813  1786  1006  1250  1621  1612  1355  1397
GRD16   1820  1820   932   772   984  1122   762   732   688   943   805
GRD16   1830  1069  1292  1451  1439  1187  1875  1613   986   838   762
GRD16   1840   444   499   529   698   519   510   509   730  1059  1175
GRD16   1850   773   815  1143  1409   975   466   298   593  1281   996
GRD16   1860   836   657   719   635   699   973  1334   836   741   667
GRD16   1870  1069  1271  1166  1165  1450  1621  1270   805   731   899
GRD16   1880   815   709  1037   865   945   933   642   823  1029   808
GRD16   1890  1073   647   872  1031   839   818   978  1062  1430  1345
GRD16   1900  1158  1272   872  1219  1305  1229  1031   741   498   656
GRD16   1910   721   582   754  1081   954   834   828   722   754   830
GRD16   1920   555  1019   810   565   688   616   642   625   447   467
GRD16   1930   559   463   522   766   905  1132  1077  1046  1042   442
GRD16   1940   630   827   595   714   510   532   308   543   753   733
GRD16   1950   891   986   689   626   490   475   386   460   568   623
GRD16   1960   504   329   288   331   638   615   656   688   487   499
GRD16   1970   318   243   513   554   550   412   614   609   460   455
GRD16   1980   421   426   357   486   567   428   226   331   322   447
GRD16   1990   429   394   342   456   470   436   439   375   415   588
GRD16   2000   490   437   353   446   416   234   500   383   427   428
GRD16   2010 -9999
GRD17   1784  1252  1085   930   970  1055  1132
GRD17   1790  1058   777   863  1283   962  1302   923   937   998  1507
GRD17   1800  1524   874  1334  1245  1851  1729  1185  1437  1274   996
GRD17   1810   997  1143  1412  1676  1145  1225  1088  1077   957  1359
GRD17   1820  1139   632   496   947   717   668   944  1068  1158  1048
GRD17   1830  1223   955  1344   933   917   772   629   540   496   455
GRD17   1840   497   540   578   553   502  1055   887   895   786   588
GRD17   1850   591   868   814   749   749   867   507   597  1223  1017
GRD17   1860   803   614   483   562   894   850  1081   653   562   617
GRD17   1870   860   652   693   791  1107   885   914   737   702   737
GRD17   1880   724   652  1345  1287  1629  1293   735   907  1079  1092
GRD17   1890  1177   786  1121  1086  1094   650   917  1072  1367   842
GRD17   1900   980  1054   862  1000   978  1117   837   598   771   709
GRD17   1910   792   922   425   818   719   393   641   650   554   982
GRD17   1920   650   832   618   628   546   776   865   588   331   545
GRD17   1930   684   706   609  1165  1079   974   735  1074   680   447
GRD17   1940   692   648   501   691   497   445   190   339   349   349
GRD17   1950   508   381   381   445   402   307   381   276   243   318
GRD17   1960   328   213   264   254   434   233   233   349   265   456
GRD17   1970   403   275   392   318   285   393   508   540   381   309
GRD17   1980   222   222   148   234   370   233   212   201   190   434
GRD17   1990   498   350   328   297   266   149   244   180   222   287
GRD17   2000   361   297   265   255   360   180   478   371   233   478
GRD17   2010 -9999
GRD18   1826  1054  1399  1494  1180                                              
GRD18   1830  1613  1323  1448  1022  1203  1237   713   754   949   649          
GRD18   1840   797   813   900  1099   714   830   928  1071  1469  1141          
GRD18   1850  1442   922  1141   813   656   520   473   591  1276  1292          
GRD18   1860  1206   863   888   839  1153  1285  1472  1432  1588  1137          
GRD18   1870  1632  1292  1449  1389  1622  1581  1483  1338  1308  1341          
GRD18   1880  1594   949  1608  1501  1608  1453  1242  1725  1356  1365          
GRD18   1890  1842  1452  1707  1693  1681  1389  1734  1623  1766  1892          
GRD18   1900  1471  1457  1491  1980  2384  1675  1415  1031  1115  1680          
GRD18   1910  1915  1885  1859  1837  1540  1237  1118  1438  1178  1323          
GRD18   1920  1492  1752  1084   986  1309  1394  1342  1276   934   877          
GRD18   1930   825   985   813  1277  1131  1409  1156  1060  1097   883          
GRD18   1940   888   978  1093  1169  1134  1032   552  1072   880  1083          
GRD18   1950  1120   929   798  1110   693   937   724   645   904   863          
GRD18   1960   767   828   718   845  1045   998   795  1088   939  1016          
GRD18   1970   958   891   952   971   852  1097   996   843   896   864          
GRD18   1980   610   757   852   870   848   781   779   613   886   859          
GRD18   1990  1021  1149   671   783   819  1098   911   836   691   758          
GRD18   2000   893   883   634   947  1043   922   681   718   693   989          
GRD18   2010 -9999     
GRD20A  1650   488   419   384   398   448   612   532   383   263   625
GRD20A  1660   582   558   704   497   683  1326  1149  1179  1105   940
GRD20A  1670  1383  1002   708   995  1019   972  1447  1114  1313  1607
GRD20A  1680  1505  1766  1167   936  1435  1125  1160  1038  1050   765
GRD20A  1690   949   799   876   634   644   537   712   681   830   668
GRD20A  1700  1092  2200  2836  2179  2429  2482  2386  2420  2545  1996
GRD20A  1710  1568  1633   785   468   668  1026  1529  2084  2180  2027
GRD20A  1720  1890  1716  1371  2397  2342  2377  2312  2098  2053   920
GRD20A  1730   974  1598  2022  2024  1960  1275  1533  1882  1927  1291
GRD20A  1740   777   954   894  1445  1252  1380   917   611   746   992
GRD20A  1750  1309  1037   807  1147   779   808  1146   933   830  1448
GRD20A  1760  2356  2229  1506  1676  1401  1022  1515  1282   657   485
GRD20A  1770   385   343   446   557   555   569   769   811  1082  1707
GRD20A  1780  1121  1125   911   952  1111  1003   584   601   717   715
GRD20A  1790   822   921   666   720   773   635   666   710   846   730
GRD20A  1800  1027   921  1272  1305  1176  1243   724   809   796   593
GRD20A  1810   435   414   414   489   478   455   403   435   487   698
GRD20A  1820   488   490   616   702   683   907   855   851   744   693
GRD20A  1830   571   536   502   397   313   371   299   223   234   319
GRD20A  1840   203   341   352   350   321   223   277   397   245   223
GRD20A  1850   255     0     0     0     0     0   201   203   466   574
GRD20A  1860   679   478   467   605   648   764   743   614   804   529
GRD20A  1870   827   497   624   508   731   657   734   680   606   659
GRD20A  1880   797   457   499   520  1056   715   577   672   676   518
GRD20A  1890   612  1032  1154  1178  1076   870   583   540   784   688
GRD20A  1900   794   784   774  1515  1367  1154  1272   795   805   752
GRD20A  1910   985   763   774  1058   996   699   847   698   445   751
GRD20A  1920  1122  1534  1176  1007   858   932   689   709   488   435
GRD20A  1930   603   689   647   955   795  1100   764   763   784   381
GRD20A  1940   456   391   402   413   434   360   201   296   170   254
GRD20A  1950   285   328   381   265   286   307   264   318   360   444
GRD20A  1960   370   380   477   487   508   539   413   550   307   413
GRD20A  1970   349   276   360   425   276   340   275   339   287   213
GRD20A  1980   106   148   106   212   201   190   170   191   212   264
GRD20A  1990   266   275   286   309   518   372   338   371   487   635
GRD20A  2000   634   403   402   243  1080  1504  1545  1556  2213 -9999
GRD20B  1683  2622  2325  1411  1492  1991  1680  1410
GRD20B  1690  1852  1864  1893  1771  1880  1686  1579  1677  1692  1362
GRD20B  1700  1299  1503  1440  1728  2244  2518  2331  1842  1975  1506
GRD20B  1710  1946  1814  2117  1606  2219  2436  2379  1744  1510  1058
GRD20B  1720  1212  1125   908  1089  1082  1687  1529  1585  1401   940
GRD20B  1730  1058   870   832   901  1313  1033   706   791   837   542
GRD20B  1740   486   618   506   391   526   934   943   606   625   546
GRD20B  1750   558   512   818   684   607   777   483   498   341   819
GRD20B  1760   941   910   739  1101  1851  1553  1514  1315   915   655
GRD20B  1770   466   422   541   493   413   617   690   704  1199  1960
GRD20B  1780  1266  1487  1359  1266  1342  1007   714   891   637   968
GRD20B  1790   912   768   808   943   991   545   662   488   609   647
GRD20B  1800   801   806   998  1229  1040  1198  1041  1363  1218   917
GRD20B  1810   766   921   823   800   453   579   599   910   713  1433
GRD20B  1820  1143   760   955   902   606  1167   745  1015   917   938
GRD20B  1830  1220  1020   970   675  1092  1008   665   558   719   537
GRD20B  1840   342   451   493   396   343   329   361   445   456   435
GRD20B  1850   308   403   275   361   499   371   329   372   763   731
GRD20B  1860   753   531   500   688   698   910   985   878   794   582
GRD20B  1870   794   677   804  1049  1855  1220  1166   807   942   741
GRD20B  1880   899   498  1026   826   934  1123   561   689   592   180
GRD20B  1890   372   455   434   350   287   299   426   361   522   477
GRD20B  1900   490   425   361   574   539   456   424   286   359   212
GRD20B  1910   233   243   201   340   349   233   286   317   170   234
GRD20B  1920   381   402   445   381   286   296   201   265   179   223
GRD20B  1930   286   296   233   391   372   382   297   318   308   202
GRD20B  1940   286   382   466   487   329   317   149   371   328   435
GRD20B  1950   403   424   361   393   352   500   404   425   405   521
GRD20B  1960   394   532   468   457   468   499   468   424   361   500
GRD20B  1970   521   595   562   480   308   307   361   340   308   286
GRD20B  1980   148   223   233   318   340   340   307   308   255   298
GRD20B  1990   341   455   404   371   424   414   381   414   297   289
GRD20B  2000   245   372   309   234   266   202   245   234   425   511
GRD20B  2010 -9999
GRD21   1675   347   348   604   380   384                                        
GRD21   1680   593   871   797   435   325   282   329   331   468   405          
GRD21   1690   551   315   273   396   585   453   351   400   277   301          
GRD21   1700   346   332   264   266   364   422   315   195   318   356          
GRD21   1710   363   281   405   483   375   382   367   430   319   234          
GRD21   1720   257   256   247   266   308   497   522   962   615   581          
GRD21   1730  1177  1537  1703  1620  2371  1261   997  1316   605   779          
GRD21   1740   633   653   813   571  1261   939   832   690   707   675          
GRD21   1750  1218   867   717   710   561   629   737  1072   814  1133          
GRD21   1760  1592  1484  1264  1236  1108  1118  1185  1153   595   738          
GRD21   1770   772   636   513   881   845  1060  1098  1002  1061  1600          
GRD21   1780  1257   799   834  1215  1400  1044   746   752  1080  1169          
GRD21   1790   843   817  1189  1193   933   856   852   664  1084   988          
GRD21   1800   772   894   970   761  1117  1058  1038   933  1003  1070          
GRD21   1810   716  1036  1015   910   936  1098   949  1118  1367  1332          
GRD21   1820   972   834  1400  1287  1183  1297   884   772   834   908          
GRD21   1830   705   811   776   851  1174  1107   659   656   734   618          
GRD21   1840   662   460   570   480   320   351   595   709   581   566          
GRD21   1850   930   554   763   582   256   272   286   416   736   506          
GRD21   1860   649   557   684   658   690   852   835   471   536   477          
GRD21   1870   584   632   613   661  1111  1024   938   709   811   780          
GRD21   1880   700   594   798   869   994   903   620   918   873   826          
GRD21   1890   875   707   897  1201   928   570  1072  1240  1547   869          
GRD21   1900  1191  1487   998  1145  1471  1341  1297  1073   958   975          
GRD21   1910  1124  1316  1121  1219  1308   912   762   691   495   543          
GRD21   1920   537   880   664   582   650   713   654   583   331   525          
GRD21   1930   553   652   587   467   524   396   311   558   470   379          
GRD21   1940   379   507   513   489   378   276   349   242   360   319          
GRD21   1950   524   370   380   373   325   256   456   468   356   543          
GRD21   1960   461   249   270   375   427   371   434   450   356   440          
GRD21   1970   278   166   344   424   259   121   335   422   273   125          
GRD21   1980    67    95   153   310   288   256   152   226   312   386          
GRD21   1990   402   566   517   315   389   355   481   360   372   372          
GRD21   2000   464   423   454   437   461   293   416   478   514   604          
GRD21   2010 -9999                                                                
GRD22   1829   925
GRD22   1830   911   986  1000   987   998  1097  1066   853   780  1188
GRD22   1840  1132  1105  1066   901   741   808   741  1452  1029  1240
GRD22   1850   900   861   908   769  1150   834   776   798  1345   948
GRD22   1860   998   672   945   848  1083  1086  1056   921   804  1127
GRD22   1870  1383   746  1297  1008  1051   858  1114   986  1165   903
GRD22   1880  1021   787   743  1657  1501  1220   766   647   596   850
GRD22   1890   711   714   701   777   702   631  1002  1248  1418  1249
GRD22   1900  1205  1162   970  1271  1210  1081  1482  1008  1122   772
GRD22   1910  1069   879   837   840   893   882   904   797   670  1233
GRD22   1920  1617  1509  1128  1002   839  1086   892  1075   752   841
GRD22   1930   968   760   848   880   884   944   845   588   674   588
GRD22   1940   711   609   621   565   574   549   513   906   474   575
GRD22   1950   597   521   535   488   430   488   544   559   521   512
GRD22   1960   644   531   431   435   688   549   402   677   526   555
GRD22   1970   511   502   512   487   408   422   475   544   658   431
GRD22   1980   356   511   440   559   582   511   479   440   369   535
GRD22   1990   597   440   587   516   752   692   479   421   388   326
GRD22   2000   327   388   303   351   355   374   421   407   356   511
GRD22   2010 -9999
GRD23A  1635   741  1058  1678  1764  2188
GRD23A  1640  1773  1690  1222  1139   612  1133   550   690   621   420
GRD23A  1650   493   470   370   720   890   763   914   463   441   222
GRD23A  1660   180   346   596   531   394   649   597  1010  1503   938
GRD23A  1670  1647   781   611   904   933   596   781   715   841   831
GRD23A  1680   764   933   811   968   774  1033   899  1014   788   619
GRD23A  1690   587   658   350   417   468   488   365   478   906   788
GRD23A  1700   621   866   688   776   606  1022   824  1209  1004   644
GRD23A  1710   558   384   469   630   643   648   338   550   498   867
GRD23A  1720  1414   879   640   357   485   898   693  1051   874   545
GRD23A  1730   783   578   580   618  1145   837   907  1162  1145   760
GRD23A  1740   583   475   434   511   783   659   413   480   548   526
GRD23A  1750   812   891   938  1077   658   743   778   989   937  1195
GRD23A  1760  1195  1681  1219  1570   932  1205   951   575   563   760
GRD23A  1770   861   783   823  1193   746  1136  1088   908  1069   790
GRD23A  1780  1116   690   854  1128   851   797  1007  1060   817   870
GRD23A  1790   810   508   699   995  1080  1070   943   836   890  1133
GRD23A  1800  1037   867  1007   952  1102  1326  1328   914   892  1049
GRD23A  1810   970   967   962   890   958   954   839   958  1029  1406
GRD23A  1820  1063   520   765   975  1181  1182   821  1112   689   955
GRD23A  1830  1058   954  1218   742   953   975   804   915   807   710
GRD23A  1840   836   635   900   773   550   699   730   995   996   730
GRD23A  1850  1049   836  1005  1037   445   518   783   921  1217  1027
GRD23A  1860  1079   974   837   836  1028   975  1102   836   837   645
GRD23A  1870   986  1100   868  1048  1271  1281  1111  1016  1027   709
GRD23A  1880   858   698   900   963  1345  1143   836   912  1047   984
GRD23A  1890  1295   870  1090  1028   900   699  1197  1252  1472  1207
GRD23A  1900  1064  1042   922   827  1119  1064   966   555   498   802
GRD23A  1910   904   735   844   823   588   790   782   674   724   661
GRD23A  1920   627   897   790   670   771   926   719   646   428   577
GRD23A  1930   684   823   523   679   787   680   565   978   797   722
GRD23A  1940   963  1117  1075   871   889   916   511   734   919   995
GRD23A  1950  1030  1020  1088   991   911   890   626   602   860  1147
GRD23A  1960   586   555   543   765   887  1030   888   985   892   754
GRD23A  1970   978   658   744   927   681   820   826   924   548   537
GRD23A  1980   537   687   764   817   702   638   633   580   823   831
GRD23A  1990   791   789   788   733   870  1116   962   835   839  1284
GRD23A  2000  1284   930   877  1146   984   696   738   653   525   710
GRD23A  2010 -9999
GRD23B  1728  1142  1044
GRD23B  1730  1135  1112  1290  1789  2493  1619  1292  1409  1082   830
GRD23B  1740   681   778   709  1078  1300  1270   865  1130  1057  1325
GRD23B  1750  1498  1493  1475  1528  1058  1184  1004  1153  1081  1791
GRD23B  1760  1468  1766  1399  2433  1562  1579  1058   579   402   549
GRD23B  1770   823   662   769  1222   957  1029  1131   819  1093  2016
GRD23B  1780  1736  1222  1313  1933  1624  1266  1314  1283  1032  1052
GRD23B  1790   843   578   512   843  1026   733   743   597   659   790
GRD23B  1800   696   700   730   616   797   944   759   683   568   544
GRD23B  1810   494   742   744   786   803   768   536   599   848  1476
GRD23B  1820  1330   590   714   900  1162  1102   964  1054  1012   971
GRD23B  1830   971   901  1245   950   885   901   711   763   712   446
GRD23B  1840   429   496   511   571   558   554   598   663   639   725
GRD23B  1850   760   695   812   532   396   298   355   536   705   790
GRD23B  1860   767   851   728   636   985   886   827   760   817   682
GRD23B  1870   906   989   927   982  1251  1119  1164   844  1201   736
GRD23B  1880  1088   641  1170   865  1159   894   735   788   895   724
GRD23B  1890   736   757   756   833   554   480   854  1043  1149  1042
GRD23B  1900   957   958   843   808   949   840   969   692   650   830
GRD23B  1910   958   931   823  1063   967   766   882   723   790   998
GRD23B  1920   901   997   742   595   818   848   891   752   553   552
GRD23B  1930   680   671   625   574   562   539   563   586   700   615
GRD23B  1940   498   658   657   678   533   668   434   509   476   550
GRD23B  1950   688   689   764   646   407   711   595   530   521   828
GRD23B  1960   584   637   624   773   793   667   741   932   837   762
GRD23B  1970   847   879   677   867   656   762   762   636   550   402
GRD23B  1980   318   455   561   699   571   498   434   465   635   561
GRD23B  1990   699   752   699   550   667   688   529   583   445   467
GRD23B  2000   614   455   486   488   583   577   437   511   446   680
GRD23B  2010 -9999
GRD24   1704  1499  1369  1032  1292  1191  1049
GRD24   1710  1057  1297  1468  1494  1920  1763  1199   622   516   588
GRD24   1720   518   817   795   727  1162  1162  1169  1151  1686  1822
GRD24   1730  2051  1798  1721  1969  2337  1758  1394  1266   737   205
GRD24   1740   280   300   471   985  2924  3692  2387  1508  1646  1522
GRD24   1750  1155  1229  1382   960   734   746   491   926  1374  1461
GRD24   1760  1583  1552  1230  1155   650  1035  1806  2862  3043  2587
GRD24   1770  1569  1151  1144   786   569   775   949  1003  1514  1768
GRD24   1780  2011  1217  1238  1079  1483  1663  1217   603   466   614
GRD24   1790   597   535   353   845  1511  1637  1690  1542  1369  1086
GRD24   1800  1112   995   958  1350  1159   936   963   680   701   901
GRD24   1810  1114  1430  1017   893   816   921   869  1009  1104   648
GRD24   1820   536   511   532   617   851  1209  1095  1607  1271   893
GRD24   1830  1088  1130   872   836   595   701   677   469   668   561
GRD24   1840   286   212   412   297   455   518   709  1028  1081   890
GRD24   1850   616   698   826   691   338   455   593   784  1228   928
GRD24   1860   625   766   659   757  1171  1482  1588  1090  1069   773
GRD24   1870  1396  1059  1016   751   752   920   911   931   963   688
GRD24   1880   815   508   730   572  1047   752   624   847   681   756
GRD24   1890   958   692   710   739   415   383   692   788   991  1109
GRD24   1900   960   959   756   843   905  1036  1182   556   639   739
GRD24   1910   897   795   722   732   784   775   891   754   752   846
GRD24   1920   847   804   625   571   540   541   730   603   497   498
GRD24   1930   582   645   688   646   646   836   751   635   836   529
GRD24   1940   508   635   699   666   572   614   349   710   498   783
GRD24   1950   677   893   762   585   392   762   413   423   455   667
GRD24   1960   624   519   455   465   561   540   730   762   710   868
GRD24   1970   561   562   539   614   498   571   742   698   456   403
GRD24   1980   477   603   635   529   614   444   413   445   751   720
GRD24   1990   772   805   709   582   836   932  1059   837   698   709
GRD24   2000   869   868   709   879   889   730   518   657   560   880
GRD24   2010 -9999
GRD25   1634   666   434   629   689   473   358
GRD25   1640   223   585   683   927   737   998  1022   998   866  1199
GRD25   1650  1007   888   942   555   516  1232  1053  1211   698   943
GRD25   1660  1201  1040  1200   767   644   744   611   593   801   620
GRD25   1670  1096  1281   827  1248   625   385   477   709   682   744
GRD25   1680   674   675   812   785  1116   573   733   813   521   840
GRD25   1690   724   746  1031   809   799   661   768  1020   647   636
GRD25   1700   636   403   679   911   613  1006   815   561   518   402
GRD25   1710   561   561   774   233   350   731   774   677   818   858
GRD25   1720   553   350   371   700  1219  1027   614   774   889   635
GRD25   1730  1164  1450  1377  1209  1452  1219   689   857  1104   741
GRD25   1740   403   710   721   996  1229  1529  1540  1218  1289  1373
GRD25   1750  1375  1471  1310  1159     0     0     0  1232  1421  1989
GRD25   1760  2112  1759  1272  1962  1726  2112  1306  1285  1163  1382
GRD25   1770  1309  1644  1469  1396  1375  1765  1644  1149  1470  1192
GRD25   1780  1207   837   640  1035     0     0     0  1239   982  1027
GRD25   1790   862   661   477   577   983   814   865  1035  1016   941
GRD25   1800  1137   831  1045  1413  1068   790   989  1085  1272  1169
GRD25   1810   454  1109  1530  1191  1119  1081   961   880  1091  1368
GRD25   1820   996   993   899  1238   992  1039   670   717   899  1028
GRD25   1830  1132  1354  1091   861  1166  1173   606   560   708   611
GRD25   1840   728   614   642   708   559   657   685  1304   990   932
GRD25   1850   976  1164  1175  1169  1298   734   713  1054  2203  1913
GRD25   1860  1919  1226  1051  1032  1213  1312  1172   949  1248  1041
GRD25   1870  1155  1473  1872  1699  1861  1941  1336  1085   984   963
GRD25   1880   845   774  1049   773  1018   871   861   886  1148  1189
GRD25   1890  1667   927  1351  1148   984   886  1142  1022  1169   875
GRD25   1900  1104  1181  1071   854  1198  1155  1219  1056   754   855
GRD25   1910   787   862   849   808   726  1033   996   908  1092  1172
GRD25   1920  1001  1354  1419  1184   870   843   742   675   534   621
GRD25   1930   652   804   621   706   802   989   820   925   776   483
GRD25   1940   577   536   601   417   436   385   336   468   413   390
GRD25   1950   511   472   614   380   515   496   502   620   580   675
GRD25   1960   578   552   499   530   592   560   512   526   466   549
GRD25   1970   421   435   503   425   424   383   419   449   452   355
GRD25   1980   294   329   293   316   297     0   293   284   449   305
GRD25   1990   403   296   269   134   246   265   211   295   328   319
GRD25   2000   258   211   241   321   393   368   208   248   251   211
GRD25   2010 -9999
GRD26   1761   992  1160  1413  1714  1465  1300  1556  1527  1986
GRD26   1770  1759  1423  1228  1592  1755  2119  1871  1381  1180  1257
GRD26   1780  1834  2352  1909  1884  1501  1736  1979  2088  2098  1899
GRD26   1790  1891  1506  1804  1376  1258  1176   897  1182   891   943
GRD26   1800   890   728  1135  1093  1040  1018   760   750   962   986
GRD26   1810   964  1145  1333  1813  1130  1927  1204  1275  1103   788
GRD26   1820  1268  1125   894   808   678   584   731   851   614   745
GRD26   1830   828   787   992   483  1092  1367   806   698   817   776
GRD26   1840   739   981   783   610   625   848   560   855   871   601
GRD26   1850   490   478   614   502   406   398   184   329   470   544
GRD26   1860   540   456   366   479   440   686   462   309   262   269
GRD26   1870   604   508   532   303   457   563   627   529   305   341
GRD26   1880   406   311   447   413   369   459   319   447   585   470
GRD26   1890   708   645   536   629   455   349   316   390   398   386
GRD26   1900   339   310   316   291   390   388   540   476   411   376
GRD26   1910   473   345   377   420   345   295   291   305   204   140
GRD26   1920   197   248   206   183   175   183   195   208   185   288
GRD26   1930   198   193   250   306   388   368   259   357   365   305
GRD26   1940   360   416   334   368   336   402   303   326   446   634
GRD26   1950   437   297   301   447   316   237   195   221   259   291
GRD26   1960   357   291   334   314   409   424   422   470   394   330
GRD26   1970   309   307   429   390   301   194   310   399   322   228
GRD26   1980   141   131   206   193   173   195   180   185   141   164
GRD26   1990   131   134   165   200   181   224   194   169   214   288
GRD26   2000   360   204   204   278   267   139   129   119    97    98
GRD26   2010 -9999
GRD27   1717  1128  1071  1305
GRD27   1720   797   980   621   857   996  1239  1070  1088  1450   512
GRD27   1730   928  1074  1209  1363  2232   892   459   663   496   506
GRD27   1740   496   712   654  1252  1536   976   891   939   476   984
GRD27   1750  1308  1061  1439  1633   725  1027  1069  1436  1179  1875
GRD27   1760  1823  1752  1297  1644  1047  1505  1771  2439  1605  1200
GRD27   1770  1019   981   888   848  1218  1454  1382  1293  1942  2521
GRD27   1780  2473  1957  1624  1828  1634   989   517   537   700  1299
GRD27   1790  1123  1103   868   825  1189   986   965  1150   876   812
GRD27   1800  1133   685  1004  1433  1315  1271   844   648   660   736
GRD27   1810   556   608   641   982   616   731   487   648   246   730
GRD27   1820   837  1314  1909  1549  1264  1126  1072  1123  1315  1155
GRD27   1830  1730  1907  1950  1693  2233  1873  1578  1039  1217   508
GRD27   1840   497   402   625   878  1027  1132   921  1270  1280   911
GRD27   1850  1102  1398  1486  1464  1593   636   234   573   924   817
GRD27   1860   912  1160   806   817   817  1134  1018   796   785  1124
GRD27   1870  1933  1602  1536  1896  2702  2829  2362  1747  1568  1652
GRD27   1880  1883  1387  1694  1503  1652  1672  1164  1938  1809  1906
GRD27   1890  1752  1514  1740  1781  1515  1435  1512  1580  1724  1641
GRD27   1900  1516  1407  1197  1558  1812  1422  1156   631   781   674
GRD27   1910  1145  1106   908  1270  1197   852   790   755   608   852
GRD27   1920   905  1099   807   530   530   732   679   608   479   472
GRD27   1930   573   554   502   821   841  1024  1056   731   811   587
GRD27   1940   660   661   477   646   775   730   339   561   751   921
GRD27   1950   815   572   477   584   489   435   308   425   446   520
GRD27   1960   457   372   340   404   489   478   563   532   382   456
GRD27   1970   573   339   360   540   243   349   688   763   529   297
GRD27   1980   286   201   190   423   456   359   342   256   321   329
GRD27   1990   456   478   690   532   511   413   381   275   254   413
GRD27   2000   508   508   349   530   508   423   391   445   275   413
GRD27   2010 -9999
GRD28i  1768   995   571
GRD28i  1770   718   482   644   623   526   773   674   719  1030   699
GRD28i  1780   996  1377  1440  1388  1304  1069   698   816   815   804
GRD28i  1790   805   815   613   614   487   370   297   264   297   360
GRD28i  1800   444   392   645   794   603   487   320   370   296   498
GRD28i  1810   371   276   275   424   297   350   340   615   403   465
GRD28i  1820   435   351   403   551   393   424   414   657   741   754
GRD28i  1830   891   752   933   659   392   469   562   336   444   314
GRD28i  1840   303   188   183   257   249   314   336   435   368   218
GRD28i  1850   214   224   310   364   501   246    85   132   332   320
GRD28i  1860   353   449   416   448   277   353   556   544   512   587
GRD28i  1870   661   661   822  1078  1558  1585  1235   731   666   688
GRD28i  1880   743   773   957   852   803   632   465   902   923  1161
GRD28i  1890  1596  1482  1309  1855  1650  1181  1380  1138  1417  1437
GRD28i  1900  1064   830   747  1200  1125   839   743   490   519   603
GRD28i  1910   804   741   657  1005   837   593   637   426   763   881
GRD28i  1920   604   783   700   604   465   446   303   368   282   334
GRD28i  1930   368   426   363   331   566   608   439   523   512   278
GRD28i  1940   372   363   372   541   361   350   244   212   254   447
GRD28i  1950   499   329   298   350   467   318   330   402   424   582
GRD28i  1960   212   222   393   329   310   266   244   191   190   224
GRD28i  1970   191   150   233   180   127   159   159   129   129   118
GRD28i  1980 -9999
GRD28ii 1715   201   148   129   127   214
GRD28ii 1720   160   243   394   235   183   149   139   117   201   234
GRD28ii 1730   170   159   170   223   627   445   213   233   254   172
GRD28ii 1740   127   180   202   371   628   340   277   425   212   192
GRD28ii 1750   267   265   255   467   414   286   212   276   350   647
GRD28ii 1760   882  1133  1016  1218   731   560   572   710   349   243
GRD28ii 1770   222   212   286   254   223   297   233   287   372   285
GRD28ii 1780   404   563   627   706   641   491   523   491   386   388
GRD28ii 1790   396   365   331   323   355   191   235   386   310   319
GRD28ii 1800   342   352   580   661   513   342   267   331   404   289
GRD28ii 1810   181   212   267   298   191   256   213   339   276   267
GRD28ii 1820   159   118   129   255   172   170   213   428   385   524
GRD28ii 1830   631   502   660   382   354   371   235   202   191   111
GRD28ii 1840    97    57   111   111    43    70   121    87    88   121
GRD28ii 1850   172   183   139   160   111     0     0     0     0     0
GRD28ii 1860   191   129   219   331   298   490   714   566   606   544
GRD28ii 1870   597   460   621   761  1357  1028   898   663   493   385
GRD28ii 1880   601   467   817   880   997  1083   817   828   798   938
GRD28ii 1890  1333  1238  1121  1388  1304   905  1132  1119  1141  1248
GRD28ii 1900  1057   928   609  1227  1060   924   841   548   619   567
GRD28ii 1910   726   866   801  1030  1094   528   546   419   451   508
GRD28ii 1920   606  1159   986   729   536   648   270   239   172   239
GRD28ii 1930   368   369   241   291   391   583   415   703   673   459
GRD28ii 1940   449   365   482   464   369   502   316   422   283   341
GRD28ii 1950   503   340   232   468   678   395   319   539   599   586
GRD28ii 1960   362   371   325   486   694   663   576   540   488   540
GRD28ii 1970   426   510   470   557   395   262   205   280   170   140
GRD28ii 1980   118    97 -9999

