GTA1    1805   950  1590  2680   890  2980
GTA1    1810  4670  5680  3650  4380  3670  3530  2950  2460  2540  3720
GTA1    1820  3170  3400  3830  3260  2910  3140  2930  2450  1140  2040
GTA1    1830  2470  2550  2740  3020  3500  3100  3010  2980  2940  2730
GTA1    1840  3080  3310  3410  3670  2520  2070  2630  2040  2480  1820
GTA1    1850  1720  1910  1950  1730  1590  1550  1410  2110  1960  1670
GTA1    1860  1400  2190  2930  2700  2680  2550  1900  1480  1690  1640
GTA1    1870  1370  1600  1110  1460  2440  2250  1790  1220  1840  1360
GTA1    1880  2530  2350  2260  1690  2310  1870  1840  1660  1910  1660
GTA1    1890  1990  1530  1860  2790  1920  1490  1220  1320  1080  1760
GTA1    1900  1570  1420  1460  1670  1790  1450  1320  1280  1470  1120
GTA1    1910   990  1280   610   960  1420  1170   790   390  1000  1190
GTA1    1920  1050  1200  1120  1350  1210  1280  1140   870   470   900
GTA1    1930   880   620   810   940   850  1320   910  1110  1180   820
GTA1    1940   720   890  1080  1090   740   740   640   630   980   940
GTA1    1950   890   570   690   860   760   520   630   610   660  1130
GTA1    1960   410   420   510   780   620   570   560   590   560   760
GTA1    1970   590   660   440   640   600   530   440   440   510   340
GTA1    1980   510   890   720   590   440   460   450   780   680   600
GTA1    1990   470   410   430   260   350   450   320   300   430   450
GTA1    2000   430   420   450   430   330   280   440   300   340   290
GTA1    2010   240   380   350 -9999
GTA2    1831  3140  3610  2460  2690  2300  3010  2550  1950  1430
GTA2    1840   600   650  1440  2250  2400  1660  2220  1850  2110  2040
GTA2    1850  2250  2820  3190  2520  2460  2650  2890  2040  1870  1510
GTA2    1860  1570  1880  2430  2670  2970  2640  2280  1830  2830  2210
GTA2    1870  1930  2700  2640  2370  2160  2550  2710  1820  1790  1450
GTA2    1880  1400  1660  2380  2270  3170  2960  2260  2790  2630  2090
GTA2    1890  2280  2110  2760  3920  2540  2080  1980  2020  2130  2310
GTA2    1900  2240  2090  2120  2290  2460  2290  2420  1780  1070  1470
GTA2    1910  1700  1490  1490  1880  1890  1540  1560  1150  1230  1120
GTA2    1920  1580  1690  1820  1650  1820  1920  1990  1260  1060  1180
GTA2    1930  1320   740  1180  1190   830  1430  1590  1200  1420  1490
GTA2    1940  1270  1650  1560  2320  2290  2070  1130  1770  1960  2470
GTA2    1950  2460  1500  1680  1810  1560  1620  1380   930   670  1540
GTA2    1960  1220   580   780  1400  1470   870   510   810   730   820
GTA2    1970   970  1080  1020   910   730  1040  1340   750  1240  1300
GTA2    1980  1300  1790  1680  1550  1420  1170   990  1590  1770  1690
GTA2    1990  1870  1400  1320  1010  1210  1330   810  1050  1090  1360
GTA2    2000   910  1220  1160  1040  1040  1020  1010   900  1190  1270
GTA2    2010  1520  1260  1050 -9999
GTA3    1848  4010  4520
GTA3    1850  3840  3750  4860  3510  4340  3760  3240  2870  3540  4460
GTA3    1860  2890  3690  3750  3690  3660  3390  3790  3920  5070  4090
GTA3    1870  4100  4390  4050  3810  4430  4140  3790  2570  3050  2560
GTA3    1880  4500  2950  3680  2680  3040  2870  3220  2660  2630  2190
GTA3    1890  2180  1820  2430  2220  1360  1290  1960  1810  2700  2260
GTA3    1900  1960  2020  1500  1840  1870  1520  2050  1580  1390  1790
GTA3    1910  2030  2460  1850  2650  2790  2040  1240  1660  2680  2120
GTA3    1920  1900  2020  1940  2180  1900  1810  1560  1300   770   880
GTA3    1930   740   620   860   520   880  1370  1430  1360  2010  3310
GTA3    1940  2270  2260  2060  2580  2390  2470  1940  1400  1370  1920
GTA3    1950  2110  1770  1520  1700  1600   920   970   770   840   970
GTA3    1960  1110   650  1040  1120  1580  1280  1030   950   910   800
GTA3    1970   880  1070  1230  1080  1090   730  1150  1100   950   820
GTA3    1980   820  1030  1090  1160   820     0   860   860   980  1230
GTA3    1990  1320   910  1180  1170   990  1100   870   940   870   780
GTA3    2000   870   690   800   730   910   760   830   570   600   700
GTA3    2010   610   700   500 -9999
GTA4    1756  1210  1330  1400  1680
GTA4    1760  3080  3110  2930  2860  2790  3080  3870  2950  2200  2540
GTA4    1770  1440  1530  1450  2250  2830  2890  2480  3380  3790  3890
GTA4    1780  2700  2900  2100  2590  2060  1870  1840  1670  1990  2220
GTA4    1790  3200  2920  2460  1760  1950  1920  2450  2360  2980  2330
GTA4    1800  2370  1540  1980  1830  2040  2120  1980  2500  2220  1980
GTA4    1810  2420  2430  2270  1980  1250  1160  1350  1770  1760  1340
GTA4    1820  2150  2990  3450  2440  2550  1470  1310  1560  1230  2650
GTA4    1830  3130  2780  2060  2280  2250  2590  2150  1830  1740   800
GTA4    1840   540   430   280   730  1160  1050  1700  2070  2260  2140
GTA4    1850  1800  1570  1840  1470  1550  1100  1000  1450  1640  1840
GTA4    1860  1530  1320  1340   830  1050  1340  1130  1060  1020   780
GTA4    1870   750  1060  1080  1010  1180  1170   960  1090  1080   880
GTA4    1880   780   550   400   400   620   340   510   470   640   650
GTA4    1890   870   560   540   690   740   550   690   530   430   450
GTA4    1900   660   820   470   870   820   540  1110   830   690   450
GTA4    1910   620   590   330   230   370   470   340   300   230   400
GTA4    1920   410   570   600   580   610   550   530   490     0   430
GTA4    1930   450   390   560   680   440   430   440   610   630   540
GTA4    1940   420   390   600   530   720   470   240   260   250   380
GTA4    1950   580   370   390   500   730   700     0   670   660   770
GTA4    1960   530   560   480   260   270   310   230   350   230   300
GTA4    1970   230   310   420   360   520   560   710   590   640   770
GTA4    1980   560   690   710   400   460   690   500   560   590   750
GTA4    1990   670   640   970   880   630   660   430   590   480   630
GTA4    2000   880   850  1050     0  1340   710   770  1040  1040  1010
GTA4    2010   850   700   700 -9999
GTA5    1803  1010   590   430   680   650   550   530
GTA5    1810   630   740  1060  1060  1480  2000  1770  1290  1010  1570
GTA5    1820  1590  1330  1710  1070  1010  1470  1940  1950   620   870
GTA5    1830  1470  1210  1590  1600  2150  2550  2710  1900  1760  1940
GTA5    1840  2290  2130  1890  2590  2930  1960  2380  2220  2080  1600
GTA5    1850   970  2320  2480  1800  2540  1700  1980  1930  1610  1930
GTA5    1860  2600  3310  1810  1800  1990  2510  1850  1960  4350  3510
GTA5    1870  1770  2150  2250  2790  3510  4680  3630  2170  2350  1500
GTA5    1880  2640  1220  1910   960  1480  1430  1730  2060  1610  1210
GTA5    1890  1500  1150  1570  3450  2490  1700  2100  3330  2820  1920
GTA5    1900  1250  1410   920   910   860   770  1130  1180   790   710
GTA5    1910  1440  1790  1520  2110  2470  2280  1830  2120  2030  1820
GTA5    1920  1590  1290  1010  1290   820  1140  1130  1080  1290  2130
GTA5    1930  1910  1730  2720  2540  1820  1860  1030   890  1190  1130
GTA5    1940   760   880   690  1270  1410  1340   990   600   820  1350
GTA5    1950  1140   760   980  1220  1000   970   640   740   700  2020
GTA5    1960  1280   770   950  1120  1120   750   420   760   550   200
GTA5    1970   280   500   400   390   400   500   530   360   380   440
GTA5    1980   490   740   840   790   680   850   900  1530  1360  1030
GTA5    1990   870  1250   970   860   690   560   620   710   700  1060
GTA5    2000  1530  1390  1000  1120   510   580  1070  1160  1040  1190
GTA5    2010   750   700   620 -9999
GTA6    1822  3580  1470  2120  2330  1530  3030  1130  2720
GTA6    1830  1670  1740  1580  2550  3750  3570  3650  2660  2440  1000
GTA6    1840   570  1250  1810  3110  3340  2050  2110  2420  3250  3980
GTA6    1850  3980  4260  4350  4360  4610  3600  3490  4700  3230  4820
GTA6    1860  3910  3460  3990  3460  4010  4510  4120  4270  5160  4470
GTA6    1870  4170  5130  4890  4350  4580  4310  3560  1800  1410   920
GTA6    1880  1160   760  1080   890  1230  1710  2220  2150  2430  2520
GTA6    1890  3830  2310  1930  2390  2340  1460  1670  1890  2550  1580
GTA6    1900  2120  2680  2070  2590  2970  2370  1360  1200   720   720
GTA6    1910   720   630   900  1090   760   490   530   250   830   980
GTA6    1920  1340  1350  1380  1120  1230  1140   880  1030   640   850
GTA6    1930   990   880   860   550   920  1050  1030  1310  1450  1270
GTA6    1940   850   940   520   590  1100   490   380     0     0   330
GTA6    1950   310   430   700   510   560   630     0   830   740   570
GTA6    1960   340   300   250   480   510   350   200   480   750   740
GTA6    1970   630   810   740   730   810   680   730     0   830   680
GTA6    1980   500   450   390   510   530   880  1150  1490  1260   720
GTA6    1990   900   770   510   230   200   330     0   610   380   560
GTA6    2000  1190  1020   920  1190  1120  1130  1150  1120   930  1340
GTA6    2010  1050   960   630 -9999
GTA7    1846  9570  4790  3250  1630
GTA7    1850  1830  3360  4220  3670  4180  3620  1930  2370  1130  1670
GTA7    1860  1320  2220  2170  2220  1470  1380  1360  2380  2690  2040
GTA7    1870  2280  4410  4770  4150  3420  3220  3040  2420  2730  2630
GTA7    1880  3850  3430  3800  2860  3080  2500  2820  5210  3750  3130
GTA7    1890  4090  3760  3210  4340  4080  2650  2760  2910  4130  3520
GTA7    1900  3460  3510  2750  4150  5160  5070  3920  3400  2920  3150
GTA7    1910  3040  3600  1850  3070  3410  2730  2090  2020  2630  2740
GTA7    1920  3530  2680  2350  2430  1970  2390  1660  1380  1370  1490
GTA7    1930  1390   790   960   850   660   780   940  1000  1160   900
GTA7    1940   960  1460  1050  1530  1540  1280  1180  1250   680  1680
GTA7    1950  1300  1080  1060  1440  1380  1490  1350  1460  1260  1800
GTA7    1960  1430   970   890  1280  1700   630   670  1040   700   810
GTA7    1970   870   630   730   980   740   930  1580  1010  1110   920
GTA7    1980   820  1250  1430  1340  1110   880   810  1140  1210  1070
GTA7    1990   840   530  1350  1140  1040   880   690   590   520  1110
GTA7    2000   980   890   540   790  1130  1030   680   900  1040  1140
GTA7    2010  1080   560   550 -9999
GTA9    1782  4550  2900  2460  2020  1790  1540  1570  1750
GTA9    1790   920  1240  1580  1030  1290  1520  1370  1360  1400  1140
GTA9    1800  1110   650   640   850  1360  1330  1200  1680  1470   910
GTA9    1810  1240  1680  1590  1570  1610  1800  1730  1470  2000  2190
GTA9    1820  2650  1760  1920  1700  2030  1870  1520  1700   960  1190
GTA9    1830  1350   930  1000  1150  1130  1530  1710  1640  1260   990
GTA9    1840   730   880   830  1220  1030   720   630   830  1240  1250
GTA9    1850  1310  1320  1450  1170   950  1140  1170  2620  1820  1850
GTA9    1860  1580  1410  1270  1430  1540  1160   850   650   980  1220
GTA9    1870  1170  1660  1500  1130  1740  1500   870   870  1020   910
GTA9    1880  1870  1490  1780  1480  1540  1270  1120   750   750   790
GTA9    1890  1110  1920  1590  1680  1450  1200  1230  1470  1870  1630
GTA9    1900  1110   620   680   950   930  1410  1230   860   920   770
GTA9    1910   740   800   830   720   910   680   570  1120  1670  1430
GTA9    1920  1370  1120   920  1200  1320   950  1070   980   830   670
GTA9    1930   650   750   800   680  1340  1780  1080  1250  1750  1480
GTA9    1940  1100  1180   790  1180   980   800   500   440   480   610
GTA9    1950   480   530   480   530   470   530   500   540   580  1140
GTA9    1960   870   780   830   680   600   390   400   750   560   500
GTA9    1970   400   400   650   710   720   880  1060   530   430   460
GTA9    1980   420   650   460   430   500   430   420   350   380   500
GTA9    1990   480   430   630   490   570   440   290   300   400   590
GTA9    2000   990   630   600   430   380   470   430   700   730   880
GTA9    2010   590   590   620 -9999
GTA10   1838   790   510
GTA10   1840   570   810  1200  1310  1620  1560  1250   920  1210  1030
GTA10   1850  1670  2190  2680  2190  1790  1890  2130  1590  1720  2030
GTA10   1860  2240  1980  1870  1060  1320  1710  1980  2060  2690  2090
GTA10   1870  2890  2840  2440  2290  2460  2100  2050  1430  1560  1410
GTA10   1880  1870  1640  2100  2360  1860  2150  2230  1780  3050  1930
GTA10   1890  3040  1780  1410  2070  2170  1850  1770  1630  1250  1830
GTA10   1900  2450  3140  2500  2020  2440  2150  2160  1790  1460  1590
GTA10   1910  1680  1880  1400  1860  2040  2090  1930  1480  1780  1850
GTA10   1920  1970  1950  1910  1860  2220  1910  2560  1740  1640  2080
GTA10   1930  2280  1570  2060  2050  1740  1660  2130  1900  2600  2810
GTA10   1940  1650  1790  1630  2440  2090  2060  1480  1860  1140  2200
GTA10   1950  2040  1910  2440  2890  1520  1950  1430  1790  1520  1650
GTA10   1960  1690  1270  1390  1530  1630  1490  1780  2400  2000  1470
GTA10   1970  1310  1780  1580  1530  1370  1760  1490  1080   960  1350
GTA10   1980   990  1540  1380  1410   980   800  1040  1160  1550  1990
GTA10   1990  2020  1430  1380  1750  1690  1430  1130  1630  1050  1800
GTA10   2000  2500  1710  1640  1580  1490  1740  1650  1610  1470  2820
GTA10   2010  2400  1400  2030 -9999
GTA11   1699  2130
GTA11   1700   950   810  3440  1780  2330  2020  1840  1920  1880  1210
GTA11   1710  1450  1190   990  1280  1560  1360  1690  1520   860  1210
GTA11   1720  1060  1530  1350  1250   790  1540  1690  1120  1400  1040
GTA11   1730  1450   900   670   630   790   790   430   340   260   380
GTA11   1740   190   210   310   390   340   310   210   390   160   160
GTA11   1750   430   440   650   260   300   420   470   180   240   350
GTA11   1760   410   730   580   580   630   310   490   490   840   880
GTA11   1770   570   230   180   230   390   570  1030   870  1390  1000
GTA11   1780   750   770   820  1440  1050   970   920  1460   950  1010
GTA11   1790   980  1450   920  1030  1000   590   880  1080   780   640
GTA11   1800   710   560  1020  1090   840  1070  1140  1110   770   710
GTA11   1810   710   730   680   600   450   390   270   540   520   740
GTA11   1820   410   610   750  1020  1310  1270   960   440   670   830
GTA11   1830   950   930   890   630   570   560   690   860   840   730
GTA11   1840   470   980   630  1410  1260  1150  1650  1250  1440  1070
GTA11   1850   910   960   760   740   940  1010   990  1610  1920  1450
GTA11   1860  1460  1880  2020  1610  1350   910   840   570  1090   950
GTA11   1870   610  1230  1400  1440  1440  1210  1030     0   320     0
GTA11   1880   180     0   150     0   460   460   770   690   820   640
GTA11   1890   760   530   560   710   730   430   700   730  1020   820
GTA11   1900  1060  1380  1100  1100  1010   800   890   960   760   900
GTA11   1910  1080  1140  1030   990   960   950   820  1010  1210   990
GTA11   1920   810   810   750   840   890   850   730   710   470   680
GTA11   1930   780   610   760   750   840   770   660   740  1180  1120
GTA11   1940   720   780   590   890   880   670   790   450   520  1020
GTA11   1950   840   920   920   950   700   280   410   380   670   600
GTA11   1960   650   480   440   540   860   580   450   660   590   320
GTA11   1970   450   900   650   820   610   600   560   480   400   430
GTA11   1980   370  1050   860   570   430   590   650   760   830   640
GTA11   1990  1070   870   810   600   450   350   300   340   400   600
GTA11   2000   670   560   540   460   530   350   440   550   630   520
GTA11   2010   320   320   370 -9999
GTA12   1801  1230  2440  1960  2080  4200  4100  4010  3330  2750
GTA12   1810  2910  3370  3130  2780  1750  2500  2290  2100  2680  4150
GTA12   1820  3750  3820  4050  3970  3030  3160  2310  2570  2570  2080
GTA12   1830  1620  1500  1410  1570  2340  3000  3180  3600  2790  2370
GTA12   1840  1590  1300  1560  2600  3260  3210  3920  2580  2430  1840
GTA12   1850  1850  1900  1810  1490  1630  1680  1670  2170  1870  2050
GTA12   1860  1920  2010  1590  1420  1690  1910  1670  1410  1830  1130
GTA12   1870  1360  1450  1370  1370  1930  3010  1970  1410  1310   780
GTA12   1880   900   720   820   640   760   920  1330  1280  2010  2150
GTA12   1890  2680  2690  2490  3040  1750  1840  1510  1750  2100  2320
GTA12   1900  2200  2210  1400  2220  2190  2000  1980  1370  1370  1450
GTA12   1910  1290  1100  1210  1330  1490  1170  1590  1740  2600  2040
GTA12   1920  1670  1520  1680  1820  2140  2150  2000  1650  1280  1290
GTA12   1930  1110  1080  1360  1020  1060  1270  1360  1640  1910  2020
GTA12   1940  1420  1670  1820  1830  1650  1740  1160  1180  1210  1730
GTA12   1950  1790  1760  1630  1670  1470  1560  1110  1280  1670  1780
GTA12   1960  1500  1470  1560  1580  1790  1620  1420  1930  1320  1240
GTA12   1970  1330  1310  1370  1390  1420  1520  1360   950  1130  1070
GTA12   1980  1340  1690  1570  1510  1650  1380  1390  1500  1780  1500
GTA12   1990  1340  1680  1390  1670  1420  1620  1220  1850  1990  1790
GTA12   2000  1590  1740  1850  1820  1160  1260  1640  1680  1670  1530
GTA12   2010  1470  1720  1750 -9999
GTA13   1864  8420  2150  2400  1730  1710  1990
GTA13   1870  2860  3020  2230  2290  2140  2010  2480  2570  2670  1170
GTA13   1880  3200  2300  1890  1790  2010  1570  1670  1930  2220  2530
GTA13   1890  2880  2900  2700  2070  1030     0  1040  1050  1330  1530
GTA13   1900  1380  1130   800  1450  1650  1510  1120  1050  1030   920
GTA13   1910  1210  2400  1770  1600  1340   980   790   890  1090  1340
GTA13   1920  1150  1510  1290  1640  1980  1940  1570  1260   920  1240
GTA13   1930   840   610   830   640   630   530   490   750  1000  1420
GTA13   1940  1020  1400  1420  1440  1220  1490  1210   930   900  1550
GTA13   1950  1260  1340  1120  1310  1460  1360   660   540   570   770
GTA13   1960   980   680  1200  1600  2130  1640  1390  1200   850  1050
GTA13   1970  1040  1100  1300  1140  1060  1490  1110  1060  1000   900
GTA13   1980   950  1030   910   930   710   620  1110  1210  1350  1090
GTA13   1990  1180  1290  1270  1100  1660  1100   830   890   610   870
GTA13   2000   880   660  1060  1030  1290   960   880  1070  1510  1420
GTA13   2010  1510  1470  1260 -9999
GTA14   1837  1910  1420  2130
GTA14   1840   710  1160   830  2360  1810  2610  2740  2360  1720  1540
GTA14   1850  1590  1630  1720  1360  1210  1120  1400  1220  1480  1900
GTA14   1860  1770  1500  1790  2180  2020  2230  2610  1810  2760  2090
GTA14   1870  2120  2790  2710  2120  2630  2460  2110  1730  2040  1560
GTA14   1880  3030  2020  2440  1180  1480  2070  2660  2960  3240  2600
GTA14   1890  3400  2680  2760  2590  2330  1240  1790  2260  3160  3650
GTA14   1900  2500  2860  2600  2670  2830  2920  2030  2400  2360  2340
GTA14   1910  1640  2360  1910  1960  2310  2010  1710  1990  1920  1870
GTA14   1920  1510  1430  1660  2480  2490  1630  1140  1370  1350  1810
GTA14   1930  1920  1300  1850  2040  1620  1870  1630  1520  2240  1700
GTA14   1940   930  1210  1120  1320  1400  1190  1290   880  1000  1700
GTA14   1950  1420  1340  1460  1840  1010   870   930  1340  1030  1200
GTA14   1960  1280  1120  1200   850  2000  1660  1220  2450  1690  1410
GTA14   1970  1370  1820  1690  2160  1320  1360  1440  1110  1380  1120
GTA14   1980  1270  1400  1210  1260  1150   810  1190  1490  1200   760
GTA14   1990   610   630   920  1120  1190  1320   530   870   720  1550
GTA14   2000  1470  1330  1180  1380  1030  1020  1110  1210  1390  1010
GTA14   2010   660   440   560 -9999
GTA15   1854  2110  1220   540   910  1320  1790
GTA15   1860  1840  1510  1520  1590  1700  1680  1790  1890  2170  2210
GTA15   1870  2960  3580  2860  2810  3030  2190  2410  1860  1700  1940
GTA15   1880  2420  1140  2180  1820  2250  2260  2350  2330  2390  2720
GTA15   1890  3650  3510  3450  2880  3610  3000  2860  2660  3750  3690
GTA15   1900  2970  2820  3000  2950  3110  2400  2850  2450  2230  1770
GTA15   1910  1640  1400  1390  2170  2060  1610  1520  1870  2270  1830
GTA15   1920  2290  2210  2000  1990  1910  1580  1780  1710  1410  1800
GTA15   1930  1930  1670  1510  1730  1860  1960  1740  1800  1730  2280
GTA15   1940  1640  1740  1950  2410  2350  1670  1580  1540  1660  2280
GTA15   1950  1760  1580  1930  1800  1560  1240  1120  1250  1090  1360
GTA15   1960  1420  1130   880   840  1180   930   830   760   620   590
GTA15   1970   550   850  1140  1250  1030   880   840   760   890   780
GTA15   1980   730  1010   860   690   610   450   550   780   870   650
GTA15   1990   820   660   860   840   760   630   430   410   340   310
GTA15   2000   260   260   220   220   240   210   330   280   310   270
GTA15   2010   190   160   250 -9999
GTA16   1853  3430  2480  2310  2500  2350  2590  2410
GTA16   1860  2700  2860  1800  1210  1610  1880  1770  1290  1500  1330
GTA16   1870  1900  2910  2370  2880  2740  3220  2680  1960  2530  1860
GTA16   1880  2730  1800  2300  2370  2300  2550  2260  2280  2870  2440
GTA16   1890  3020  2700  3410  3440  2790  2080  2520  2770  3350  2920
GTA16   1900  3780  2920  3450  2870  2640  2330  1930  1890  1910  1390
GTA16   1910  1880  3240  2050  1880  2500  2090  1790  2200  2710  2270
GTA16   1920  2540  2080  2260  2240  1940  1430  2160  1730  1690  2550
GTA16   1930  2110  1760  1840  1860  1510  1230   890  1100  2040  1900
GTA16   1940  1590  1590  1940  2200  1710  1900  2120  1310  1710  1760
GTA16   1950  1410  1270  1170  1500  1640  1040   760   570   630  1160
GTA16   1960  1050   540   780  1020   990   750   560   850   510   250
GTA16   1970   680  1060   790   490   490   800   720   520   620   880
GTA16   1980  1300  1030  1000   520   560   750   740  1290  1600  1210
GTA16   1990  1430  1960  2090  1710   950   920   840  1350  1490  1450
GTA16   2000  2230  1930  1540   870   970   890  1110  1230  1050   970
GTA16   2010  1060  1340   870 -9999
GTA18   1836  2310  1280  1180  1830
GTA18   1840  1760  1170  1580  1970  1990  1770  2870  3160  2810  1950
GTA18   1850  2280  2430  2900  2410  2480  1830  2390  2570  2360  2690
GTA18   1860  2380  2200  2260  2220  2320  2650  2150  1610  2520  2090
GTA18   1870  2590  2330  2680  2310  2130  2220  2840  1720  1380  1070
GTA18   1880  1890  1980  3440  2010  3120  3030  3450  2100  1680  1320
GTA18   1890  1280  1360  2030  2160  2070  1510  1680  1790  1900  2010
GTA18   1900  3450  2450  2410  2430  2010  1490  1140  1130  1030  1610
GTA18   1910  2320  2330  2340  1710  1510  1460  1300   930   920  2660
GTA18   1920  2720  3290  2190  2270  1810  1340  1090  1280   900   950
GTA18   1930   880   920  1310  1680   940  1230   900   790  1520  2080
GTA18   1940  1340  1520  1860  2360  2050  1960  1230  1150  1360  1570
GTA18   1950  1040  1010  1000  1090   820   700   680   530   550   700
GTA18   1960   520   300   430   450   710   430   420   940   820   750
GTA18   1970   770   970  1030  1020  1050  1090  1100   740  1040  1210
GTA18   1980  1140  1490  1360  1170  1550  1330  1640  2220  2300  2470
GTA18   1990  3000  1810  1660  2000  1280   760   750  1360  1480  1670
GTA18   2000  2010  1380   890   650   880   950  1110   970  1080  1160
GTA18   2010   870   880   780 -9999
GTA19   1836  1410   980  1080  1640
GTA19   1840  1520  1250  1840  2130  2140  2130  2980  3210  2770  1940
GTA19   1850  2150  2430  3030  2790  2470  1770  2350  2390  2430  2470
GTA19   1860  2260  2160  2190  2480  2210  2520  2110  1730  2600  2470
GTA19   1870  2400  2410  2840  2270  2140  2470  2820  1700  1480  1050
GTA19   1880  2080  2190  3620  1990  3220  2800  2910  2150  1490  1270
GTA19   1890  1320  1350  1900  2510  1930  1340  1760  1750  1920  2450
GTA19   1900  3510  2600  2370  2570  2060  1590  1260  1180  1080  1590
GTA19   1910  2220  2430  2040  1840  1260  1320  1290   800  1930  2850
GTA19   1920  2540  3110  2040  2100  1520  1230  1050  1290   760  1130
GTA19   1930  1060   960  1140  1220  1020  1400   960   820  1470  2350
GTA19   1940  1750  1720  2020  2540  2270  2140  1110  1020  1180  1390
GTA19   1950  1030  1020   950  1040   950   710   700   560   540   500
GTA19   1960   500   380   490   460   740  1120   510   900   880   840
GTA19   1970   810   840  1050  1010  1220  1120  1100   810  1040  1220
GTA19   1980   950  1190  1070  1160  1290  1670  1690  2390  2200  2800
GTA19   1990  3090  1880  1540  2140  1320   810   760  1460  1420  1770
GTA19   2000  1900  1440   890   670   770   860  1030   880   950  1110
GTA19   2010  1110  1110   750 -9999
GTA20   1707   240   520   420
GTA20   1710   670   700   990  1070   870   950  1100   820   740  1070
GTA20   1720   730  1160  1440   950   750  1710   600   700  1160   740
GTA20   1730   910   750  1160   760   770   900   420   430   950   760
GTA20   1740   440   490   600   900   880   370   630   700   940  1720
GTA20   1750  1280  1020   920   560   560   500   280   180   460   610
GTA20   1760   680   960  1050   780   590   540   840   670   650   520
GTA20   1770   250   390   630   810   520   740   700   930   780   830
GTA20   1780   970   870   800   790  1130  1010   630     0   950  1410
GTA20   1790  1180  1150   790     0   310   370   260   430   420   510
GTA20   1800   330   230   430   350   520   570   970  1400  1010  1030
GTA20   1810   560   500   720   680   460  1130   890   760   440  1260
GTA20   1820  1090   970  1580   870   810   580  1150  1660  1060   960
GTA20   1830  1150  1250   860  1250  1870  1360   810   720   850   640
GTA20   1840   130   300   560   630   730   410   370   370   360   480
GTA20   1850     0   440   610   710   610     0   740   640   490   730
GTA20   1860   440   650   330   560   500   440   460   440   520   260
GTA20   1870   540   560   460   720   760   660   860   820   840   690
GTA20   1880   580   380   310     0   450   320   500   800   880  1010
GTA20   1890  1330   970  1000   910   560     0   460   460   550   810
GTA20   1900  1040  1060   650   760   530   710   680   530   660   630
GTA20   1910   770  1290   770   680   830   740   650  1150  1190  1160
GTA20   1920   920  1210  1160  1080  1220  1190  1150  1120   690   700
GTA20   1930   800   620   820   810   990   840   980  1230  1120  1170
GTA20   1940   660   840   780  1130  1140  1520  1300   810   630  1250
GTA20   1950  1020   670   810   930  1000   550   630   620   900  1210
GTA20   1960  1420   690  1010   940  1200  1270  1100  1380  1260   890
GTA20   1970  1110  1460  1630  1110   990   830  1110   790  1030  1390
GTA20   1980  1070  1470  1060   500   850   810   960  1260  1010   840
GTA20   1990   800   980  1170   620   790   780   410   570  1060  1230
GTA20   2000  1600  1530  1540  1560  1140  1070   910   590  1110  1150
GTA20   2010  1270   940   800 -9999
GTA21   1829 12170
GTA21   1830  2030  1710  1110  1850  2590  3380  3980  4520  2610  1990
GTA21   1840  2180  2440  3190  3760  2980  2740  2950  1960  1940  1820
GTA21   1850  1820  2130  2390  2000  1710  1920  2070  2230  1830  1760
GTA21   1860  1870  2360  2460  2070  2440  2450  2470  2340  3610  2220
GTA21   1870  2130  2340  2270  2260  2830  2650  2430  1940  1670  1610
GTA21   1880  1510  1440  1530  1870  2270  1730  2160  2450  2000  1960
GTA21   1890  1830  1540  1650  2030  1530  1330  1620  1780  2050  1610
GTA21   1900  1730  1960  1490  1750  2190  1820  1890  1580  1430  1280
GTA21   1910  1280  1850  1520  1670  1840  1460  1460  1160  1540  1830
GTA21   1920  1700  1890  1740  1290  1560  1660  1230  1320  1220  1130
GTA21   1930  1070   940   920   930  1410  1960  1470  1170  1060  1530
GTA21   1940  1320  1070   820  1490  1090   850   760   850   780  1480
GTA21   1950  1230  1150  1510  1290   980  1000   930  1080   880  1100
GTA21   1960   890   680   720   630   920   650   560  1000   510   600
GTA21   1970   590   830  1080  1030   800   840  1050  1370  1640  1540
GTA21   1980  1090  1360   950  1170   920   650   980  1240  1770  1420
GTA21   1990  2060  1990  1620  1370  1510  1580  1160  1480   860  1150
GTA21   2000  1450  1410  1270  1190  1050  1050  1790  1300  1390  1200
GTA21   2010  1150   760   660 -9999
GTA22   1825  2240  2630  2880  2260  2750
GTA22   1830  2970  2360  2300  2370  2750  1980  1630  1220  1250  1400
GTA22   1840  2920  3210  3210  2780  2550  2540  3150  3260  2670  3160
GTA22   1850  2620  2650  2480  2660  3270  3310  3610  3090  3160  3030
GTA22   1860  2250  3970  3200  2910  2740  2700  3360  3890  4810  3210
GTA22   1870  3480  2890  2040  1630  2710  3100  2870  1900  2380  1940
GTA22   1880  3080  2100  2990  2020  2360  1970  2110  2020  2510  2980
GTA22   1890  3650  2840  2520  2390  1950  2100  2940  3080  3690  3220
GTA22   1900  2460  2530  2260  2860  3220  2450  1800  1620  1900  1390
GTA22   1910  1620  2260  1890  2460  1770  1140   720  1070  1720  1930
GTA22   1920  2110  2330  2260  2120  2430  2180  1740  1640  1470  1150
GTA22   1930  1210  1410  1990  1290  1520  1970  2040  2340  2270  2120
GTA22   1940  1300  1450  1190  1640  1660  1310  1190  1060   810  1500
GTA22   1950  1420   930   890   870   790   910   580   790   970   850
GTA22   1960   530   570   630   700   840   460   440   730   590   500
GTA22   1970   580   920  1080   940   920   920   760   580   610   930
GTA22   1980  1020  1890  1540  1370  1360   900  1030  1140  1170  1090
GTA22   1990   910   950   690   560   650   530   390   490   410   690
GTA22   2000   660   800   790   790   910   860   860  1000  1230  1300
GTA22   2010  1090  1300   830 -9999
GTA23   1837   750  1870   680
GTA23   1840   690  1000   800   920  1040   980  1620  1550  1730  1090
GTA23   1850  1030  1100  1590  1460  1670  1710  1730  1720  1060  1670
GTA23   1860  1500  1520  1850  2090  1850  1680  1740  1460  1790  2300
GTA23   1870  1800  2370  2300  2020  2430  2620  1910  1100  1550  1440
GTA23   1880  1740  1490  1730  1240  1920  1800  1870  2310  2230  2000
GTA23   1890  2180  1560  1700  2410  1390  1400  1320  1370  1840  2000
GTA23   1900  2510  3040  2050  2110  1920  1700  1040   990  1030  1200
GTA23   1910  1190  1600  1380  1630  2060  1410  1710  1460  1570  1740
GTA23   1920  1790  1850  1490  1480  1340  1540  1650  1180  1210  2210
GTA23   1930  1940  1040  1630  1590  1270  1310  1350  1690  1780  1690
GTA23   1940  1350  1500  1670  2060  2170  1940  1510  1120  1120  1690
GTA23   1950  1240  1490  1580  1360  1180  1090   950   970  1090  1070
GTA23   1960   950   650  1410  1730  1600  1280   880   980  1070  1050
GTA23   1970  1120  1290  1400  1180  1020   870   970   780  1060  1450
GTA23   1980  1590  1600  1340   980   920  1290  1310  1480  1540  1200
GTA23   1990   850   950   940  1100   930   840   730   980   610   960
GTA23   2000  1060  1090  1470   750   950   910   970   940  1050   840
GTA23   2010  1020   680   690 -9999
GTA24   1836  1520   800  1010  1090
GTA24   1840  1740  1700  2030  2580  1150   990  1790  1680  1610  1780
GTA24   1850  1770  1920  1790  1260  1300  1070  1450  1090  1400  1410
GTA24   1860  1260   970   970  1060  1220  1170  1370   980  1520  1290
GTA24   1870  1360  1400  1180  1390  1610  1920  1760  1450  1320   950
GTA24   1880  1680  1430  1740  1080  1130  1080  1010  1140   920   740
GTA24   1890   800   760   750   850   750   640   670   930  1410  1530
GTA24   1900  1720  1530  1350  1930  1750  1420  1330   780   780   890
GTA24   1910  1070  1060   840   930  1040   810   700   930  1310  1490
GTA24   1920  1600  1410  1150  1300  1180  1030  1050   810   620  1000
GTA24   1930  1040   890  1110  1030  1040   930   660   430   730   810
GTA24   1940   700  1150   980  1130   980   840   960  1030   980  1460
GTA24   1950  1050  1420  1570  1380   790   810   680   750   650   770
GTA24   1960   740   520   530   850   830   850   880  1130   960   990
GTA24   1970   910   850   650   690   680   720   510   460   610   690
GTA24   1980   810   860   890   900   700   970  1690  3710  3500  3430
GTA24   1990  4190  3650  3050  2660  2240  1880  1720  1920  2110  2240
GTA24   2000  3170  2370  2280  2030  1950  1550  2580  2040  1910  2540
GTA24   2010  2170  2020  1800 -9999
GTA25   1718   840   970
GTA25   1720   330   340   670   540   340   490   860   940  1000   860
GTA25   1730   970  1570  1570  1070  1130  1220   870   860  1100  1200
GTA25   1740   520   400  1660  1270  1260  1110   920   770  1190  1010
GTA25   1750  1370  1840  1320  1210   980   860  1050   870   700   550
GTA25   1760   710  1490  1820  1160   610   540   580  1030  1130  1020
GTA25   1770   740   310   180   420   510  1180  1010  1260  1330   920
GTA25   1780  1120   840   670   290   560   250   590   210   340   780
GTA25   1790  1160   880  1010   500   510   470   480   590   520   420
GTA25   1800   530   360   660   530   530   550   720   500   450   530
GTA25   1810   660   450   390   540   390   550   570  1060   760   930
GTA25   1820   810   840  1160  1050  1500  1210   530   540   330   470
GTA25   1830   460   980   790   790  1200  1240   770  1060   640   330
GTA25   1840   210   270   490   740  1180   900  1380  1000   840   860
GTA25   1850  1030  1110  1540   940  1020   650   630   720   480   750
GTA25   1860   730  1340   850   820   830   960   940   830  1130   570
GTA25   1870   880  1220  1490  1450  1540  1340  1270  1400  1060   780
GTA25   1880  1280   760   740   320   780   820   880   680   880   760
GTA25   1890   360  1230   890  1060   880   890   690   830  1100  1280
GTA25   1900  1890  1770  1460  2190  1670  1150  1050   840   850   880
GTA25   1910  1210  1220  1120  1280  1050  1270  1230  1310  1650  1420
GTA25   1920  1420  1260  1490  1520  1630  1790  1380  1540  1460  1800
GTA25   1930  1670  1830  1590  1620  1660  2060  1680  1660  1860  1450
GTA25   1940  1210  1500  1200  1260  1450  2260  1530  1480  1480  1660
GTA25   1950  1670  1530  1580  1370  1460  1280  1190  1360  1210  1070
GTA25   1960  1130  1160  1260  1200  1520  1310  1180  1210  1000   830
GTA25   1970  1080  1820  1340  1590  1760  1670  1070  1090  1110   960
GTA25   1980   720   690  1070   900   900   990   940   920  1330   980
GTA25   1990  1000  1220  1150  1030  1070  1030   680  1060   950   850
GTA25   2000   960  1010   930  1220  1050   740  1460  1400  1340  1320
GTA25   2010  1250   930   950 -9999
GTA26   1781  2420  2360  3380  3540  3530  2310  2300  1550  1600
GTA26   1790  1580  1430  1460   640   770   730  1010  1080  1120  1180
GTA26   1800  1400   870  1310  1650  1630  1190  1750  2370  2880  2520
GTA26   1810  3040  3220  2100  2020  1350  1490  1170  1530  1330  1600
GTA26   1820  1770  2060  1860  1450  1860  1650  1700  1880  1640  1900
GTA26   1830  2360  2320  2250  1960  2190  2040  1860  2140  1530   920
GTA26   1840   510   570   670   840  1440  1370  1680   890  1130  1800
GTA26   1850  1750  1510  1290  1140   960   700   830   720   650   930
GTA26   1860   970  1420  1250  2110  1290  1540  1650  1170  1660  1370
GTA26   1870  1720  1640  1670  1360  2160  1700  1380  1490  1120   710
GTA26   1880   700   660   680   370   460   680   960  1530  2140  2620
GTA26   1890  2550  2450  2440  2590  1980  1510  1290  1700  2260  2130
GTA26   1900  1920  1480  1060  1430  1970  1680  1500  1040   960   750
GTA26   1910   780  1270  1210  1420  2040  1900  2100  2590  3320  2780
GTA26   1920  2080  1650  1480  1430  1040   770   350   480   320   540
GTA26   1930   610   520   660   310   640   810   800   850  1490  1940
GTA26   1940  1450  1610  1970  2760  3110  3160  2400  2050  1720  2080
GTA26   1950  1470  1220  1160   720   660   630   480   740   600   540
GTA26   1960   540   440   550   900  1180   930   960  1890  1240  1080
GTA26   1970  1510  2020  2040  1640  1860  2050  2150  1930  1570  1720
GTA26   1980  1960  2340  2220  1830  1570  1720  2070  2430  2490  2290
GTA26   1990  2240  1850  2120  1890  1930  2320  1850  2330  1680  3220
GTA26   2000  2970  2710  2450  1850  1790  1900  1470  1890  1660  1970
GTA26   2010  1320  1040  1050 -9999
GTA27   1769  1940
GTA27   1770   390   250   180   550   550  1530  1500  1390   350   980
GTA27   1780   650  1010  1290  2400  3240  3540  3030  2430  2480  2280
GTA27   1790  2020  2070  1760   460  1080  1620  2190  2370  2940  1520
GTA27   1800  1090   990  1320   490  1290  1590  2100  2260  2040  1830
GTA27   1810  2030  2200  2580  1930  1810  2680  2510  2890  2150  2970
GTA27   1820  2080  1750  3000  2520  2470  1710  2260  2480  1300  1320
GTA27   1830  1470  1640  1670  1570  2650  1840  2080  1920  1750  1360
GTA27   1840  1110  1860  1880  2110  2810  2010  3190  2630  3150  2440
GTA27   1850  2800  2510  2190  1310  1270  1440  1600  2390  1810  1850
GTA27   1860  1760  2230  2020  2440  2250  1770  1610  1280  2240  1930
GTA27   1870  2180  1910  1930  1640  1920  2240  1940  1560  1350   810
GTA27   1880  1440  1460  1130   960  1180   960   860  1040   910   800
GTA27   1890  1090   960   760  1220   930   850  1060  1010  1070   960
GTA27   1900  1240  1230   850  1290  1500  1550  1320   960  1220  1520
GTA27   1910  1300  1360   920  1270  1330  1220  1140   990  1290  1200
GTA27   1920  1100  1130  1100  1250  1110  1210  1110   700   720  1040
GTA27   1930  1240   970   920   690   680  1000   830   860   890  1070
GTA27   1940   770  1170  1330  1490  1310  1410  1150   930  1130  1440
GTA27   1950  1030  1050  1300  1040  1050  1200  1150  1170  1740  1610
GTA27   1960  1330   980  1710  1440  1400  1120   890  1060   740   840
GTA27   1970   900  1330  1350  1310  1210   820  1040   930   990  1070
GTA27   1980   940  1180   990   820   660   670   950  1230  1450  1050
GTA27   1990  1030  1030  1220   880  1040   990   870  1000   740   970
GTA27   2000   760   850   540   740   880   810   780   910  1020  1000
GTA27   2010   910  1080   860 -9999
GTA28   1835  3250  2600  2270  1930   530
GTA28   1840   290  1160  2920  4360  4650  3120  4210  2580  2090  1900
GTA28   1850  1680  1610  1870  1520  1710  1770  1710  1760  2050  3290
GTA28   1860  2650  3320  2920  3150  3790  3980  3270  2960  3810  2900
GTA28   1870  3790  4590  3670  4080  4250  4220  3250  2180  2270  1360
GTA28   1880  2320  1830  2350  1260  2020  2470  2420  2240  2350  2270
GTA28   1890  2450  1950  2110  3230  3200  2410  2170  2270  2370  2320
GTA28   1900  2130  2330  1940  2570  2850  1790  1800  1890  1570  1680
GTA28   1910  1690  2010  1990  2650  2560  1850  1680  1830  2180  2390
GTA28   1920  2030  2130  2030  2190  1920  1800  2310  2230  1700  2210
GTA28   1930  1540   920   840  1520  1350  1400  1080  1040  1190  1060
GTA28   1940   490   760   820  1570  1240  1120   870   980   710   990
GTA28   1950  1220   890   970   940   600   530   480   480   590   860
GTA28   1960   700   690   690   630   960   640   490   820   860   780
GTA28   1970  1050  1020  1440  1450   970  1030   800   530   760  1040
GTA28   1980   590   970   760   700   380   490   590   650   780   600
GTA28   1990  1090   770   770   470   700   920   850  1200   970  1240
GTA28   2000  1610  1560  1170  1260  1340  1150  1070  1320  1540  1660
GTA28   2010   990  1080   740 -9999