H2      1822  2520  2780  2460  1300  2200  2610  2200  2500
H2      1830  2930  2640  2300  2440  2530  2510  2490  1920   890  3070
H2      1840  4570  2810  3510  4850  3700  3820  2670  1890  3000  4090
H2      1850  3760  3120  3480  2800  3030  3490  3340  3200  3890  2790
H2      1860  2960  3150  3150  3480  4480  4720  2810  2310  2930  3760
H2      1870  2830  2880  3700  3280  3070  2810  2410  1980  1860  2190
H2      1880  3060  1620  1520  1960  2190  1970  1450  2080  2410  1610
H2      1890  1430  1330  1220  1710  1700  1310   940   840   930  1170
H2      1900  1030  1190   980  1060  1450  1140  1250   540   450   580
H2      1910   510   810  1130  1550  2040  1720  1100   800   860   590
H2      1920   440   740   730   680   800   900  1020   910   620   690
H2      1930   750   790   810  1090  1010  1120   920   900   840   590
H2      1940   630   740   600   590   490   340   390   480   690   730
H2      1950   830   860   810  1250  1050  1420  1410  1690  1860  1730
H2      1960  1580  1130  1120  1260  1350  1040  1010   930   860   740
H2      1970   510   820   510   470   540   620   720   640   590   400
H2      1980   430   450   440   670  1010   710   400   630   790   950
H2      1990  1060  1020   670   750  1050  1330  1130   730   520   630
H2      2000   900   710   570   680   790   570   690   820 -9999
H3      1802  2350  2830  3060  2630  2140  2450  2080  3070
H3      1810  2880  3040  2670  2840  1900  2110  2250  3150  2650  2190
H3      1820  2060  2420  3450  2810  2930  1050  1470  1820  2150  1710
H3      1830  2200  1980  1480  1770  1800  1420  2270  2720  1850  1950
H3      1840  2360  2270  2320  3920  2440  3170  2460  2080  2070  2160
H3      1850  1720  1700  1700  1360  1590  2250  1840  1520  1700  2300
H3      1860  2010  2110  1670  2210  1790  1820  1620  1370  2100  2150
H3      1870  2170  2840  2730  2350  2940  2540  2350  2260  1890  1850
H3      1880  2510  1560  1530  1390  1500  1320   900   910  1190   890
H3      1890  1020  1020   820   900  1080   910  1020  1010  1260  1390
H3      1900  1240  1200   920   900  1240  1020   850   720   780   920
H3      1910   990   980   800  1230  1340  1110   940   730   640   710
H3      1920   540   940   670   820   700   710   840   870   640   680
H3      1930   670   690   840   800   720  1050   920   830   880   850
H3      1940   950   860   900  1000   690   790   750   900  1050   950
H3      1950   980   830   860  1090   790  1200  1020  1120  1220  1170
H3      1960   810   680   720   890   790   680   650   600   670   840
H3      1970   600   770   650   570   570   710   680   700   780   660
H3      1980   560   490   550   680   690   680   480   840   890   720
H3      1990   780   760   700   680   960  1110   940  1080   770   790
H3      2000   950   750   680   720   700   570   930   710 -9999
H4      1832  2000  3100  2810  2120  2290  2010  1950  2270
H4      1840  2510  2080  3260  3940  2450  3200  2520  1820  2860  4440
H4      1850  3770  3680  3620  3720  4130  5130  3910  4640  4150  5050
H4      1860  3600  4510  3330  4570  4680  4660  3480  2480  3720  4050
H4      1870  3570  3570  3900  4010  3410  3300  3620  2530  3800  2370
H4      1880  4370  2090  3650  2850  2770  2590  3590  3640  2690  2990
H4      1890  2570  2170  3030  2660  2230  1760  2050  2280  2420  2120
H4      1900  1660  1300  1490  1860  1980  1610  1560  1440  1440  1770
H4      1910  1860  1600  2000  1400  1470  1410  1210  1210   920   880
H4      1920   770   920   780  1060   980   860  1000   750   800  1030
H4      1930   860   850  1070  1270  1160  1230   920   940  1240  1100
H4      1940  1070   940   740   810   920   620   810  1010   780   930
H4      1950   940   750  1120  1160   910  1150   770   960   760   790
H4      1960  1000   550   780   760   760   560   630   580   670   500
H4      1970   580   560   580   530   400   450   590   560   550   570
H4      1980   360   470   540   410   620   420   370   480   470   570
H4      1990   800   760   590   610   720   730   610   810   490   590
H4      2000   890   550   450   490   390   410   480   460 -9999
H5      1832  1740  2130  1880  2050  1910  1420   850   910
H5      1840  1030  1170  1050  1670  1390  1220  1580  1960  1680  1400
H5      1850  1420  1600  1510  1290  1480  2720  2170  2310  2540  2140
H5      1860  1740  1790  1170  1360  1950  1560  1450  1400  1670  2360
H5      1870  2110  1750  1670  1470  1540  1790  1530  1460  1060  1130
H5      1880  1520  1150  1490  2300  1800  1620  1680  1470  1320  1240
H5      1890  1510  1720  1710  2320  1750  1410  1180  1140  1320  1150
H5      1900  1030   910  1060  1290  1480  1270   970   780   880   860
H5      1910   850  1380  1280  1630  1830  1250  1570  1300  1050  1370
H5      1920  1100  1260  1170  1200   910   670   850  1200   840   860
H5      1930   720   860   970  1000  1130   990  1060   880   760   820
H5      1940  1050   960   660   710   770   840   830   960   590   640
H5      1950   820   920   970   860   820  1060  1040   820  1020  1050
H5      1960  1730  1080  1840  1660  1160  1560  1600  1460  1330   940
H5      1970   600   620   770  1010   730   870   920   710   620   610
H5      1980   530   530   560   860  1010   990   730   740   790   750
H5      1990  1060  1210   720   720  1040   830   790   560   570   850
H5      2000  1440   950   560   450   350   570   750   480 -9999
H6      1859  1390
H6      1860  1110  1120   850  1020   970  1010  1010   900   980  1080
H6      1870  1330   840  1180   970  1410   900   770   980  1150   610
H6      1880  1140   410   910  1020   760   710   780   980   780   550
H6      1890   720  1200  1390  1150  1030   660   880  1380  1100  1170
H6      1900  1410   790  1180  1310  1450  1310  1050   710   710   860
H6      1910  1100   810  1280  1530  1310   870   780  1080  1020  1080
H6      1920   890   940   690   760   770   590   600   700   690   760
H6      1930   740  1070   840   760  1010   900   860   610   630   490
H6      1940   650   750   470   520   480   810   530   530   630   990
H6      1950   930  1320  1110   850   570   910   950  1160   970  1350
H6      1960   950  1090  1300  1150  1260   930  1200  1110   860   920
H6      1970   880  1000   760   540   580   800   960   930   840   780
H6      1980   660   470   650   750  1110   530   470   850   980  1010
H6      1990   660   630   440   420   400   510   700   920   790   910
H6      2000  1040   710   650  1000   820   460   460   580 -9999
H7      1853  1330  1010  1190  1050  1190  1530  1660
H7      1860  1040  1000   840  1120   990  1300  1010   800   580   720
H7      1870   950   660   800   600  1130   950   980  1020  1200   690
H7      1880  1070   640   740   620   830   510   700   730   650   690
H7      1890   620   680   530   480   380   330   370   450   580   690
H7      1900   790   750   660   720   790   690   650   360   560   390
H7      1910   650   590   750   720   590   660   530   600   430   620
H7      1920   530   720   540   530   600   660   600   830   650   890
H7      1930   860  1080  1110  1730  1210  1710  1400  1160   610   480
H7      1940   520   610   490   490   470   490   430   380   280   410
H7      1950   490   550   620   590   430   590   560   690   740   710
H7      1960   720   840  1070  1200  1110   860   930   980  1020   860
H7      1970   710   580   520   610   310   610   670   660   700   640
H7      1980   580   670   790   820   950   760   530  1010  1070   840
H7      1990   840   770   750   800   710   900   590   750   580   730
H7      2000   740   590   340   270   530   490   550   580 -9999
H8A     1812  1040  1800  1580  1580  1510  1780  1050  2130
H8A     1820  1820  2420  1730  2020  2160   890  1190  1710  1570  1210
H8A     1830  1810  2440  2370  1900   920  1450  1880  1430   320   450
H8A     1840  1190  1160  1530  2290  1430  1940  1850  1150  1310  1460
H8A     1850  1820  1240  1310   980  1310  1890  1830  1980  2240  2770
H8A     1860  2470  2190  2250  2530  2330  2340  1920  1750  1250  1720
H8A     1870  1520  1440  1460  1170  1400  1440  1580  1720  2670  1700
H8A     1880  1680  1060  1420  1310  1920  1190  1590  1110   990   970
H8A     1890  1190  1300  1200  1270  1150   730   690   730   840   880
H8A     1900   840   880   700   910  1410  1620  1250   840   730   990
H8A     1910  1120  1000  1070  1900  1900  1590  1470  1620  1030  1300
H8A     1920   900  1310  1030  1110   700   570   840   820   970  1060
H8A     1930  1280  2200  2240  2110  1710  1940  1530  1130   840   640
H8A     1940  1250  1100  1120   940   920   670   800   940   700   660
H8A     1950   720  1010  1090  1160   640  1050  1370  1530   770  1160
H8A     1960  1610  1870  1400  1230  1380  1030   810   820   980  1290
H8A     1970  1000   940   820   610   470   570   680   560   530   470
H8A     1980   440   640   740   600  1090   860   600   630   700   850
H8A     1990   880   630   500   400   490   440   320   440   320   330
H8A     2000   430   330   260   260   360   290   340   320 -9999
R4B     1853  1370  1850  2110  2130  1740  1740  1690
R4B     1860  1770  1660  1350  1330  1510  1460  1270  1570  1370  1560
R4B     1870  1870   890  1210  1590  1460  2030  1350  1160  1410   940
R4B     1880  1780   940  1410  1550  1440  1170  1040  1140   970  1220
R4B     1890  1610  2010  1810  2260  1590   760  1050  1470  1890  1420
R4B     1900  1290  1650  1430  1800  1790  2000  1350   840  1170  1280
R4B     1910  1270  1200  1300  1970  1420   920   810  1470  1140   910
R4B     1920   840  1110   830   670   730   900   870   710   480   530
R4B     1930   810   980   860  1100  1090  1230   810   860   640   650
R4B     1940  1020   950   850   710   870   910   450  1190  1240  1120
R4B     1950   950  1050  1390  1260  1030  1530  1280   940  1020  1380
R4B     1960  1710  1330  1950  1480  1470   920  1250  1150  1320  1420
R4B     1970   790  1160   870   770   770  1250  1160  1150   910   370
R4B     1980   410   530   760   850   760   500   390   760   640   830
R4B     1990  1010   920   520   790   890   810   710   760   570   710
R4B     2000   610   560   330   380   340   390   480   420 -9999
R6A     1843  1000   870  1230  1060  1430  1290  1110
R6A     1850  1210  1340  1700  1340  1340  1260  1440  2020  1740  1780
R6A     1860  1780  1320  1540  1820  1960  2110  2130  2110  1790  2220
R6A     1870  1930   350   190   410  1220  1220  1300  1380  1130  1240
R6A     1880  1610  1170  1360  1420  1590  1630  1700  1150  1270  1420
R6A     1890  2070  1950  2340  1950  2100  1250  1090  1440  2190  2050
R6A     1900  2650  2510  1930  1790  1840  1950  2040  1380  1320  1670
R6A     1910  2380  1690  1330  2160  1740  2010  2220  1860  1920  2220
R6A     1920  1690  1870  1730  1460  1320  1180  2130  1850  1160  1100
R6A     1930  1410  1980  1890  1190  1210  2160  2100  2110  1570  1100
R6A     1940  1100  1040  1210  1140   820  1000  1060   980   700   820
R6A     1950  1490  1080  1320  1070   840  1300  1060  1280  1130  1010
R6A     1960  1340  1120  1500  1230  1290   830   510   940   870   850
R6A     1970   610   820   490   480   550   800   800   720   510   440
R6A     1980   490   350   290   440   730   540   410   640   730   840
R6A     1990   810   770   540   840   870   820   870  1090   850  1110
R6A     2000  1310   750   840   730   800   650   990  1090 -9999
R8A     1836  2460  1470  1050  2770
R8A     1840  2120  1580  1850  1840  1740  2430  1900  1150  1390  1120
R8A     1850   930   920   710   960  1250   720  1060  1030  1180   910
R8A     1860  1010   840  1040   900   890   910  1350  1230  1300  2220
R8A     1870  2520  1150  2130  2820  2820  1670  2050  2100  2760  1480
R8A     1880  2150  1270  2340  1410  1770  1220   760  1060   940  1260
R8A     1890  1500  1410  2080  1540  1180   590   630  1920  2320  1760
R8A     1900  1640   930   970  1760  1420  1580  1280   590   620   580
R8A     1910  1080  1220  1490  1980  1420  1060   780  1180  1320  1400
R8A     1920   810  1060  1610  1840  1480   910   870  1040   780   700
R8A     1930   960   880   940   960   970  1340  1140  1230   750   450
R8A     1940   500   490   460   540   460   320   330   440   400   510
R8A     1950   520   520   640   680   430   350   340   420   310   290
R8A     1960   430   330   260   380   380   290   390   400   420   390
R8A     1970   300   220   210   360   290   340   350   480   360   250
R8A     1980   220   290   340   290   490   460   400   620   470   500
R8A     1990   450   500   540   650   810   510   770   810   710   720
R8A     2000   530   470   390   360   350   560   480   420 -9999
