INV02A  1654  1840  1769  1867  2458  2261  1714
INV02A  1660  1321  1184   823   753   776   762  1145  1571  1768  1763
INV02A  1670  1411  1277  1421  1742  1511  1310  1383  1152  1162  1199
INV02A  1680  1185  1253  1970  2547  1738  1518  1564  1295  1072  1252
INV02A  1690  1823  1757  1422  1644  1725  1452  1266  1232  1383  1121
INV02A  1700  1098   753   642   432   753  1259  2166  3376  2525  2053
INV02A  1710  1567  1315  1193  1477  2049  2229  2257  2490  1827  2059
INV02A  1720  1863  1861  1582  1615  1728  1478  1591  1673  1448  1059
INV02A  1730  1070   488   451   938  1488  1611  1988  1833  1670  1368
INV02A  1740   804  1115  1406  1141  1399  1316  1131  1562  1286  1012
INV02A  1750  1074   890   975  1349  1238  1169   782   767   857  1309
INV02A  1760  1130  1139  1304  1605  1844  1294  1445  1177  1215  1006
INV02A  1770   872   822   863   403   488   528   493   476   690   949
INV02A  1780   926   637   726   735   826   889   686   696   933   781
INV02A  1790   562   705   451   284   360   323   210   337   249   292
INV02A  1800   293   384   320   358   328   401   430   417   371   234
INV02A  1810   355   367   353   290   382   416   383   353   444   392
INV02A  1820   498   393   698   668   765   773  1073   904   974   732
INV02A  1830   625  1104   958   659   981   711   352   389   180   172
INV02A  1840   173   216   255   383   299   314   337   382   419   359
INV02A  1850   404   501   406   525   576   426   330   337   526   299
INV02A  1860   330   420   692   825   601   525   815   682  1085   651
INV02A  1870   412   412   449   562   570   555   578   487   734   419
INV02A  1880   345   284   324   189   292   360   263   420   248   278
INV02A  1890   278   176   197   182   205   191   182   199   223   214
INV02A  1900   153   367   305   229   350   332   331   360   350   431
INV02A  1910   298   468   356   313   407   398   317   227   239   275
INV02A  1920   305   314   228   371   248   277   313   255   272   314
INV02A  1930   324     0   211   161   168   212   255   174    97   144
INV02A  1940    67   123   134    67    71   100   131   142   100   188
INV02A  1950   109    98    90   145    54   111    90   131   144   120
INV02A  1960   131   100   114   119   141   109   119   119   114   195
INV02A  1970   166   184   184   298   274   171   232   204   165   152
INV02A  1980   188   208   157   218   232   124   147   194   200   132
INV02A  1990   100   119   162    94   100   147   138 -9999
INV06   1683  1116  1246  1016   908   798   962   872
INV06   1690  1077  1035   729   985  1179   841   532   589   691  1112
INV06   1700  1370  1115  1500  1532  1631  1765  1480  1426  1104  1004
INV06   1710  1517  1441  1999  1484  1778  1885  1810  1590  1320  1736
INV06   1720  1440  1517   650   899  1458  1629  2422  2142   922   750
INV06   1730  1247  1071   745  1167  1784  1939  2006  1638  1746  1376
INV06   1740   930   985  1026   840  1063  1052  1241  1154  1251   825
INV06   1750  1243  1338  1337  1650  1155  1243   769  1097  1011  1607
INV06   1760  1287  1114   923  1061  1252  1063  1399  1133  1112  1706
INV06   1770   954   667   614   509   435   689   931   709   762  1112
INV06   1780  1153   762   826  1026   688   614   572   698   720   816
INV06   1790   784   561   784   562   763   689   518   466   625   519
INV06   1800   614   763   731   614   624   551   561   656   550   625
INV06   1810   709   963   783   550   804   762   583   603   867   943
INV06   1820   689   658   762   573   837   916   818   776  1010  1095
INV06   1830   723   936   903   511   554   722   541   700   666   646
INV06   1840   644   720   774   970   656   440   334   406   197   332
INV06   1850   451   559   822   747   577   682   448   544   544   256
INV06   1860   352   459   520   762   709   695   654   451   717   696
INV06   1870   626   778   752   665   616  1199  1063   775   699   825
INV06   1880   720   540   783   435   414   487   467   753   731   699
INV06   1890   932   911   879  1071  1102   678   657   583   584   868
INV06   1900   954  1186  1157  1248  1239  1259   953   825   868  1185
INV06   1910  1016  1270  1259  1155  1240  1038   870   985  1017  1209
INV06   1920   922  1188   933   805   710  1017   934   794   488   700
INV06   1930   879   774   763   985   901   762   857  1058   826   995
INV06   1940   846   921   904   816   837   679   795   551   773   891
INV06   1950  1010   809   827   731   932  1441  1377  1080  1102  1091
INV06   1960   826   403   805   795   826   857   730   847   815   762
INV06   1970   751   773  1069   846   783   816  1091   996   901   847
INV06   1980   552   603   603   731   816   732   730  1038   965   964
INV06   1990   870  1039   954   934  1113  1262  1103  1031  1008  1082
INV06   2000  1411  1319  1139  1033   934   848  1037  1280  1280  1089
INV06   2010  1186   903 -9999
INV07A  1782  2878  3098  2743  2902  2542  2286  1746  1514
INV07A  1790  1841  2165  2069  2026  2217  2394  1865   731   487   985
INV07A  1800   943   742  1526  1589  1783  1480  1691  1799  1798  1237
INV07A  1810  1396  1364  1277  1280  1287  1678  1102  1252  1308  1685
INV07A  1820  1551  1514  1269   817  1181  1289  1246  1166  1413  1259
INV07A  1830  1435  1602  1221  1122  1364  1198   940  1111   952   907
INV07A  1840   870   950  1189  1042  1033   897  1019  1477  1344  1219
INV07A  1850  1558  1396  1806  1815  1413  1358  1380  1243  1169  1334
INV07A  1860   973  1146   980  1392  1213  1033  1684   740   996   503
INV07A  1870   644   953  1105   684   844  1016  1241   734   881   610
INV07A  1880   993   758   628   461   494   484   408   538   446   409
INV07A  1890   473   591   398   462   661   447   736   676   446   597
INV07A  1900   716   815   635   568   466   596   455   547   461   431
INV07A  1910   447   672   596   441   637   532   599   455   638   638
INV07A  1920   569   599   594   861   736   886   881   839   507   436
INV07A  1930   499   540   650   679   678   531   588   711   427   507
INV07A  1940   550   759   692   876   757   592   633   625   562   596
INV07A  1950   630   415   552   539   529   546   518   543   441   557
INV07A  1960   746   362   275   328   543   443   462   432   224   647
INV07A  1970   650   684   611   509   378   648   593   465   409   444
INV07A  1980   323   420   411   584   431   368   420   421   638   681
INV07A  1990   473   584   672   598   578   682   513   405   470   396
INV07A  2000   555   630   813   661   854   631   790   886   845   898
INV07A  2010   859   665 -9999
INV07B  1748  3358  2791
INV07B  1750  3842  3121  3238  2851  3898  3463  2689  3137  2887  3050
INV07B  1760  2932  3752  3196  3327  2808  2996  3137  2785  2909  3150
INV07B  1770  2540  2142  2334  2215  1829  1983  2559  2470  2762  3330
INV07B  1780  2794  2209  1897  2369  2200  2360  2427  2610  1848  1641
INV07B  1790  1629  1987  1814  1255  1666  2143  1770  1066   768  1013
INV07B  1800  1514  1397  1528  2181  2476  2668  2378  2229  1537  1236
INV07B  1810  1017  1451  2143  1963  1650  2092  2021  2273  1852  2544
INV07B  1820  2055  2287  2104  1116   935   935   981  1000  1041  1264
INV07B  1830  1072  1498  1809  1810  2138  1683  1176   891   773   731
INV07B  1840   498   742   657   827   561   349   360   646   721   868
INV07B  1850   995  1017   762   827   571   466   465   816   763   699
INV07B  1860   678   837   763  1059   986   826   827   562   572   445
INV07B  1870   636   476   731   500   641   746   948   681  1022   512
INV07B  1880  1063  1038  1288   569   924   828   793  1171  1083  1132
INV07B  1890  1229  1264  1069  1633  1623   940  1496  1398  1025  1036
INV07B  1900  1136  1455  1222  1253  1497  1593  1305  1528  1368  1537
INV07B  1910  1675  2260  1900  1742  1422  1474  1680  1270  1666  1281
INV07B  1920  1249  1345  1133  1259  1315  1234  1339  1105   722   850
INV07B  1930   822   953  1018   913   826   774   636   710   625   689
INV07B  1940   657   816   679   680   551   382   435   647   563   520
INV07B  1950   456   245   360   467   297   351   382   392   329   467
INV07B  1960   499   330   244   425   500   487   529   393   275   349
INV07B  1970   519   677   572   539   402   561   466   435   445   433
INV07B  1980   425   444   519   772   360   339   508   593   698   681
INV07B  1990   626   731   677   668   848   805   774   773   667   617
INV07B  2000   571   551   534   571   667   594   550   529   593   625
INV07B  2010   689   625 -9999
INV08A  1718  1735  1761
INV08A  1720  1834  2262  2157  1492  1689  1670  2113  2499  2285  1458
INV08A  1730  1657  1314  1448  1491  2118  2080  2125  2548  2586  1266
INV08A  1740   627   953  1360  1844  1727  1915  1590  1651  1145  1450
INV08A  1750  1748  1600  1876  1524  1151  1028  1321   743  1221  1301
INV08A  1760  1273   975   857   596   502   437   862   534   630   606
INV08A  1770   492   256   509   583   374   432   770   829   725  1116
INV08A  1780   887   854   612   691   454   639   501   493   394   358
INV08A  1790   507   555   517   403   584   288   199   171   252   294
INV08A  1800   313   241   195   456   580   584   790   871   760   405
INV08A  1810   542   613   771   741   711   948   757   644   820   927
INV08A  1820   874   970   884   759   627   809   809  1043   739   773
INV08A  1830   574   748   998  1231  2195  1994  1700  1576  1251  1075
INV08A  1840   743   711   774  1089  1036   752   678   650   902   728
INV08A  1850   701   502   673   522   614   455   609  1008  1119  1317
INV08A  1860   781   901   737   730   879   948   847   586   498   463
INV08A  1870   749   751   904   703   807   689   686   506   714   393
INV08A  1880   626   295   295   141   268   258   249   454   412   486
INV08A  1890   282   442   326   656   480   383   446   699   544   588
INV08A  1900   556   763   530   968   914   783   622   413   664   614
INV08A  1910   919  1057   770   643   530   542   653   634   776   948
INV08A  1920   700   586   612   767   842   898  1077   490   408   571
INV08A  1930   560   482   571   698   571   708   795   590   634   783
INV08A  1940   601   870   813   895   778   625   581   648   388   642
INV08A  1950   572   545   499   398   445   820   600   685   683   729
INV08A  1960   793   560   503   575   852   953   917   820   724   702
INV08A  1970   746   847   890   943   663   739   675   804   768   758
INV08A  1980   595   586   714   862   611   482   671   837   986  1170
INV08A  1990  1289  1650  1332  1302  1098   970  1046  1313   989  1156
INV08A  2000  1274  1386  1168   876   706   823  1363  1415  1320  1025
INV08A  2010  1054  1281 -9999
INV08B  1713   866  1079  1023   717  1146  1328  1726
INV08B  1720  1590  1757  1569  1266   936  1448  2099  2776  2008  1431
INV08B  1730  1330  1387  1058  1215  1982  2184  1974  1936  2098  1374
INV08B  1740   959  1641  2152  2098  2194  1982  1539  1702  1606  1287
INV08B  1750  1983  1363  1666  1444  1348  1304  1326   976   942  1217
INV08B  1760  1271  1238   943   667   614   857  1418  1200  1316  1051
INV08B  1770   817   382   456   520   361   446   541   563   634   958
INV08B  1780   683   810   595   854   639   811   661   756   856  1118
INV08B  1790  1219  1356  1282   891  1049   826   498   455   571   635
INV08B  1800   678   360   222   254   349   349   381   275   286   180
INV08B  1810   138   286   330   328   423   455   318   338   424   772
INV08B  1820   752   751  1143   783  1006  1143  1513  2032  1517  1848
INV08B  1830  1663  1864  1757  1673  2080  1516  1728  1570  1487  1291
INV08B  1840  1079  1013  1292  1707  1463  1557  2064  1836  2038  1751
INV08B  1850  1901  1470  1894  1566  1323   847   730  1048   952   954
INV08B  1860   690   678   668   711   923   901   722   721   700   488
INV08B  1870   743   646   710   668   603   688   699   624  1249   656
INV08B  1880   868   594   816   360   604   562   795   773   636   742
INV08B  1890   689   626   678   922   615   614   552   709   646   836
INV08B  1900   890   793   572   783   593   688   518   339   540   446
INV08B  1910   677   710   804   741   645   582   614   477   624   794
INV08B  1920   613   498   466   434   402   783  1122   899   880  1206
INV08B  1930  1249  1737  1620  1811  1504  1904  1655  1421  1497  1392
INV08B  1940  1303  1266  1334  1019   828   944   815  1264   704  1171
INV08B  1950   946  1032  1011  1011  1162  1313  1076  1127  1090  1319
INV08B  1960  1089   902   787  1216  1487  1301  1152   968   678   849
INV08B  1970   793   890   634   579   289   612   439   483   623   534
INV08B  1980   559   477   774   754   424   212   308   435   530   753
INV08B  1990  1093   965  1179   998   691   956   755   839   457   943
INV08B  2000   998   935   870   870   602   399  1266  1205  1364  1374
INV08B  2010  1605  1453 -9999
INV09A  1717   719  1407   561
INV09A  1720  1486  1430   928   638  1470  2191  2402  1973  1396  1279
INV09A  1730  1189  2017  2853  2749  2308  1775  1674  1391  2463  1614
INV09A  1740  1668  1784  1970  2023  2076  1727  1156  1535  1375  1355
INV09A  1750  1619  1419  1333  1312   902  1418  1260   794   921   963
INV09A  1760  1441  1715  1515  1270  1398  1111  1153  1451  1303  1040
INV09A  1770   614   498   592   635   561   762  1324  1282  1609  1822
INV09A  1780  1069   996   720   921   869  1227   953   985   670   574
INV09A  1790   554   480   720   600   491   526   235   267     0     0
INV09A  1800   289   245   257   588   931  1049  1133   825   524   375
INV09A  1810   496   847   814   612   567   823   759   758   834   962
INV09A  1820   724   739   716   695   935   521   549   688   557  1155
INV09A  1830  1092  1263  1081  1207  1626  1253   702   695   524   492
INV09A  1840   293   587   523   747   779   715   917   833   876   575
INV09A  1850   437   454   368   429     0    77   227   215   336   528
INV09A  1860   488   517   357   702   689   652   727   555   542   465
INV09A  1870   652   596   722   630   671   533   353   105   289   127
INV09A  1880   246   298   520   254   372   424   446   466   594   287
INV09A  1890   169   213   190   308   361   456   340   330   201   371
INV09A  1900   742   945   653   649   489   574   280   204   257   440
INV09A  1910   515   569   493   452   567   580   601   480   506   702
INV09A  1920   722   810   789   776   680   702   976   503   369   609
INV09A  1930   424   533   783   588   501   655   575   359   490   616
INV09A  1940   563   596   543   395   486   454   365   472   331   475
INV09A  1950   452   486   493    80    57     0   180   208   175   185
INV09A  1960   244   200   168   134   211   301   391   399   300   319
INV09A  1970   425   586   596   472   304   426   459   562   261   134
INV09A  1980   271   352   462   419   395   282   314   396   452   362
INV09A  1990   441   479   573   550   380   347   400   658   390   314
INV09A  2000   357   228   214   326   552   476   521   714   735   670
INV09A  2010   324   485 -9999
INV09B  1737  1862  2292  1844
INV09B  1740  2036  2507  2426  2197  2604  1893  1441  1913  1893  1899
INV09B  1750  2018  1328  1343  1512  1648  1767  1701  1160  1161  1892
INV09B  1760  2039  2200  1957  2141  1960  1283  1473  1546  1513  1228
INV09B  1770   624   434   519   487   307   391   889  1028  1525  1715
INV09B  1780   815   688   466   899   678   804   614   603   455   508
INV09B  1790   519   561   529   402   382   296   159     0     0   138
INV09B  1800   137   106   170   350   603   815   751   593   307   138
INV09B  1810   255   402   423   413   476   582   498   423   370   752
INV09B  1820   688   624   730   688   868   794   592   688   614   678
INV09B  1830   867  1133  1061  1104  1401  1337   786   852   532   383
INV09B  1840   244   266   415   713   713   574   777   479   616   415
INV09B  1850   309   372   383   382   139   373   522   224   288   331
INV09B  1860   278   341   298   396   554   661   806   739   922   567
INV09B  1870   709   750   889   893   598   545   309   258   383   278
INV09B  1880   288   310   523   175   287   319   385   385   566   577
INV09B  1890   543   525   331   343   428   503   353   299   278   429
INV09B  1900   546   545   235   256   322   413   343   308   364   522
INV09B  1910   603   728   660   554   883   723   864   660   757   522
INV09B  1920   767   789  1129   959   814   841  1046   614   356   462
INV09B  1930   695   753   708   675   709   670   573   722   908   735
INV09B  1940   559   648   526   549   580   680   516   416   440   745
INV09B  1950   676   478   315   238   168   123   280   432   224   191
INV09B  1960   182   147    65    33   168   248   282   314   238   225
INV09B  1970   334   453   291   352   355   453   375   312   365   248
INV09B  1980   259   303   459   364   149   118   225   256   374   385
INV09B  1990   331   459   546   577   459   513   566   738   480   459
INV09B  2000   407   620   470   485   712   617   786   786   724   606
INV09B  2010   532   685 -9999
INV10A  1725  3582  3629  4026  3421  3045
INV10A  1730  3432  2425  1955  2200  3304  2964  2213  2180  2855  2170
INV10A  1740  1795  1947  2347  2818  2846  2364  1915  2231  2098  2226
INV10A  1750  2606  1835  2149  2197  1412  1874  1681  1293  1585  2501
INV10A  1760  2752  3219  2901  2899  2451  2214  2490  2107  2000  2233
INV10A  1770  1376   868  1206  1069  1440  1749  2286  1800  1513  2085
INV10A  1780  1297  1145   899  1462  1154  1059  1154  1446  1403  1477
INV10A  1790  1180  1031   726   511   789   619   896   810   372   556
INV10A  1800  1055  1075   785   764   849  1242  1051  1422   764   849
INV10A  1810   920   763   900   900   614   635   476   636   424   541
INV10A  1820   455   444   520   699   922   784   869   795  1101  1421
INV10A  1830  1685  2532  2709  2014  3074  2067  1202   904   533   435
INV10A  1840   414   479   382   444   448   256   278   523   641   974
INV10A  1850  1328  1570  1208   730  1079   720   614   794   487   624
INV10A  1860   603  1069  1123  1403   916   620   548   270   429   472
INV10A  1870   517   515   625   440   680   562     0     0     0     0
INV10A  1880     0   244   255   110   265   201   143   182   166   259
INV10A  1890   259   229   107   206   291   216   259   195   216   141
INV10A  1900   290   304   195   205   239   206   183   160   152   249
INV10A  1910   303   185   226   216   239   149   216    77   280   273
INV10A  1920   269   226   173   434   251   270   420   258     0     0
INV10A  1930     0     0     0   205   216   237   172   119   151   247
INV10A  1940   196   183    75   141   164   160    54    86    75   117
INV10A  1950   150    86    34    88    75    54   202   159   191   190
INV10A  1960   159   107    96   117   212   190     0     0    65   169
INV10A  1970   223   233   245   180   233   276   329   243   245   243
INV10A  1980   297   330   265   320   232   224   297   287   290   300
INV10A  1990   172   216   291   417   300   272   295   349   328   347
INV10A  2000   281   319   261   309   295   195   241   308   162   285
INV10A  2010   440   505 -9999
INV10B  1725  3665  3252  3407  2823  2988
INV10B  1730  2681  1785  1637  2118  2070  1936  1714  1822  2125  1548
INV10B  1740   829  1312  1203  1050  1311  1295  1075  1204  1274  1383
INV10B  1750  2023  1522  1801  1236   860  1118   954   753   837  1677
INV10B  1760  1689  2351  1817  1959  1885  1152  1485  1893  1528  1121
INV10B  1770   473   257   632   383   439   768  1122   981  1014  1334
INV10B  1780  1209  1499  1184  1216   970  1197  1172   916   875  1035
INV10B  1790   895   779   480   266   631   650   502   356   191   214
INV10B  1800   484   545   407   461   642   890   782   588   289   515
INV10B  1810   695   558   420   411   463   766   421   442   356  1068
INV10B  1820   866   961   788   756   756   866  1176  1065   857   765
INV10B  1830   797   998  1190   936  1689  1558  1134   881   594   477
INV10B  1840   371   477   350   646   785   498   563   645   996   964
INV10B  1850   933   869   805   597  1035   618   601   720   648   862
INV10B  1860   712   903   850   786   543   522   608   288   371   330
INV10B  1870   679   648   806   669   575   469   298   127   190   255
INV10B  1880   190   149   233   222   398     0     0     0     0     0
INV10B  1890   276   286   127   383   501   512   470   479   576   693
INV10B  1900   739   768   693   976  1124   879   562   596   577   710
INV10B  1910   663   977  1329   920   810   637   428   506   778   911
INV10B  1920   899   701   907  1242  1371  1329  1459   818   563   703
INV10B  1930   670   479   444   318   328   752   709   511   352   277
INV10B  1940   276   192   266   501   648     0   202   234   255   330
INV10B  1950   357   257   396   663   536   429   385   385   386   386
INV10B  1960   331   193   170   245   300   353   310   247   118   417
INV10B  1970   503   587   601   501   407   480   513   429   418   598
INV10B  1980   635   498   402   349   423   477   531   678   582   487
INV10B  1990   486   688   762   784   624   541   667   487   328   372
INV10B  2000   317   361   265   382   254   127   234   328   318   349
INV10B  2010   393   320 -9999
INV11A  1754  3453  4406  4029  3713  3699  4670
INV11A  1760  4062  5555  4152  3699  2998  4300  4754  4270  4530  3906
INV11A  1770  2469  1809  2233  2246  1706  1815  3015  3095  4087  6443
INV11A  1780  5072  3743  3562  3576  2871  2456  2282  2620  2332  2448
INV11A  1790  2145  2306  1630  1217  1614  1863  1621  1048   710   973
INV11A  1800  1008  1380  1189  1012  1309  1179  1025  1045   629   540
INV11A  1810   772  1049  1392  1392  1448  1693  1328  1535  1272  1774
INV11A  1820  1438  1229  1070   919  1178  1189  2026  2550  2558  2294
INV11A  1830  2176  2358  2179  1900  2387  1718  1124  1051   766   636
INV11A  1840   541   563   488   594   382   477   615   807   902   901
INV11A  1850   732  1070  1368  1494  1441  1081   996  1410  1619  1874
INV11A  1860  1397  1492  1705  1737  1727  1769  1505  1575  1151   884
INV11A  1870   917  1077  1051   915   787   755   659   424   415   286
INV11A  1880   308   287   245    85   234   234   212   232   329   349
INV11A  1890   465   456   455   645   636   476   404   413   435   478
INV11A  1900   466   573   477   519   614   615   467   457   434   456
INV11A  1910   603  1048  1037   518   667   529   529   551   730   688
INV11A  1920   656   741   688   762   688   911  1079   986   571   584
INV11A  1930   679   763   879   858   869   901   550   826   744   967
INV11A  1940   755   764   610   632   735   800   757   746   682   618
INV11A  1950   511   536   770   649   532   573   544   532   372   573
INV11A  1960   699   487   243   307   497   593   701  1063   631   759
INV11A  1970  1006  1111  1069   663   642   717   748   502   588   566
INV11A  1980   513   674   919   868   778   766   904  1042  1172  1351
INV11A  1990  1595  2031  1946  1954  1984  2178  1545  1634  1583  1560
INV11A  2000  1338  1349  1179  1359   978   670   703   746   618   606
INV11A  2010   671   625 -9999
INV11B  1730  2954  1900  2170  2547  3154  3639  2758  2164  2231  1599
INV11B  1740  1528  1823  1925  2256  2130  1855  1928  2676  2536  2281
INV11B  1750  2561  1902  2187  2054  1851  2286  2328  1997  2190  2785
INV11B  1760  2233  2512  2530  2553  2986  3389  4064  4509  4069  3572
INV11B  1770  2581  2060  2537  2369  1072  1348  1752  2148  2301  4308
INV11B  1780  3150  3019  2457  2944  2473  2719  2795  2980  2572  4030
INV11B  1790  3420  3220  2501  1572  1872  1424  1010   574   424   777
INV11B  1800   936  1031   946   957  1192  1065  1070   974   598   757
INV11B  1810  1041  1706  1370  1284  1111  1221   862   829   824  1008
INV11B  1820   785   462   479   476   579   951   976   914   975  1081
INV11B  1830  1205  1670  1522  1823  2267  1463  1315  1171   968  1014
INV11B  1840  1014   892   668   778   452   421   334   650   560   496
INV11B  1850   498   506   584   573   421   334   485   540   638   465
INV11B  1860   386   564   632   706   555   772  1107  1199  1039   604
INV11B  1870   952   984  1137  1076   586   704   770   521   596   447
INV11B  1880   508   424   314    86   359   249   219   252   316   336
INV11B  1890   381   359   282   380   532   347   346   336   512   454
INV11B  1900   467   532   413   661   578   629   488   357   488   455
INV11B  1910   577   853   560   345   637   745   770   498   596   717
INV11B  1920   867   848   814   693   598   673   968  1001   674   991
INV11B  1930  1129  1061  1109  1155  1000  1097   944   892   871   735
INV11B  1940   533   671   725   823   649   613   547   517   409   376
INV11B  1950   484   397   442   365   241   303   320   342   425   709
INV11B  1960   897   552   371   488   859   976   859   911   636   605
INV11B  1970   912  1293  1356  1059  1026  1165   943   763   935   817
INV11B  1980   743  1061   924   965   816   615   794  1081  1048   858
INV11B  1990   901   973   942   868   773   867   868   762   773   846
INV11B  2000   847   984   786   808   766   467   532   584   350   542
INV11B  2010   543   542 -9999
INV12A  1719  1564
INV12A  1720   485   254   679  1683  1865  1931  1501  1786  1815  1698
INV12A  1730  1617  1705  1215   911  1577  1375  1165  1217  1627  1062
INV12A  1740  1028  1095  1208  1404  1438  1471   839  1230  1005  1137
INV12A  1750  1051   847  1202   963   878  1142   930   767   866   986
INV12A  1760   909   959   839   741   741  1009  1375  1019   911   844
INV12A  1770   449   332   332   374   555   598   766   715   567   663
INV12A  1780   469   458   416   595   555   479   416   404   415   480
INV12A  1790   265   297   255   202   180   202   118   159   107   160
INV12A  1800   148   107   276   291   469   544   512   468   404   362
INV12A  1810   352   385   403   418   482   558   376   386   502   386
INV12A  1820   484   537   375   496   617   555   576   898   726   747
INV12A  1830   599   554   659   902   871   827   479   456   552   542
INV12A  1840   446   563   637  1083   945   892   735   725   777   703
INV12A  1850   694   650   757   495   569   416   418   469   268   214
INV12A  1860   234   331   300   224   343   224   191   237   225   160
INV12A  1870   334   219   245   235   343   396   277   213   214   150
INV12A  1880   289   245   321   204   266   225   364   292   435   400
INV12A  1890   347   347   357   411   382   352   347   380   304   316
INV12A  1900   454   510   435   562   609   639   509   434   472   460
INV12A  1910   413   537   439   436   571   456   506   326   363   436
INV12A  1920   404   634   425   463   644   799   656   560   399   493
INV12A  1930   538   560   558   529   488   771   573   555   583   586
INV12A  1940   413   510   567   614   679   474   486   517   355   702
INV12A  1950   450   492   567   503   482   474   299   340   329   361
INV12A  1960   382   169   138   255   498   446   339   328   287   425
INV12A  1970   434   497   382     0   360   371   371   349   414   148
INV12A  1980   138   137   118   202   169   138   223   381   286   265
INV12A  1990   276   435   340   328   361   308   339   360   319   381
INV12A  2000   351   497   403   467   468   392   510   605   478   498
INV12A  2010   498   425 -9999
INV12B  1720  1558  2055  2302  1443  1769  1619  2046  2244  2139  2635
INV12B  1730  2297  1926  1781  1484  1971  2102  1702  1786  2105  1711
INV12B  1740  1690  2020  1854  1886  2086  2078  1369  1509  1527  1677
INV12B  1750  1875  1437  1778  1371  1147  1404  1136  1053   974  1330
INV12B  1760  1138  1787  1607  1181   990  1160  1753  1536  1346  1261
INV12B  1770   774   487   583   699  1132  1370  1295  1115   945   829
INV12B  1780   711   605   521   733   821   750   586   501   670   565
INV12B  1790   447   479   511   310   288   329   244   310   288   256
INV12B  1800   371   224   393   522   724   756   840   819   554   479
INV12B  1810   331   244   362   288   392   458   341   319   366   364
INV12B  1820   299   278   343   482   557   631   578   706   675   738
INV12B  1830   738   675   493   588   706   675   399   573   737   919
INV12B  1840  1035  1154  1356  1612  1289  1001  1001   868  1112   786
INV12B  1850   777   700   907   711   691   470   517   657   405   393
INV12B  1860   472   493   514   485   565   544   403   425   534   326
INV12B  1870   480   336   383   402   285   285   326   228   285   185
INV12B  1880   259   293   282   151   252   228   218   272   349   436
INV12B  1890   490   348   348   483   401   410   348   291   191   191
INV12B  1900   291   335   298   361   405   345   301   191   218   318
INV12B  1910   319   338   332   318   423   371   275   205   228   265
INV12B  1920   258   341   257   275   510   485   532   285   191   375
INV12B  1930   362   352   352   392   328   422   375   296   138   170
INV12B  1940   238   284   298   234   182   134   113   157   158   200
INV12B  1950   164   145   166   208   178   177   188   174   188   211
INV12B  1960   241   111   111   154   244   157     0     0    81    67
INV12B  1970    66   188   216   238   185   196   183   195   175   151
INV12B  1980    24     0    54    77   131    64   100   101   163   162
INV12B  1990    97   118   108   120   140   177   173   184   194   120
INV12B  2000   150   118   142   193   162   151   181   247   194   141
INV12B  2010   193   218 -9999
IU01    1840  2699  3101  2475  3374  2730  2079  2328  2688  3365  3027
IU01    1850  2838  2584  3523  3391  3851  2164  2709  3260  2848  2599
IU01    1860  1800  1784  2075  2086  2094  2162  2050  1981  1444  1615
IU01    1870   988  1164  1221   909  1190  1518  1304  1064  1409  1058
IU01    1880  1538  1204  1183   385   847   872   801  1042  1116  1330
IU01    1890  1471  1094  1306  1388  1199  1139  1271  1201   693  1461
IU01    1900  1816  2316  1477  1889  2215  2279  1350  1793  1530  1603
IU01    1910  1817  1845  1860  1826  1853  1826  2164  1302  1547  1738
IU01    1920  1301  1430  1060  1300  1511  1650  1960  1500  1040  1452
IU01    1930  1600  1492  1638  1753  1191  1786  1643  2092  1799  1802
IU01    1940  1518  1819  1940  1885  1988  1825  1501  1254  1382  1403
IU01    1950  1244  1128  1345  1508  1276  1263  1123  1061  1183  1306
IU01    1960   851   866   963  1286  1511  1694  1593  1607  1294  1162
IU01    1970  1312  1872  1905  1497  1046  1224  1081   990  1383   930
IU01    1980   720   481   520   700   750   700   753   875  1135  1613
IU01    1990  2093  2320  2160  2140  1922  2032  1560  2024  1702  2630
IU01    2000  2419  2279  2181  1950  1735   406   683  1631  2184 -9999
IU02    1727  2342  1598  2137
IU02    1730  2520  3379  2159  1672  2166  2084  1543  2722  3313  1894
IU02    1740   906  1357  2438  3736  3793  3990  3109  3127  2041  1565
IU02    1750  1559  1147   834  1180  1332  2776  2962  2590  2630  3667
IU02    1760  4642  5058  3137  1781  1586  1861  4168  4297  3588  2595
IU02    1770  1409  1147  1252  1353  2426  3135  3238  2427  1646  2048
IU02    1780  2542  2966  1945  2836  3003  3344  3412  3709  2367  1984
IU02    1790  1304   616   944   660   908  1199  1170   744   458   889
IU02    1800  1537  1536  1329  1182  1719  2072  1839  1266   964  1038
IU02    1810  1012  1081   816   469   470   402   161   135   110   310
IU02    1820   332   369   299   192   213   227   305   262   250   270
IU02    1830   238   415   391   236   260   323   235   292   336   435
IU02    1840   469   534   442   420   380   384   383   448   488   323
IU02    1850   452   459   648   544   538   852   944   827   601   438
IU02    1860   518   633   515   622   673   654   481   355   281   299
IU02    1870   310   409   601   509   614   761   698   555   666   525
IU02    1880   782   561   491   256   435   492   570   493   522   544
IU02    1890   490   604   680   942   510   383   527   538   521   615
IU02    1900   480   469   429   367   452   434     0   359   231   382
IU02    1910   544   649   580   660   763   606   624   406   320   517
IU02    1920   442   429   457   469   459   341   321   408   182   190
IU02    1930   202   261   463   416   315   405   335   309   160   306
IU02    1940   309   369   222   375   436   441   336   215   204   307
IU02    1950   383   286   339   307   321   343   433   358   389   588
IU02    1960   477    96   100   274   415   274   217   196   167   241
IU02    1970   254   188   273   268   338   291   300   191   223   303
IU02    1980   225   299   238   291   192   158   256   333   320   441
IU02    1990   470   351   214   178   195   212   164   166   160    92
IU02    2000   208   216    92    80    84   118   433 -9999
IU04    1745  1032   828  1370  1489   793
IU04    1750  1065  1179   523   372   206   164   112   220   128   189
IU04    1760   476   528   574   345   527   309   677  1112   713   345
IU04    1770   657   971   797   828  1118   810   806  1261  1275   890
IU04    1780   658   224   376   255   330   396   550   294   275   238
IU04    1790   141   187   194   260   177   124    82    41   114   190
IU04    1800   132   349   917  1210  1099   728   638   922   539   456
IU04    1810   565   381   304   304   304   403   528   640   492   694
IU04    1820   497   716  1184   856  1402  1435  1319  1514  1496  1426
IU04    1830  1175  1123   855   842  1233  1013   742   512   480   460
IU04    1840   401   442   603   973   987   826  1025  1342  1271  1299
IU04    1850  1328  1130  1134  1156  1144   672   952  1040   920   973
IU04    1860   761   801   904   950   860  1032   990   750   720   661
IU04    1870   601   650   741   641   551   510   381   270   301   132
IU04    1880   340   330   230   150   194   220   273   360   310   330
IU04    1890   290   310   261   420   430   571   980   980  1221   961
IU04    1900   671   870   550   650   600   540   410   570   470   450
IU04    1910   480   660   790   532   560   460   511   531   483   473
IU04    1920   433   623   933  1122  1114   981   836   612   301   352
IU04    1930   582   533   594   546   683   643   615   789   773   833
IU04    1940   593   452   560   734   785   775   733   733   432   471
IU04    1950   393   306   286   262   410   323   318   332   405   462
IU04    1960   507   393   361   294   730   485   388   455   289   524
IU04    1970   395   485   584   625   574   847   855   557   783   745
IU04    1980   753   758   502   628   539   257   196   279   383   330
IU04    1990   440   409   551   730   553   776   677   815   789   960
IU04    2000   975   951   465   410   364   381   546   621   573 -9999
IU05    1742  2024  2242  2375  1712  1343  1357  1737  1649
IU05    1750  2055  1183  1267  1116  1285  1702  1303   862   811  1139
IU05    1760  1122  1381  1075  1170  1094   913  1300  1670  1846  1429
IU05    1770   792   576   801  1304  1404  1545  1825  2066  2159  2170
IU05    1780  2097  1951  1486  1745  1319  1449  1395  1234  1096  1154
IU05    1790  1141  1141  1069   864   922  1032  1048   785   385   750
IU05    1800   985   979   330   457   957   980   875   772   523   494
IU05    1810   561   537   564   430   626   890   823   908  1333  2120
IU05    1820  1525  1325  1033   896   995  1039  1116  1484  1936  1852
IU05    1830  1806  2708  2044  2008  2297  1635  1288  1715  2113  2200
IU05    1840  2076  1931  1762  1968  1745  1413  1251  1703  1955  1684
IU05    1850  1512  1433  1722  1601  1271   608   877   604   636   681
IU05    1860  1078  1460  1745  1360  1337  1423  1337   995   993   671
IU05    1870   873  1025  1279  1123  1040  1105  1153  1182  1504   906
IU05    1880   896   617   479   260   462   418   468   474   578   708
IU05    1890   758   671   420   498   531   509   500   589   943   889
IU05    1900   794   942   753  1201  1728  1657  1180  1144   539   609
IU05    1910   823  1060  1475  1607  1749  1207   877   635   624   671
IU05    1920   753   565   658   823   721   896   935   550   279   402
IU05    1930   512   386   598   533   520   609   595   421   396   671
IU05    1940   557   734   490   398   472   437   329   318   405   588
IU05    1950   374   506   449   402   348   338   345   226   234   209
IU05    1960   244   166   136   221   285   273   234   305   272   286
IU05    1970   253   247   250   279   212   219   228   193   275   190
IU05    1980   262   177   262   219   225   168   193   219   420   443
IU05    1990   498   444   403   380   394   532   430   420   353   585
IU05    2000   520   560   604   666   466   247   544   548   500 -9999
IU06    1869   665
IU06    1870   643   745   585   747   713  1124  1241   798  1068  1045
IU06    1880  1182   898   610   293   304   351   247   253   330   330
IU06    1890   293   357   235   245   255   136   262   304   638  1041
IU06    1900  1407  1602  1557  1647  1979  2198  1926  1868  1689  1860
IU06    1910  1974  2140  1950  1463  1177  1164  1050   658   794   534
IU06    1920   796   927   937  1104  1201  1465  1898  1212     0   726
IU06    1930   757   987  1164  1253  1351  1315  1447  1491  1376  1262
IU06    1940  1467  1191  1055  1146  1857  1798  2179  1802  2019  1928
IU06    1950  2057  1577  1340  1263  1073   890   975   624   575   606
IU06    1960   541   381   436   471   900   881   762   633   473   456
IU06    1970   636   803  1067  1032   826   840   740   689   767   849
IU06    1980   834   880  1000  1083   792   791   760  1126  1417  1487
IU06    1990  1973  2009  1908  2234  2011  1851  1514  1732  2200  2683
IU06    2000  2399  2584  2660  2130  1580  1092  1718  2039  1924 -9999
IU07    1771   777   963   851   957  1004  1782  1913  1782  1805
IU07    1780  1393  1762  1225  1667  1468  2430  1573  1057  1221  2219
IU07    1790  1564  1279  1080   892  1352  1610  1252   624   568  1119
IU07    1800  1393  1321   908  1051  1463  1700  1760  1538   702   811
IU07    1810   858  1109  1182   713   947  1263  1069   880  1132  1424
IU07    1820  1063  1151  1890  1678  1780  1576  1253  1369  1287  1288
IU07    1830   832  1561  2107  1991  1601  1369   707   886   832   676
IU07    1840   422   657   698   873  1133   852   836  1393  1135   718
IU07    1850  1057  1428  1718  1575   927   908   677   768  1054   997
IU07    1860   917   987  1263  1055   879   911   596   435   471   431
IU07    1870   566   652   792   637   475   416   422   199   256     0
IU07    1880   188   148   244   157   342   238   305   379   372   392
IU07    1890   305   457   405   398   313   275   459   494   411   465
IU07    1900   506   566   427   604   781   927   611   510   547   614
IU07    1910   651   651   740   665   706   515   377   260   282   320
IU07    1920   335   427   402   386   497   529   674   693   329   602
IU07    1930   668   560   648   591   485   524   344   347   265   463
IU07    1940   421   855   337   364   386   269   427   298   345   510
IU07    1950   400   245   318   184   257   250   347   330   310   512
IU07    1960   488   267   209   357   609   471   383   182    81   187
IU07    1970   326   316   364   449   267   428   289   250   342   383
IU07    1980   340   345   454   517   443   218   422   426   396   393
IU07    1990   651   814   502   691   525   440   341   261   311   371
IU07    2000   321   291   291   331   444   263   471   500   761 -9999
IU08a   1742   620  1240   890   630   750  1790  1580  2000
IU08a   1750  3750  1210  1330  1110  1090  1370   530   300   630  1010
IU08a   1760  1790  1480  1750  1400   900  2190  2430  2020  1630   460
IU08a   1770   180   260   350   270   490   860   970  1420  1510  1580
IU08a   1780  1960  2160  1660  1450  1120  1060   850  1160   970  1200
IU08a   1790  1010   620   340   600   590   690   850   620   860   640
IU08a   1800   550  2020  1060  1650  1510  1280  1250  2080  1220  1470
IU08a   1810  1580  2110  1380   700   730  1050  1040  1270   940  1230
IU08a   1820  1490  1500  1940  1450  1620  1280  1410  1590  1680  2190
IU08a   1830  2180  3530  2410  1410  1570  2490  1470  1670  1800  1400
IU08a   1840  1140  1110  1190  1700  1930  2150  2310  1930  1910  2390
IU08a   1850  1780  1520  1480  1140   990   600   930  1150  1490  1980
IU08a   1860  2120  1620  1400   990   820   820  1140   980  1020   720
IU08a   1870   830  1290  1530  1150   620   630   810   690   740   430
IU08a   1880   530   510   460   230   330   510   430   520   630   840
IU08a   1890   800   890   870   970   580   270   390   360   360   460
IU08a   1900   490   560   640   730  1210  1350  1310  1230   950   820
IU08a   1910  1070  1420  1020   720   750   560   570   940  1690  1380
IU08a   1920  1100  1220  1050   910  1040  1130  1070   950   570  1120
IU08a   1930  1150  1090  1070   880   750   760   840   880   970  1180
IU08a   1940  1120  1270  1060  1470  1590  1580  1430  1180  1070  1390
IU08a   1950  1090   820   770   800   900   730   700   750   670   800
IU08a   1960   800   460   700   620  1200  1130   860   580   650   660
IU08a   1970   800   950   920   560   680   800  1100   710   930  1280
IU08a   1980   790   880   560   520   500   460   540   940   900   930
IU08a   1990   890   920  1030  1090  1030   760   640   900  1110   920
IU08a   2000  1170   910   920   800   760   710  1100   940   750 -9999
IU08b   1752  1775  1726  1450  3228  1772   358   269   278
IU08b   1760   755  1512  2776  3058  2609  1713  2198  1939  2113  1807
IU08b   1770   848   565   396   495   292   279   588   718   686   506
IU08b   1780  1123  1705  1705   709  1249  1439  1492  1374  1443  1105
IU08b   1790   957   958   975   926  1428   742   488   414   597   713
IU08b   1800   895  1217  2044  2489  2442  1815  1603  1252   605   864
IU08b   1810  1008  1124  1020   532   852  1962  3049  3049  2333  2901
IU08b   1820  1661  1294  1846  2734  3004  2493  2359  2047  1674  1802
IU08b   1830  1055   967   590   402   842   736   303   648   855  1143
IU08b   1840  1184  1112  1583  2632  2406  2078  2550  2422  2167  1758
IU08b   1850  1125  1168  1491  1565  1874  1284  1445  1767  1957  1742
IU08b   1860  1223  1808  2528  2233  1940  1717  1844  1108   875   626
IU08b   1870   608   717   871   703   714   836   498   674   927   404
IU08b   1880   576   444   472   310   354   352   284   514   633   769
IU08b   1890   769   822  1079  1285   938   461   630   490   672   970
IU08b   1900   901   930   530  1237  2077  1680  1190  1010   731   880
IU08b   1910   850  1180  1391  1150  1092   580   431   600   892   970
IU08b   1920   800   950  1200   920  1101  1362  1350  1366   800  1000
IU08b   1930  1301  1440  1940  1440  1150   900   740  1010   841   860
IU08b   1940   730   770   601   521   530   530   640   541   612   611
IU08b   1950   681   810   740   990  1163  1193  1149  1126  1126   923
IU08b   1960   823   402   446   561   765   744   741   742   347   452
IU08b   1970   580   763  1152   617   564   562   413   375   472   723
IU08b   1980   335   437   375   557   381   404   412   508   451   546
IU08b   1990   495   490   728   813   576   573   600   720   712   659
IU08b   2000  1131  1107  1129   841   794   634   713  1102   841 -9999
IU09a   1744  1603  2029  3284  2913  2581  2062
IU09a   1750  2724  2189  2564  3253  3764  2987  3031  2920  2467  2253
IU09a   1760  2256  2669  2924  3285  3132  2982  3205  3703  3302  3541
IU09a   1770  2329  2128  1750  1651  3129  2512  2424  2232  2687  1981
IU09a   1780  3002  1740  1626  1758  2085  3443  2172  1266   944   500
IU09a   1790   263   263   240   214   120   108    90   206   257   406
IU09a   1800   946   516   520   243   182   233   354   355   294   265
IU09a   1810   293   277   194   133    85   304    58    71   112   125
IU09a   1820   161    76    70    85   275   245   190   233   371   769
IU09a   1830   732   454   121   449   446   342   879   817   611   906
IU09a   1840   696   606   349   597   822   942   771   871  1140   808
IU09a   1850   511   410   563   381   662   752  1201   970   870  1040
IU09a   1860  1120  1100   870   660   763  1132   812   911   951   540
IU09a   1870   500   200   262   331   540   570   723   980  1142   722
IU09a   1880  1064   370   561   262   141   212    89   122   201   250
IU09a   1890   301   120   190   122   141   220   130   190   181   340
IU09a   1900   610   490   420   430   410   610   440  1061   830   790
IU09a   1910   941  1052   590   492   521   450   130    80   330   321
IU09a   1920   410   490   293   440   230   621   740   600   251   520
IU09a   1930   670   510   631   660   630   670   430   841   691   990
IU09a   1940  1154  1180   911  1220  1270   931  1210   950   795   875
IU09a   1950   592   392   553   590   824  1011   804   760   830  1326
IU09a   1960  1163   510   391   480   651   551   590   822   533   480
IU09a   1970   712   732   773  1042   775   643   705   452   483   450
IU09a   1980   393   674   634   641   613   500   580   726  1051  1220
IU09a   1990  1130  1661  2056  1474  1270  1630  1286  1118   910   980
IU09a   2000  1330  1260  1080   981   851   501   650   750   550 -9999
IU10    1761  2992  3009  2586  3089  2684  3570  3484  3373  3178
IU10    1770  1944  1849  1662  2201  2002  1881  2716  2914  2627  2883
IU10    1780  2457  2564  1794  1968  2509  2223  1400   775   602   620
IU10    1790  1343  1400  1122   756  1553   936   522   541   502   633
IU10    1800  1643  1484  1283  1720  1683  1958  2080  1553   802   672
IU10    1810   788   946   854   997  1271  1740  1745  1366  1494  1885
IU10    1820  1046  1274  1175   525   597   798   752  1228   931  1123
IU10    1830  1115  1305   751   791  1242   830   500   532   351   351
IU10    1840   470   520   600   550   460   570   900   772  1260  1120
IU10    1850  1080   890   940   710   581   551   822   812   521   571
IU10    1860   713   622   723   761   752   780   732   775   573   301
IU10    1870   222   392   442   334   216   286   273   224   545   267
IU10    1880   492   201   202   120   130   201   221   344   331   344
IU10    1890   393   190   200   303   263   253   202   130   212   150
IU10    1900   161   122   130   252   243   160   201   180   261   362
IU10    1910   191   303   210   410   324   383   202   230   282   382
IU10    1920   311   342   551   480   391   532   592   401   382   573
IU10    1930   784   864   539   798   416   646   392   271   181   383
IU10    1940   342   428   385   265   204   114   112   224   155   307
IU10    1950   414   424   418   297   246   304   221   294   286   212
IU10    1960   238   199   146   277   321   265   150   235   357   434
IU10    1970   395   393   504   400   497   475   262   226   314   352
IU10    1980   469   352   437   493   330   255   408   632   681   602
IU10    1990   741   812   734  1074  1077   657   282   342   238   342
IU10    2000   479   737   816   589   263   132   216   373   423 -9999
IU11    1757  2221  1745  2563
IU11    1760  2820  3348  2991  2744  2521  2726  3829  3505  3111  2526
IU11    1770  1615   818  1023  1119  1124  1128  1677  1490  1720  2486
IU11    1780  2262  1793  1474  1886  1519  1760  1810  1722  1831  2796
IU11    1790  3160  2755  2756  1190   912  1094   846     0   376   429
IU11    1800   372   371   399   329   290   456   348   823   409   231
IU11    1810   286   695   744   377   630   945   989  1131  1364  2885
IU11    1820  2504  2044  1759  1559  1502  1579  1219  1679  1699  1755
IU11    1830  1382  2158  1982  1878  2783  2156  1477  1410  1145   737
IU11    1840   532   576  1021  1247   932   550   690  1272  1383   910
IU11    1850   979  1292  1194  1306   888   839   995   699   736   546
IU11    1860   601   688   786  1016   899  1030   962   680   473   550
IU11    1870   536   592   525   592   607   506   354   288   809   566
IU11    1880   722   639   665   205   362   280   203   121   336   284
IU11    1890   700   558   420   390   493   221   325   388   263   238
IU11    1900   485   618   633   476   396   664   507   577   351   516
IU11    1910   821   630   482   230   615   588   761   675   753   586
IU11    1920   752   570   837   684   886   643  1140   852   665  1182
IU11    1930   925  1028  1015   994  1209  1321  1101  1056   994   701
IU11    1940   387   582   822   854  1061   951   799   728   512   453
IU11    1950   488   376   608   771   729   602   697   618   874   982
IU11    1960   533   433   498   873  1142  1192  1030   967   650   803
IU11    1970  1070  1007  1010   848   613   519   591   380   615   661
IU11    1980   926   810   766   455   424   782   840  1283   916   725
IU11    1990  1026   962   673   870   601   651   497   564   532   607
IU11    2000   662   904  1125   937   690   657   898  1504  1256 -9999
IU12    1736  3053  2840  3172  1816
IU12    1740  1702  1645  1727  2494  2526  1876  2323  3255  2690  3290
IU12    1750  2096  1545  2292  1865  1564  2535  1953  1016  1373  1937
IU12    1760  1722  1512  1218  1194   959   876  1458  1655  1678  1119
IU12    1770   949   927  1348  1468  1050  1299  1819  1633  1984  1861
IU12    1780  1708  1619  1043  1545  1549  1635  1107   852   722   674
IU12    1790   506   220   167   347   642   386   192   243   349   455
IU12    1800   406   365   482   660   867   608   328   125   177   236
IU12    1810   320     0   295   191   214   217   135   101   121   153
IU12    1820   113   204    54    90   196   290   392   376   197   366
IU12    1830   306   566   465   321   557   310   176   270   252   277
IU12    1840   229   186   251   295   218   164   237   158   160   183
IU12    1850   143   168   226   167     0     0     0     0     0     0
IU12    1860     0    39    48   116    85   268   432   333   376   272
IU12    1870   176   240   282   164   102    84   137   190   215   117
IU12    1880   183   169   200    66   252   203   226   232   292   296
IU12    1890   181   344   249   220   396   230   314   484   328   490
IU12    1900   645   970   586   888   874   842   485   495   721   712
IU12    1910   807   945   798   604   871   666   802   707   590   511
IU12    1920   434   644   668   522   303   650   838   794   484   788
IU12    1930   774   823  1084  1126  1295  1340  1256  1042   468   872
IU12    1940   945  1085   975   882  1010   969   773   945   689   987
IU12    1950   895   925   898   669   685  1029   663   549   667   708
IU12    1960   639   360   555   492   598   403   429   358   380   625
IU12    1970   559   663   715   879   660   788  1007   939   653   782
IU12    1980   592   723   807   736   638   323   590   522   568   855
IU12    1990   749   754   834   503   616   671   709   455   560   883
IU12    2000   994  1016   794   814   611   480   993  1091  1139 -9999
IU14    1727  3297  2608  2663
IU14    1730  1710  1578  1444  1389  2003  2233  1822  1523  1507  1300
IU14    1740   945   914   992  1314  1873  1304  1681  2379  2083  1991
IU14    1750  1846  1660  1493  1682  1265  1493  1263   901   961  1000
IU14    1760   980  1280   950   881   810   541  1020  1140  1040   751
IU14    1770   410   251   321   221   270   300   611   546   621   930
IU14    1780   911   822   661   562   781   802   681   660   773   650
IU14    1790   541   540   471   440   572   431   280   210   200   331
IU14    1800   460   570   510   450   612   631   571   473   352   301
IU14    1810   341   260   283   361   442   570   764   641   653   910
IU14    1820   953   953   831   465   530   690   561   691   443   723
IU14    1830   373   398   612   906  1247  1191   751   799   626   313
IU14    1840   196   298   334   490   541   391   459   514   641   512
IU14    1850   582   594   692   534   592   563   466   517   551   383
IU14    1860   320   424   376   546   606   650   441   225   212   241
IU14    1870   224   277   298   228   255   286   294   245   257   139
IU14    1880   321     0   306     0   192   140   182   161   224   269
IU14    1890   282   296   220   253   265   153   192   251   413   598
IU14    1900   535   718   377   481   477   722   420   551   547   553
IU14    1910   600   856   893   791   835   516   504   558   669   624
IU14    1920   696   716   640   669   673   689   800   677   473   648
IU14    1930   606   665  1010  1179  1012  1036   974   786   791   851
IU14    1940   598   507   504   506   465   377   444   636   568   665
IU14    1950   504   577   604   481   418   357   318   410   216   461
IU14    1960   592   212   204   209   260   286   133   437   291   490
IU14    1970   291   383   410   696   359   618   451   571   541   618
IU14    1980   408   745   522   648   430   158   396   468   598   465
IU14    1990   238   330   592   320   439   786   883  1164   959   988
IU14    2000  1668  1354  1253  1385  1577  1164  1202  1291  1139 -9999
IU15    1759  4330
IU15    1760  4744  3687  3576  2590  2386  2783  2888  2932  2274   901
IU15    1770   438   695   926   868  1271  2303  2708  2607  3278  2396
IU15    1780  2616  1802  2484  1648  1608  1239   896  1378  1353  1223
IU15    1790  1310  1208   716   948   965   896   526   410   416     0
IU15    1800   601   663   760   749  1111  1102  1240  1184   625   589
IU15    1810   810   930   748   682   820   862   906   687   900   824
IU15    1820   666   521   995   949   768   858   709  1019  1525  1535
IU15    1830   824   899   710   749  1323  1040   955   818   850   574
IU15    1840   400   330   359   338   639   655   541   922  1003  1021
IU15    1850   983   869   934   505   439   548   564   844   745   899
IU15    1860   618   697   581   605   581   858   637   472   684   675
IU15    1870   782   689   804   734  1087   816   429   224   419   249
IU15    1880   326   359   470   204   382   320   261   396   378   677
IU15    1890   485   537   525   739   642   408   613   594   676   448
IU15    1900  1016   905   722   810   954  1089   680   572   546   775
IU15    1910   661   717   643   796   876   761   486   490   762   511
IU15    1920   642   903   724   810   611   723   600   269   253   365
IU15    1930   499   546   980   729   873   765   644   633   425   468
IU15    1940   499   455   445   591   544   284   305   288   352   372
IU15    1950   387   402   356   341   302   324   380   112   148   222
IU15    1960   197   138   120   189   165   143   176   161   138   244
IU15    1970   211   247   223   277   314   386   226   312   291   318
IU15    1980   195   313   321   242   280   241   268   377   499   343
IU15    1990   372   204   153   167   253   312   296   488   470   523
IU15    2000   510   458   429   496   707   553   630 -9999
IU16    1765  2825  3582  4464  5371  3125
IU16    1770  1700  1436  2054  2864  3667  3017  3437  2110  2141  2539
IU16    1780  3144  3244  3478  3166  2487  2055  1847  1646  1788  2363
IU16    1790  2279  2197  1803  1033   970   908   877   544   212   522
IU16    1800   917   541   866  1098  1378  1783  2045  1752  1304  1423
IU16    1810  1218  1053  1731  1190   896  1007   791   732   684  1007
IU16    1820   657   735   844   712  1096   828   655   708   704  1032
IU16    1830   605   677   767   504   694   631   361   501   530   420
IU16    1840   330   420   380   520   530   431   660   780  1081   860
IU16    1850   670   620   810   690   920   590   710   850   621   531
IU16    1860   551   832   321   463   450   610   401   502   308   290
IU16    1870   483   511   420   332   311   313   292   335   391   238
IU16    1880   202   250   175    61   232   191   202   155   263   331
IU16    1890   143   242   201   294   143   212   292   261   335   424
IU16    1900   444   525   355   669   817   732   522   514   655   684
IU16    1910   843  1006   986  1051  1103  1061   842   700   801   953
IU16    1920   612   743   763   879   775  1052   939   684   477   532
IU16    1930   712   602   714   626   573   676   573   447   434   564
IU16    1940   504   396   382   494   751   701   753   594   553   792
IU16    1950   623   557   401   536   614   665   412   296   469   526
IU16    1960   403   242   224   284   441   508   306   163   306   334
IU16    1970   261   314   385   502   393   402   532   340   334   311
IU16    1980   357   382   474   514   504   504   433   461   474   750
IU16    1990   631   867   944   857   743   643   463   331   452   691
IU16    2000   760   730   652   510   400   361   810  1160   620 -9999
IU18    1735  3394  2893  2158  2058  2256
IU18    1740  1020  1139  1026   785  1074  1650  1471  1022  1362  1839
IU18    1750  1828  1656   880  1360  1314  1948  2180  1850  1259  1870
IU18    1760  1832  2040  1757  2068  2019  1739  2193  2197  2314  1826
IU18    1770   968   846   781  1320  1580  1957  2058  1865  1944  2033
IU18    1780  1833  1574  1443  1766  1221  1836  1255  1693  1711  1603
IU18    1790  1460  1200  1050   651   952   580   690   370   200   540
IU18    1800   691   560   700   860  1161  1020   920   610   450   450
IU18    1810   390   640   800   521   480   621   710   651   410   920
IU18    1820   840   701   770   660  1090  1130   960  1292   710   690
IU18    1830   790  1110   770   790  1160  1100   680   880   700   580
IU18    1840   292   260   261   450   440   410   371   590   950   610
IU18    1850   610     0   550   500   590   410   492   691   600   510
IU18    1860   310   370   391     0   392   703   764   612   520   371
IU18    1870   210   220   250   210   310   270   165   181   200   140
IU18    1880   220   150    91   160   160   110    61   110   130   275
IU18    1890   180   170   120   132    91   250   241   270   360   510
IU18    1900   630   593   510   820   970   650   463   400   430   530
IU18    1910   740   910   854   540   490   472   440   491   571   470
IU18    1920   671   577   645   661   661   801  1101   711   331   530
IU18    1930   821   791   811   910   671   921   830   841   830   890
IU18    1940   750   950   871   820   741   820   691   460   500   901
IU18    1950   570   351   622   523   590   611   782   641   571   781
IU18    1960   791   502   510   810  1030  1032   771   840   580   660
IU18    1970   921  1110   981   980   820   700   930  1020   841   720
IU18    1980   830   760  1041  1040   800   561   633   632   590   630
IU18    1990   610   523   680   920   782  1031   830   750   630   780
IU18    2000  1100  1450  1192  1100   540   420   550   900   680 -9999
IU19    1819  1574
IU19    1820  1271  1516  2109  3894  4718  4428  4170  3836  4117  3245
IU19    1830  4269  3897  2360  1988  2721  2304  2522  2801  2411  2468
IU19    1840  2250  2074  2089  2134  2259  2276  2089  2488  3674  3859
IU19    1850  2685  2823  2788  2787  4480  3341  3545  3742  2792  3189
IU19    1860  3763  4380  3908  3665  3148  2161  2596  2939  3658  2081
IU19    1870  2612  2622  2871  3286  4204  4089  2945  1967  1979  1172
IU19    1880  1304   944  1256   871   728   483   485   566   691   747
IU19    1890   834   894  1218  1751  1273  1227  1223  1279  1298  1700
IU19    1900  1675  2072  1662  1610  1925  1710  1541  1300   890  1150
IU19    1910  1420  1410  1201  1361  1391  1331  1300   944   882  1001
IU19    1920   803  1020   910   812  1004   738   899   687   560   591
IU19    1930   560   701   610   654   492   767   677   775   655   525
IU19    1940   473   630   724   737   634   612   605   452   352   281
IU19    1950   452   402   461   331   361   362   360   300   351   483
IU19    1960   301   293   263   300   370   432   604   595   330   422
IU19    1970   490   431   510   540   601   520   430   372   462   391
IU19    1980   383   341   261   351   443   352   373   430   401   410
IU19    1990   480   620   530   581   661   730   703   795   755   752
IU19    2000   900   851   812   850   751   381   630   920   620 -9999
380011  1717  2780  2350  2400
380011  1720  3220  2240  1960  1350  1360  1130  1590  1940  1810  1730
380011  1730  1650  1350  1310  1290  1350  1470  1270  1190  1490  1130
380011  1740  1150  1260  1200  1450  1460  1430   970  1440  1450  1300
380011  1750  1500  1170  1360  1030   920  1230  1120   870   860  1290
380011  1760  1030  1220   830   920   870   870  1470  1190  1370  1440
380011  1770   690   610   880   800   600   660  1280  1210  1450  1550
380011  1780  1440  1000  1090  1070  1330  1090  1040  1300   760   670
380011  1790   580   850   690   620   620   770   530   400   440   550
380011  1800   620   600   880   920  1090   800   780   750   670   530
380011  1810   480   710  1040   790   680   830   810  1010   970  1320
380011  1820   920   930  1260  1230  1290  1310   930  1130  1150   990
380011  1830   860  1170   880   820  1070  1040   730   830  1000   870
380011  1840   710   810   740   780   740   680   670   890   900   780
380011  1850   990  1040   790   730   360   570   550   650   650   600
380011  1860   820   760   790   800   710   820   880   760   930   620
380011  1870   550   500   660   610   860  1000   830   630   780   450
380011  1880   540   460   550   450   320   260   240   350   410   370
380011  1890   340   430   440   490   540   440   580   720   490   590
380011  1900   760   620   630   500   730   740   560   570   470   640
380011  1910   700   670   590   400   490   430   480   560   570   520
380011  1920   530   520   470   390   410   540   670   720   510   580
380011  1930   600   550   630   440   430   440   350   370   260   360
380011  1940   220   380   320   370   470   480   400   260   270   440
380011  1950   430   290   210   310   340   340   360   270   380   300
380011  1960   360   280   300   340   390   270   250   290   170   140
380011  1970   190   250   230   260   180   200   190 -9999
380012  1731  1460  1460  1680  1970  1980  1880  1560  2110  1680
380012  1740  1490  2110  1860  2430  2250  1660  1480  1860  1680  1370
380012  1750  1290  1460  2210  1500  1230  1380  1320  1430   820  1400
380012  1760  1360  1810  1060  1540  1440  1190  1420  1280  1100  1410
380012  1770  1010   820   590   740   800   750  1020  1130  1390  1400
380012  1780  1450  1400  1510  1630  1490  1290   800   890   950  1040
380012  1790  1090   980   890   740   760   770   530   480   450   420
380012  1800   530   480   470   560   770   540   570   510   410   430
380012  1810   380   380   460   380   350   420   500   610   740  1110
380012  1820   830   710  1040   970  1020  1100   820   910   950   900
380012  1830   830  1030  1170  1200  1310   800   560   480   650   760
380012  1840   760   960   760   810   700   520   770  1050  1080  1100
380012  1850   920   970   850   580   440   550   640   740   540   320
380012  1860   450   560   810   970   720   580   610   550   790   580
380012  1870   700   490   650   740  1010  1200  1020   760   920   610
380012  1880   350   320   440   390   220   300   300   340   420   360
380012  1890   330   410   280   290   330   260   370   430   440   550
380012  1900   880   900   910   960  1100  1110   630   860   940   940
380012  1910   920  1020   940   650   760   480   480   410   340   400
380012  1920   470   430   430   410   540   710   740   650   440   660
380012  1930   590   680  1030   730   960   960   740   710   560   760
380012  1940   530   740   810   880  1070  1070   940  1030   840  1150
380012  1950   650   670   790  1030   750   690   810   710   810   840
380012  1960   830   460   670   770   710   820   680   730   430   500
380012  1970   550   710   770   660   670   490   560 -9999
380021  1706  1690  2050  1950  2300
380021  1710  1790  1130  1640  1720  1530  1700  1600  1440  1580  1850
380021  1720  1770  2140  1780  1460  1470  1490  1790  2130  2120  2310
380021  1730  1650  1000   840  1220  1820  1770  1680  1710  2080  1670
380021  1740  1500  1650  1570  1900  1940  1970  1850  1430  1510  1390
380021  1750  1850  1500  1520  1500  1780  1850  1610  1090  1120  1460
380021  1760  1320  1530  1350  1730  1530  1570  2170  1950  1950  1750
380021  1770  1460  1080  1240  1480  1210  1500  1650  1690  1960  2290
380021  1780  1960  2050  1710  1990  1430  1430   990   990   830   890
380021  1790   730   670   710   670   770   810   640   520   480   580
380021  1800   860   600   680   690   990  1120   960  1100  1040   840
380021  1810   730   740   850   730   810   950   910   970   900   900
380021  1820   820   660   680   720   880   920   750   990  1040   860
380021  1830   840  1160  1120  1200  1160  1080   780   890   790   770
380021  1840   790   820   830  1090   950   810   730   970  1150  1140
380021  1850  1110   970  1280  1280  1030   990   930  1060   900   750
380021  1860   790   380   330   410   430   350   460   470   330   260
380021  1870   270   230   300   320   240   300   380   400   530   510
380021  1880     0     0     0     0     0     0     0     0     0     0
380021  1890     0     0     0     0     0     0     0     0     0     0
380021  1900   270   480   410   380   420   490   350   410   290   470
380021  1910   690   650   540   650   640   550   850   790   270   680
380021  1920   640   520   310   520   680   510   640   590   510   740
380021  1930   580   600   520   390   510   640   690   660   630   720
380021  1940   550   700   640   530   390   420   550   510   460   470
380021  1950   340   290   330   290   360   370   390   310   350   440
380021  1960   590   280   380   550   670   860   910   910   750   800
380021  1970   950   970   920   720   480   380   550 -9999
380022  1720  3310  2540  2430  2430  2400  2720  2950  3430  3100  3790
380022  1730  2960  2320  1980  2340  2610  2070  2320  2140  2450  1880
380022  1740  1520  2040  2210  1930  2240  2260  1950  1860  1880  1450
380022  1750  1640  1480  2050  1890  1950  2150  1430  1260  1030  1370
380022  1760  1170  1410  1240  1410  1540  1520  1920  1870  1710  1680
380022  1770  1500  1060  1070  1320  1010  1180  1300  1170  1250  1600
380022  1780  1260  1180   990  1300  1190  1500  1160  1140   780  1000
380022  1790   960  1010   770   670   900  1070   840   770   840  1040
380022  1800  1430  1030   860   950   930  1200  1020   940   860   810
380022  1810   970  1080  1230  1340  1480  1630  1170  1330  1340  1670
380022  1820  1310  1320  1080  1360  1620  1700  1610  1580  2010  1710
380022  1830  1740  2030  1750  1630  1970  1340  1120  1170  1000   950
380022  1840   950   990   900   960   790   920   920  1110  1040  1040
380022  1850   850   800   720   710   760   720   720   600   670   600
380022  1860   560   510   710   750   590   460   320   330   320   300
380022  1870   300   300   410   390   420   550   580   460   500   400
380022  1880   500   340   420   260   230   210   240   280   250   240
380022  1890   210   170   170   160   250   110   130   150   150   200
380022  1900   180   210   220   180   180   230   210   190   160   260
380022  1910   310   290   270   200   180     0     0     0     0     0
380022  1920     0     0     0     0     0     0     0   250   350   230
380022  1930   260   410   420   380   590   650   660   880  1050  1330
380022  1940   980  1360  1490  1500  1190  1260  1020  1000   940   860
380022  1950   850   820   990   810   730   690   600   450   580   740
380022  1960   620   460   420   600   910   930   700   700   460   450
380022  1970   740   670   570   390   280   280   400 -9999
380031  1754  2440  2780  2100  1810  1490  1620
380031  1760  1710  2000  1930  2430  2440  2450  2690  1970  2250  1890
380031  1770  1110   790  1120  1180  1020  1570  2240  2210  2710  4090
380031  1780  4600  3880  2380  2660  2190  1780  1410  1200  1850  2100
380031  1790  1810  1740  1580  1280  1370  1560  1230  1010  1060   990
380031  1800  1190  1110   960  1200  1270  1150  1090   930   930   660
380031  1810  1000   760   920  1240  1000  1460  1390  1420  1370  1740
380031  1820  1310  1110  1650  1390  1630  1530  1470  1670  1890  1770
380031  1830  1880  2280  2050  1850  1960  1560  1280  1280  1350  1220
380031  1840  1010  1010  1090  1320   930   680   890  1150  1130  1020
380031  1850  1090  1190  1390  1240  1070   830   710   910  1000  1090
380031  1860  1130   910   740  1010  1290  1160  1000   690   930   930
380031  1870  1100  1110  1080  1090  1080  1260  1330   920   790   740
380031  1880   910   890   780   810   750   710   780   700   780   830
380031  1890   820   620   490   550   520   590   700   780   810   760
380031  1900   760  1070   780   700   930  1040   790   610   740   750
380031  1910   860   850   650   510   940  1000   880  1100   830   920
380031  1920   710   870   760   750   700  1050   960   710   560   760
380031  1930   920  1000  1240  1270   930  1160  1040   810   670   790
380031  1940   900   990   820   720   750   630   790  1040   980   950
380031  1950   700   570   670   400   560   720   730   660   630   600
380031  1960   750   430   490   700   890   910   680   760   500   590
380031  1970   600   680   650   600   520   530   570 -9999
380032  1792  2020  1820  2090  2060  1680  1320  1820  1700
380032  1800  1690  1650  1410  1560  1930  2050  1630  1510  1880  1720
380032  1810  1960  1810  2060  2040  1860  1820  1630  2000  2060  2660
380032  1820  2050  1970  2280  2400  2680  2460  2200  3050  2760  2220
380032  1830  2780  2890  2440  1960  1690  1790  1150  1160  1260  1230
380032  1840  1090  1220  1140  1480  1070   910  1000  1320  1410  1580
380032  1850  1640  1330  1430  1360  1620  1540  1320  1530  1930  2000
380032  1860  1690  1580  2090  1760  1780  1550  1560  1050  1300  1020
380032  1870  1150  1410  1530  1190  1150  1270  1290  1290  1140  1120
380032  1880  1120  1170  1280   950  1160  1100  1200  1160  1180  1090
380032  1890  1660   880   950  1280  1190  1290  1890  1480  1680  1920
380032  1900  1710  1860  1510  1520  1890  1450  1450  1370  1330  1750
380032  1910  1500  1720  1470  1620  1540  1340  1250  1230  1400  1110
380032  1920  1370  1260  1090   910  1060  1700  1550  1170   880  1110
380032  1930  1270  1390  1330  1420  1030  1080  1130  1070  1190  1160
380032  1940   920  1020  1300  1000  1100   890   880  1100  1200  1100
380032  1950  1050   840  1090   810   890  1030  1120  1240   880   980
380032  1960  1220   940   890  1360  1430  1260   920   970   620   810
380032  1970   770   860  1100   900   800   700   960 -9999
380041  1754  3590  3500  3430  3770  2520  2980
380041  1760  3380  2950  2700  2850  3350  3850  5370  4050  5150  4020
380041  1770  2260  2160  2410  3230  3150  3690  5460  3980  3800  5530
380041  1780  4060  3010  2020  2580  2130  2400  1560  2220  1780  2650
380041  1790  2690  2000  2180  1250  2250  1980  1920  1530  1210  1030
380041  1800  1340   840  1170  1400  1610  2230  1720  1900  1240   730
380041  1810   840   980  1260  1420   920  1160  1530  1320  1440  2000
380041  1820  1830  1430  1720  1580  1870  1350  1530  1640  1920  1770
380041  1830  1220  1830  1920  1860  1780  1530  1080  1070   830   860
380041  1840   510   700   810   850   510   670   710   710   790   620
380041  1850   690   850  1090  1040  1430  1180   840   760   870   660
380041  1860   510   570   690   980   980  1220   610   460   380   250
380041  1870   230   180   180   210     0     0     0     0     0     0
380041  1880     0     0     0     0     0     0     0     0     0     0
380041  1890     0     0     0   290   320   510   580   810   690   650
380041  1900   970   830   710  1110  1650  1470  1050  1010   850   700
380041  1910   920   920   820   920   820   640   520   510   440   460
380041  1920   380   400   400   620   930  1220   880   530   380   630
380041  1930   810   670   640   560   600   670   540   420   320   380
380041  1940   440   560   520   420   570   500   760   730   480   720
380041  1950   450   360   370   260   350   390   310   400   390   350
380041  1960   390   130   220   280   380   310   230   250   150   220
380041  1970   270   220   160   190   130   200   340 -9999
380042  1738  4180  3200
380042  1740  2720  2660  3120  3170  3830  3160  3170  3810  3910  2720
380042  1750  3720  3340  3870  3730  3080  2800  2300  2410  1790  2520
380042  1760  2100  3200  2660  2690  2570  2680  3890  3610  3520  3300
380042  1770  1910  1440  1880  1910  1870  2110  2670  2560  2010  3020
380042  1780  2820  2450  2410  2320  1930  2130  1960  2090  1910  2030
380042  1790  2090  1850  2200  2040  1910  1930  1080  1110   850  1060
380042  1800  1470  1240  1090  1490  1480  1440  1280  1240  1170   820
380042  1810   860   930  1100  1380  1310  1420  1300  1190  1470  1450
380042  1820  1120  1010  1050   800  1110  1020  1130  1530  1690  1540
380042  1830  1460  2210  2450  2220  2280  1730  1510  1300   800   960
380042  1840   680   690   880   830   730   480   960  1020  1060 -9999
380051  1744  3150  2490  2650  3030  3190  2720
380051  1750  2760  2210  2820  2860  2810  2740  2080  1770  1690  2040
380051  1760  1700  2060  1790  1750  1620  1700  2110  2080  1820  1830
380051  1770  1520  1610  2280  1700  1480  1410  2070  1620  1850  2320
380051  1780  1770  1490  1350  1460  1450  1350  1300  1320   980   780
380051  1790  1060  1050  1040   860  1300  1350   970   910   610   990
380051  1800  1300  1080  1100  1560  1580  1370  1080   890   700   830
380051  1810   810  1010   830   900   840  1090  1080  1230  1000  2030
380051  1820  1490  1790  1650  1320  1440  1250  1340  1690  1930  1410
380051  1830  1410  1660  1640  1390  1710  1850  1130  1080   760   850
380051  1840   980   930   890  1150   800   690  1060  1230  1300   990
380051  1850  1100  1110  1400  1100   950   760   830  1090  1080  1200
380051  1860  1030  1300   870  1190  1480  1390  1210   940  1430  1120
380051  1870   990   940  1180   950  1370  1260  1200   550   920   640
380051  1880  1100   770   770   740   840   840   650   840   660   610
380051  1890   510   590   530   710   760   370   570   890   810   740
380051  1900   680   810   760   870  1040  1300   680   610   770   810
380051  1910   920  1330   870   870   530   650   740   650   930   860
380051  1920   690   680   600   910  1000  1120  1190   670   410   700
380051  1930   750   590   680   740   670   530   510   680   550   660
380051  1940   730   640   670   520   750   510   440   490   450   750
380051  1950   650   370   680   720   590   690   640   550   460   760
380051  1960   530   330   390   620   590   630   510   560   330   490
380051  1970   480   810   660   600   440   470   640 -9999
381052  1731  1650  2020  3010  4190  3830  3190  3050  4800  3720
381052  1740  3300  3570  3830  3440  2890  2360  2520  2940  2290  2130
381052  1750  2580  1780  2530  2600  2580  2590  2350  1670  1350  1650
381052  1760  1230  1940  1360  1500  1590  1360  1460  1360  1220  1100
381052  1770   890   700  1240  1560  1180  1300  1430  1340  1510  2240
381052  1780  1700  1100  1030  1730  1240  1320  1120  1150   580   680
381052  1790   660   820   760   590   700   820   690   580   590   860
381052  1800   820   480   470   620   740   770   660   680   650   690
381052  1810   700   820   950   710   960   810   700   860   810  1480
381052  1820   980   980  1300  1180  1370  1380  1080  1230  1360  1320
381052  1830  1160  1450  1550  1210  1490  1570  1190  1060  1020   860
381052  1840   980   760   860  1020   820   730  1160  1240  1340  1190
381052  1850   840   980   970   850   540   420   590   690   570   550
381052  1860   500   580   690   700   760   810   720   470   920   650
381052  1870   550   440   460   480   760   840   700   380   520   460
381052  1880   460   540   620   340   500   480   460   570   610   580
381052  1890   670   680   680  1030   930   440   710   870   900   640
381052  1900   770  1020  1030  1180  1300  1470   890   810   840   850
381052  1910   840   670   500   390   430   280   250   260   300   310
381052  1920   270   230   210   200   260   390   330   240   110   280
381052  1930   470   350   540   660   340   340   420   420   230   430
381052  1940   550   530   530   710   770   800   500   620   490   770
381052  1950   800   630   770   780   710  1000   840   610   580   800
381052  1960   640   390   530   630   830   750   850   930   560   710
381052  1970   700  1000   970   580   740   740   830 -9999
381061  1809   790
381061  1810   950  1290  1700  1620   960  1150  1050   910   760  1090
381061  1820  1320  1040   770   940   990  1330  1230  1730  1580  1380
381061  1830  2050  2150  2110  2200  2680  1860  1630  1240  1130  1200
381061  1840  1350  1170  1190  1870  1280  1050  1410  1630  1490  1810
381061  1850  1670  1890  1850  1300  1270  1290  1230  1300  1340  1190
381061  1860  1190  1140  1170   960  1460  1450  1090  1120  1570  1180
381061  1870  1410  1280  1190  1420  2010  1830  1520  1160  1460  1220
381061  1880  1340   910  1150  1230  1650  1570  1530  1300  1380   940
381061  1890  1330  1070   900   990  1170   870  1240  1440  1370  1420
381061  1900  1250  1390  1280  1430  1900  1670  1350  1300   890   920
381061  1910  1070  1210  1280  1030  1170   860   760   580  1260  1250
381061  1920   800   780   730   970  1190  1320  1950  1110   580   650
381061  1930   750   880   830   680   520   400   300   280   530   600
381061  1940   400   560   460   880   820   780   820   720   530   700
381061  1950   620   460   620   630   440   310   530   690   610   460
381061  1960   370   330   240   400   940   950   710   580   460   490
381061  1970   510   730   890   820   700   720   630 -9999
381062  1750  2020  2140  2670  2490  2220  1950  2330  1610  1760  2410
381062  1760  1800  1470  1290  1670  1620  1190  1610  1560  1910  1880
381062  1770  1580  1220  1200  1560  1650  2230  2020  1570  1210  1840
381062  1780  1030   840   650  1520  1520  1370   920  1050  1120   960
381062  1790  1580  2360  2600  1690  1260  1470  1630  1630  1560  1170
381062  1800  1500  1270  1220  1140  1450  1000   940  1010  1380  1190
381062  1810  1080  1290  1450  1290   870   990   850  1170  1310  1660
381062  1820  1230  1160  1070  1440  1580  1680   820  1180  1190  1240
381062  1830  1280  1520  1430  1620  2190  1750  1340  1460  1200  1330
381062  1840  1500  1420  1060  1580  1150  1030  1650  1890  1580  1630
381062  1850  1370  1260  1330  1230  1370  1230  1200  1150  1280  1400
381062  1860  1190  1510  1510  1960  1820  1690  1470  1330  1550  1060
381062  1870   990  1150  1170  1260  1540  1590  1610  1360  1640  1220
381062  1880  1690   930   830   710   670   720   880   960   890   820
381062  1890  1030   870   790   990   960   590   780   900   880  1080
381062  1900  1250  1210   700   860  1060   930   880  1090   840  1060
381062  1910  1350  1150  1210  1040  1120   880   890   670  1160  1240
381062  1920   990  1050   960  1220  1310   970  1490   950   780   800
381062  1930   870   680   810   790   470   360   290   260   240   240
381062  1940   370   290   430   500   620   570   610   780   670   640
381062  1950   600   620   530   580   460   420   560   470   470   540
381062  1960   410   270   380   480   790   880   740   820   450   680
381062  1970   800   780   900   780   810   720   560 -9999
381071  1754  4490  3100  2330  2120  1620  2010
381071  1760  2220  2530  2040  2220  1960  1840  2370  2850  2760  2880
381071  1770  1930  1100  1340  1260  1330  1610  2120  1330  1410  2280
381071  1780  1870  1580  1390  1720  1390   930  1050  1420  1300  1400
381071  1790  1520  1650  1260  1230  1050  1090   830   780   770   700
381071  1800  1020   750   700  1120  1490  1190  1280  1090  1160   900
381071  1810   970  1260  1030  1950  1390  1380  1500  1430   920  1620
381071  1820  1950  2450  2750  2620  2960  2370  2330  2760  2120  1980
381071  1830  1880  2390  1910  2120  2740  2350  2030  1780  1460  1400
381071  1840  1450  1450  1590  1420   800   700   770   810  1180  1090
381071  1850  1520  1740  1610  1360  2000  1770  1190  1550  1410  1260
381071  1860  1110  1260  1160  1660  1690  1330  1000   870   860   570
381071  1870   540   460   690   570   850   750   670   490   660   440
381071  1880   590   560   620   490   590   420   520   670   760   820
381071  1890   440   490   280   520   600   610   600   730   710   380
381071  1900   410   480   490   840   970  1010   520   340   430   280
381071  1910   910   950  1170  1050   730   450   550   480   460   740
381071  1920   660   640   740   960  1000  1100  1340  1110   660   800
381071  1930   970  1280  1610  1230  1230  1360   850   730   960  1270
381071  1940   990  1100  1190  1370  1390  1430  1560  1020  1150  1120
381071  1950  1150   950  1070   980  1220   920   680   720   700   830
381071  1960   840   520   800   880  1450  1410  1350  1140   530   480
381071  1970   790  1130  1210   610   740   770   650 -9999
381072  1775  2990  2640  2000  2650  3080
381072  1780  2510  1880  2090  2680  1940  1580  1390  1680  1630  1960
381072  1790  1920  2650  2450  1760  1610  1260  1120  1460  1350  1250
381072  1800  1050  1220  1250  1520  1720  1510  1580  2040  2040  2030
381072  1810  3030  3170  3090  2880  2490  2440  1990  1990  2320  3510
381072  1820  2540  2220  2370  2030  2170  2260  2310  2220  1840  1690
381072  1830  2080  2480  2000  1920  2390  2320  2010  2160  2350  1760
381072  1840  2160  1490  1920  1860  1380   930   780   880   900   750
381072  1850  1080  1210  1500  1520  1830  1780  1690  1980  2160  1910
381072  1860  1870  1610  1410  1630  1600  1520  1170   920  1050   470
381072  1870   780   750   750   480   570   770   650   500   630   480
381072  1880   600   460   530   520   570   480   550   600   570   620
381072  1890   730   710   560   800   620   590   560   460   510   430
381072  1900   500   570   410   440   550   640   460   390   320   310
381072  1910   490   540   530   610   510   360   120   100   130   210
381072  1920   280   280   260   420   410   450   490   350   300   330
381072  1930   820   970  1290  1470  1250  1570  1620  1230  1040  1210
381072  1940   880  1010   990  1180  1140   790   720   710   460   730
381072  1950   770   660   680   640   540   700   630   610   420   810
381072  1960   890   610   730   690   960   870   940  1010   700   450
381072  1970   540   700   760   650   550   620   410 -9999
381081  1731  1590  2460  2970  2540    80  2460  1740  2340  1880
381081  1740  1310  1800  1830  1760  1600  1640  1410  1700  1580  1350
381081  1750  1380  1360  1220  1240  1200  1350  1350  1290  1210  1450
381081  1760  1230  1140   700   870  1000  1190  1590  2080  2310  2280
381081  1770  1710  1100  1340  1170   820   980  1280  1140  1430  1920
381081  1780  1520  1550  1370  1540  1210   920   920   990  1240  1610
381081  1790  1470  1570  1550  1330  1230  1010   810   750   670   630
381081  1800   860   600   550   780  1040  1020  1010  1080   680   550
381081  1810   740   630   630   970   770   860   730   580   970  1440
381081  1820   990   920  1040   770   780  1000   900   850  1070  1220
381081  1830  1480  2240  1550  1740  2000  1620  1270  1010   950   820
381081  1840   700   760   840   840   520   670   700  1040  1770  1350
381081  1850  1470  1580  1380   990  1150   920   770   770   700   790
381081  1860   660   790  1000  1150  1100   960   780   480   590   490
381081  1870   730   560   490   630   950  1410  1250  1480  1560  1650
381081  1880  1460   420   510   550   460   410   380   430   700   570
381081  1890   480   440   320   570   620   310   390   440   460   370
381081  1900   360   390   220   300   370   430   390   290   280   390
381081  1910   560   580   500   390   520   450   510   330   530   650
381081  1920   510   450   480   560   680   810   750   320   280   370
381081  1930   580   580   700   790   730   600   360   330   290   400
381081  1940   370   630   640   510   700   470   450   310   320   610
381081  1950   760   890   760   600   660   600   540   340   380   450
381081  1960   810   420   400   420   490   480   390   340   270   210
381081  1970   230   330   260   150   230   160 -9999
381082  1721  3520  2840  3120  3950  3000  2990  3340  2340  2360
381082  1730  2560  1820  1450  1490  1470  1630  1500  1210  1740  1590
381082  1740  1090  1450  1870  1540  1430  1360  1170  1360   930   780
381082  1750  1080   780  1140  1220  1080  1460  1410  1130  1090  1340
381082  1760   910   940   710   790   960   790  1150  1430  1250  1330
381082  1770  1120   580   700   690   720   850  1560  1350  1200  1440
381082  1780   870   720   540   900   720   630   620   510   700   910
381082  1790  1090  1260  1530  1490  1310  1050   690   650   420   360
381082  1800   550   350   300   420   520   430   410   500   390   230
381082  1810   440   520   570   810   780   820   660   480   480  1710
381082  1820  1580  1560  1590  1070  1000  1140   990  1240  1010  1520
381082  1830  1860  2300  1980  2330  3030  2310  1550  1580  1570  1270
381082  1840   990  1220  1100  1210   880   760   810  1140  1200  1070
381082  1850  1290  1050  1140   800   710   750   650   690   940   860
381082  1860  1030   960  1270  1620  1900  1550  1360   820  1020   730
381082  1870   770   600   610   750  1010  1330  1260   800   880   770
381082  1880   740   620   510   370   370   380   440   540   720   830
381082  1890   690   730   600  1130  1100   730   870   970   860   610
381082  1900   820   890   750   640   730   860   540   400   330   290
381082  1910   370   390   480   280   400   290   300   340   420   630
381082  1920   490   420   290   380   590  1180  1120   540   290   470
381082  1930   660   540   420   510   540   450   270   230   140   290
381082  1940   370   430   380   360   600   610   610   190   140   410
381082  1950   310   250   250   190   410   290   300   200   210   410
381082  1960   550   220   230   360   470   380   410   480   180   130
381082  1970   230   250   320   360   320   410   600 -9999
381091  1724  3510  3000  3260  3650  3330  3200
381091  1730  2840  2010  1460  1860  3190  3380  3180  2700  2980  2340
381091  1740  1720  2080  2080  2340  1960  2150  2410  2860  1990  1500
381091  1750  1870  1490  1780  2190  1690  1610  1750  1160   980  1240
381091  1760  1020  1190   940  1010  1280  1400  1700  1780  1600  1470
381091  1770  1150   720   970  1110  1060  1330  1690  1440  1320  1500
381091  1780   970  1090   900  1060  1000   920   630   750   710   770
381091  1790   800   910   830   790   820   870   700   490   450   480
381091  1800   740   610   490   540   660   760   600   600   580   360
381091  1810   440   550   540   460   490   410   250   190   340   650
381091  1820   590   550   570   470   660   700   760   870   860   930
381091  1830   600   720   660  1100  1530  1000   680   540   420   420
381091  1840   400   400   420   620   580   720   810  1270  1600  1430
381091  1850  1540  1590  1350   920   870  1040   940   880   770   810
381091  1860   680   600   910  1010   800   780   670   460   570   420
381091  1870   600   490   440   640   600   560   540   630   870   490
381091  1880   460     0     0     0     0     0     0     0     0     0
381091  1890     0     0     0   330   300   360   530   570   440   460
381091  1900   440   590   300   490   700   710   580   480   520   600
381091  1910   840   960   880   610   870   770   690   670   690   840
381091  1920   560   630   680   720   850   930  1080   620   420   630
381091  1930   630   730   730   770   770   880   690   650   500   610
381091  1940   660   660   550   580   560   320   290   180   170   320
381091  1950   320   340   270   260   340   400   310   280   420   540
381091  1960   280   150   160   280   310   270   220   240   200   330
381091  1970   430   500   510   510   360   420   500 -9999
381092  1724  2880  2480  3170  4060  3880  3550
381092  1730  3140  2690  2120  1860  2740  2910  2690  2530  2940  2220
381092  1740  1890  2660  3020  2540  2550  2650  2280  2600  2000  1800
381092  1750  2210  1900  2030  1950  1590  1480  1970  1710  1180  1580
381092  1760  1250  1220  1180  1190  1300  1350  2070  2060  1870  1650
381092  1770  1670  1270  1520  1440  1120  1350  1660  1490  1510  2090
381092  1780  1180  1310  1080  1530  1400  1160   730   790   710   850
381092  1790   790   910   960   780  1050   980   680   420   340   540
381092  1800   750   500   510   620   640   480   470   550   470   340
381092  1810   410   450   510   530   750   800   970  1010   980  1580
381092  1820  1050   800   650   600   710   710   650   770   650   590
381092  1830   380   550   750   910  1560  1150   790   660   540   700
381092  1840   740   830   780  1160   900   740   610   690  1000   870
381092  1850   810   770  1090   810   900   930  1000  1140  1040  1130
381092  1860   820   860  1010  1200   990   800   750   620   710   530
381092  1870   660   510   490   510   550   480   440   350   650   420
381092  1880   380   250   270   100   180   180   200   260   240   200
381092  1890   240   390   290   400   440   530   570   630   600   650
381092  1900   800  1010   820   900   910   980   780   810   910   920
381092  1910  1000   970   760   710   820   910   830   600   750   710
381092  1920   470   370   390   480   440   530   670   450   300   520
381092  1930   500   650   630   560   660   770   570   730   500   540
381092  1940   340   570   580   490   690   210   230   220   300   450
381092  1950   420   520   520   420   470   510   520   410   400   480
381092  1960   300   250   220   190   290   260   290   210   140   320
381092  1970   450   510   670   830   650  1000  1040 -9999
382101  1716  3020  2640  2960  3540
382101  1720  2130  2100  2850  2850  2810  2670  2050  2270  2030  1910
382101  1730  2340  2040  1550  1220  1550  1800  2410  2350  1760  2210
382101  1740  1460  1640  1700  1420  1530  1430  1110   840  1300  1570
382101  1750  1940  1710  1570  1390  1160  1300   990  1420  1220   650
382101  1760   700  1190  1200  1400  1350  1900  1700  2290  2180  1750
382101  1770  1410  1290  1410  1270  1200   870  1980  1720  2300  2200
382101  1780  1680  1290  1120  1410  1300  1230   960   980  1210  1640
382101  1790  1180  1050   830   860  1210   690   590   410   340   490
382101  1800   720   630   530   550   780   690   670   610   600   840
382101  1810  1050  1240  1110  1200  1240  1480  1050   840   690   990
382101  1820  1160  1000  1350   990   970  1010   810  1150  1280  1340
382101  1830  1190  1250  1200   890  1310  1180   910  1050   980   900
382101  1840   960   700   980  1090   850   930  1370  1580  1350   990
382101  1850  1210  1350  1400  1320  1630  1140  1160  1250  1090   950
382101  1860   840   820  1020   970   830   740   810   610   710   540
382101  1870   470   470   550   460   460   470   580   390   800   450
382101  1880   680   300   450   310   470   380   350   510   350   420
382101  1890   310   280   220   230   300   220   380   300   360   340
382101  1900   290   380   340   340   300   390   250   320   320   450
382101  1910   520   670   610   490   580   510   660   610   520   500
382101  1920   480   480   480   650   540   760   770   390   260   460
382101  1930   560   430   340   420   330   270   250   260   210   440
382101  1940   480   540   450   620   870   620   610   480   320   430
382101  1950   310   250   280   270   350   390   410   480   550   720
382101  1960   670   450   360   500   860   650   500   450   240   380
382101  1970   400   410   380   340   240   230   280 -9999
382102  1763  2450  3200  2730  3530  3380  3750  2850
382102  1770  1680  1100  1660  1390  1130  1360  1740  1570  1370  2000
382102  1780  1680  1420  1870  2740  1960  2020  1560  1840  1470  1720
382102  1790  1240  1350  1160   770  1020  1030   610   430   330   470
382102  1800   830   720   700   750   980   790   620   820   850   550
382102  1810   660   640   640   770   850  1010  1290  1730  1560  2590
382102  1820  1540  1730  2050  1610  1850  1810  1910  2420  2410  2040
382102  1830  1920  2320  1680  1420  1690  1210   820  1020   830  1040
382102  1840  1260   980  1210  1240  1180  1430  1670  1620  1480   960
382102  1850   840  1010   900   560   500   490   460   410   450   370
382102  1860   450   560   700   980   770   560   680   470   610   430
382102  1870   500   440   770   760  1260  1290  1230  1010  1220   770
382102  1880   900   720   890   620   570   480   360   440   300   530
382102  1890   420   520   240   290   360   280   540   470   440   580
382102  1900   500   580   580   500   460   670   370   460   490   610
382102  1910   580   840   790   730   800   560   400   390   360   410
382102  1920   350   370   390   440   460   580   740   500   320   410
382102  1930   490   510   630   450   520   670   500   670   540   720
382102  1940   750   710   610   780   940   650   700   420   440   420
382102  1950   500   370   510   470   650   830   690   610   690   950
382102  1960  1050   680   650   870  1090  1190  1310  1260   580   640
382102  1970   750   780   760   700   570   420   480 -9999
382111  1793  2200  2020  1410  1870  1240  1140  1450
382111  1800  1510  1630  1300  1080  1410  1270   930   920   940   890
382111  1810   840  1120  1860  2640  1700  1660   910   830  1220  2510
382111  1820  2070  1710  2390  1860  2300  2400  2220  2390  2500  2920
382111  1830  3580  3880  3260  2330  3080  3210  1840  1360  1000  1190
382111  1840  1240  1060  1280  1550  1550  1430  1750  1790  1860  1970
382111  1850  1400  1500  1270   960  1270  1250  1110  1210  1130  1240
382111  1860  1150  1230  2260  2960  2250  2140  1850  1920  2420  1960
382111  1870  1880  2170  1960  1730  1980  2640  2070  2030  2440  2080
382111  1880  3400  2610  2930  2350  2590  1700  1860  2270  2170  2430
382111  1890  2690  2290  1700  1790  1780  1260  1480  1720  2150  2000
382111  1900  1700  1400  1310  1760  2090  2210  1450  1520  1210  1070
382111  1910  1390  1670  1640  1600  1720  1240   990   590   640   780
382111  1920   620   750   750   770   750  1330  1800  1450  1690  2280
382111  1930  1920  1630  2130  2110  1690  1880  2030  1970  1610  2150
382111  1940  1480  1310  1190  1360  1340  1120   910   720   590   760
382111  1950   910   750   750   910  1110  1320   730   680   730  1070
382111  1960  1050   960  1180  1230  1530  1030   820   720   650   820
382111  1970   700  1050  1280  1340  1280  1460  1650 -9999
382112  1769  2500
382112  1770  1670  1010  1450  1360  1170  1280  1580  1690  1570  1980
382112  1780  1530  1460  1500  1600  1360  1380  1500  1700  1270  1570
382112  1790  1370  1470  1140  1050   920   870   710   460   440   450
382112  1800   690   730   380   450   860   950   780   820   790   600
382112  1810   620   870   860   910   830  1010   890   740   610   990
382112  1820  1240  1350  1120   900  1350  1250   950  1210  1360  1630
382112  1830  1890  2210  3110  2220  3410  2690  1740  1730  1270   890
382112  1840   840   960   990  1210   930  1030  1490  1710  1710  1430
382112  1850   970  1290  1270   880  1210  1180  1070  1290   840  1010
382112  1860   870  1230  1780  1900  1480  1390  1460  1180   940   670
382112  1870   770  1020  1360  1120   980  1120  1050   950  1570  1040
382112  1880  1780  1090  1230   680   640   650   710   880  1020   900
382112  1890   940   840   690   860   570   630   670   750  1020  1270
382112  1900  1560  1650  1580  2140  2500  1810  1620  1170  1000  1170
382112  1910  1300  1550  1240  1250  1340  1140  1000   530   490   620
382112  1920   380   630   760   920  1030  1100  1220   930   980  1110
382112  1930  1270  1300  1660  1270  1110  1550  1570  1760  1740  1430
382112  1940  1150  1140  1030  1190  1280  1040  1030   970   910   970
382112  1950   850   660   480  1040   800  1120   570   850   710   850
382112  1960   740   700   690   900  1210  1020  1000   750   370   680
382112  1970   880  1120  1090  1140   840   780  1070 -9999
382121  1784  1180  1290  1240  1440  1600  2110
382121  1790  2080  1810  1690  1470  1660  1280  1070   550   110   340
382121  1800   470   340   480   850   970  1020   860   690   530   730
382121  1810   620   550   500   390   430   530   900  1570  1710  2580
382121  1820  2210  1980  2110  1700  1780  1680  1500  1420  1460  1330
382121  1830   740   970   860   700   910   930   510   560   530   570
382121  1840   630   960   860  1830  1800  1560  2140  2310  2060  1820
382121  1850  1250  1090  1160  1100  1100  1060  1140  1140  1150  1150
382121  1860   910  1020  1000  1030   850  1100  1350   940  1230  1010
382121  1870  1210  1310  1370  1210  1370  1200   830   360   600   410
382121  1880   800   570   740   560   720   800   920  1350  1700  1470
382121  1890  1940  1840  1500  2620  2250  1480  1570  2100  1940  1440
382121  1900  2190  1880  1200  1150  1630  1480   950   950  1090  1010
382121  1910  1170  1210  1290  1340  1590  1150   900  1050  1560  1750
382121  1920  1500  1100  1080  1090  1100  1570  1550  1140   620  1070
382121  1930  1340  1310  2200  2420  2260  2290  2530  2380  1830  1790
382121  1940  1400  1280  1000  1220  1260  1090  1170   950   990  1470
382121  1950  1310   780   850   790   810   730   760   480   610   900
382121  1960   740   250   260   320   460   490   590   750   630   610
382121  1970   750  1410  1600  1280   950   840  1090 -9999
382122  1783  3510  1630  1630  1670  2500  2340  2590
382122  1790  2550  2560  2240  1800  2360  1920  1320  1070   730   770
382122  1800  1340  1750  2210  3190  3340  2470  1900  2080  1670  1790
382122  1810  1600  1850  2440  2450  2830  2660  2220  2450  1780  2310
382122  1820  2340  2230  2150  1560  1530  1540  1370  2040  2400  1880
382122  1830  1770  1990  1220  1020  1320  1260   800   830  1330  1670
382122  1840  1740  2220  2180  2460  1820  1500  2410  2330  2170  1700
382122  1850  1350  1110  1350  1370  1140  1140  1000  1120  1020  1060
382122  1860   900  1190  2350  3000  3250  2630  2000  1540  1840  1430
382122  1870  1270  1410  1630  1410  2090  2080  1130   710   880   650
382122  1880   670   470   630   460   610   570   520   560   490   590
382122  1890   640   620   500   940  1010   670   790  1450  1620  1090
382122  1900   930  1100   730   770  1200  1430  1090  1230   890   890
382122  1910  1150  1140  1960  1830  1520   880   810   710   850   710
382122  1920   720   850   930  1070  1070  1450  1290  1010   380   540
382122  1930   620   600   730   830   780   660   570   570   500   740
382122  1940   860   800   880  1150  1630  1460  1380  1400  1440  1390
382122  1950  1200   980  1180   830   780   540   610   410   530   770
382122  1960   670   260   300   440   610   520   490   590   330   310
382122  1970   430   520   400   410   410   410   320 -9999
