LGN06   1786   872   478   544   188
LGN06   1790   314   367   202   139   208   262   469   270   484   354
LGN06   1800   191   120   150   389   689   581   547   676   738   528
LGN06   1810   180   292   434   166   166   239   233   331   264   541
LGN06   1820   602   424   465   694   671   720   859   762   848  1110
LGN06   1830   485   827  1067   590   324   700   699   975   836   723
LGN06   1840   923   857   690   750   590   671   451   801   800   570
LGN06   1850   610   660   630   650  1042  1230  1300   960   930  1070
LGN06   1860  1400  1371  1841   990  1000  1511  1421  1180  1301  1263
LGN06   1870  1311  1522  1782   931  1124   494   732   661  1150   551
LGN06   1880   782   491   573   590   722   662   481   631   743   701
LGN06   1890   556   713   551   646   742   608  1013   994   965  1088
LGN06   1900   866   964   532  1030  1258  1232  1124   940   967   824
LGN06   1910  1343  1082  1067  1316  1794  2202  1669  2096  1603  1750
LGN06   1920  1309  1328   873   952  1346  1223  1238  1071  1262  1153
LGN06   1930  1341  1669  1465  1390  1347  1536  1206  1249  1038  1012
LGN06   1940  1118   740   867   760   764  1064  1006   686   768  1140
LGN06   1950   744   622  1028  1035   682   904   512  1016   952  1183
LGN06   1960  1034   816  1018  1794  1918  1119  1026  1175   897   877
LGN06   1970   964   944   944   641  1341   920   600   463   640   580
LGN06   1980   980   880   720   540   690   560   550   620   630   442
LGN06   1990   390   390   651   382   420   770   590  1030   750   570
LGN06   2000   530   600   831   551   643   420   501   521   480   581
LGN06   2010   381 -9999
LGN07   1864  1310  1025  1145  1288  1759   741
LGN07   1870  1199  1588  2182  1203  1110   792  1008  1265  1044   478
LGN07   1880   767   472   884   949   778   516   640   770   793  1412
LGN07   1890  1402   291   461   277   546   568  1114  2210  2998  2219
LGN07   1900  1319   832   828   823  1025   962   772   449   595     0
LGN07   1910   818   975  1118  1928  2746  2452  1890  1590  1169  1592
LGN07   1920  1038  1003   685   699  1272   890   910  1097  1031   975
LGN07   1930  1125  1178   931   858  1199  1618  1434  1585  1302  1392
LGN07   1940  1282   936   703   600   784  1036  1395   979   715   743
LGN07   1950   733   775  1190  1296  1222  1467   886   865  1126  1540
LGN07   1960  1173   834   968  1712  2308  2050  1438  1474   854   782
LGN07   1970   876   668   626   468   754   721   716   801   943  1082
LGN07   1980  1258  1337  1322   772   750   699   874   762   929   683
LGN07   1990   475   611   607   323   364   544   646   650   437   676
LGN07   2000   519   646   684   588   515   459   485   487   457   498
LGN07   2010   427 -9999
LGN08   1884  1131  1263  1098  1609  1598   236
LGN08   1890  1712   541   347   452   813   766  1440  1488  1295  1144
LGN08   1900  1674  2256  1719  2375  2703  2422  2618  2125  1771  1264
LGN08   1910  1392  1525  1628  1373  2326  3018  3356  3378  2639  3160
LGN08   1920  2624  2701  2218  2488  2509  1737  1740  2100  1440  1432
LGN08   1930  1223  1270   990  1240  1581  2431  2721  2194  2666  2103
LGN08   1940  2373  2332  2020  2290  1870  2322  2101  1990  2032  2751
LGN08   1950  2171  1942  2231  1930  1401  1960  1280  1081  1100  1320
LGN08   1960  1071  1060  1210  1411  1370  1300  1050  1050  1145  1180
LGN08   1970   891  1321   973  1121  1240  1603  1144  1433  1681  1825
LGN08   1980  1375  1616  1453  1594  1634  1602  1520  1540  1410  1351
LGN08   1990  1562  1783  1210  1292  1424  1595  1276  1664  1362  1165
LGN08   2000   941   802   944   602   651   944   952  1093   911   813
LGN08   2010   775 -9999
LGN09   1798   404   611
LGN09   1800   318   384   453   391   325   332   455   481   539   686
LGN09   1810   418   510   318   386   277   325   297   426   433   638
LGN09   1820   439   502   594   510   745   522  1109  1068   705   860
LGN09   1830  1070  1296   935   968  1238  1061  1361  1234  1283  1118
LGN09   1840   789   604   514  1006   969  1135   965   739   747   922
LGN09   1850   734   716   908   967   738   391   616   616   600   770
LGN09   1860   663   566   569   616   369   350   417   559   726  1801
LGN09   1870  1508  1857  2537  3387  3317  1768  1938  1307  1868   971
LGN09   1880  1230  1021  1261  1332  1334  1225  1216  1561  1441  2051
LGN09   1890  2224   930   690  1030  1040   621   890  1050  1040  1340
LGN09   1900  1270   851   831   821  1030  1141   900   903   420   220
LGN09   1910   331   382   521   923  2188  2695  2163  2372  2071  1672
LGN09   1920  1603  1668  1154   994   821  1031   881   940  1030   960
LGN09   1930  1002  1530  1260  1760  1891  2081  2221  1592  1572   991
LGN09   1940   980   754   491   512   540   881   842   863   851   470
LGN09   1950   331   130    60   132   160   150     0   150   371   532
LGN09   1960   700   570  1211  1791  1902  1100   821  1110   911   741
LGN09   1970   740   861   720   630   620   790   840   780   770   631
LGN09   1980   842  1024   747   722   632   700   605   986   983   802
LGN09   1990   496   775   880   634   875  1080  1108  1217   861  1233
LGN09   2000   980   532   829  1185   669  1038  1157   665   723   769
LGN09   2010   718 -9999
LGN10   1843  1159  1097  1224  1020   772   904  1012
LGN10   1850   782   959  1031  1126  1894  1376  1029   940   807   883
LGN10   1860   871  1076  1016   990  1050   813   786   856  1113  2241
LGN10   1870  1397  1856  1981  1808  2481  1713  1667  1277  1920  1232
LGN10   1880  1502  1167  1378  1462  1657  1213  1402  1471  1493  2128
LGN10   1890  1775   700   861  1055  1014   998  1475  1281  1496  1120
LGN10   1900  1218  1141  1167  1072  1656  1474  1427  1196  1146   985
LGN10   1910  1457  1224  1198  1908  2473  2360  2760  2191  2432  2330
LGN10   1920  1890  1920  1270  1492  1320  1080  1380   901   985   776
LGN10   1930   641  1088  1034  1148  1318  1656  1702  1715  1759  1527
LGN10   1940  1345  1160  1228  1363  1090  1324  1340  1332  1563  1928
LGN10   1950  1914  1416  1507  1689  1087  1316  1213  1543  1653  1310
LGN10   1960  1321   781   970  1390  1742  1312   892   991   910   630
LGN10   1970   760   761   681   521   630   790   540   580   660   550
LGN10   1980   610   580   410   500   620   560   560   640   881   701
LGN10   1990   650   610   802   720   571   733   525   911   541   440
LGN10   2000   512   393   331   371   440   487   626   724   675   706
LGN10   2010   620 -9999
LGN11   1795   674   493   409   394   260
LGN11   1800   376    67   219   260   318   416   546   425   483   436
LGN11   1810   430   667   963   462   409   457   422   604   569   838
LGN11   1820   804   511   671   629  1051   743   738   814   800   708
LGN11   1830   364   532   818   687   898   726   608   800   867   881
LGN11   1840   650   733   775   860  1067   847   765  1115  1170   492
LGN11   1850   463   874  1499  1723  1978  1465  1440  1518  1865  2685
LGN11   1860  1514  1475   444   182   161     0   190   275   347   328
LGN11   1870   324   383   686  1363  2131  1827  2808  2173  2290  1175
LGN11   1880  1642   940  1207  1251  1302  1750  1286  1543  1604  2284
LGN11   1890  2595  1324   751   547   973   830  1021  1640  1379  1218
LGN11   1900  1074   677   871   898   936   827   597   495   567   485
LGN11   1910   767   763   914  1252  1830  2192  1941  1666  1643  1518
LGN11   1920  1180  1301   840  1054  1032  1053   987  1097  1105   997
LGN11   1930   963  1620  1394  1545  1401  1741  1491  1383  1584  1518
LGN11   1940  1502  1634  1547  2060  1869  1571  1690  1370  1381  1362
LGN11   1950  1065  1095   837   936  1074  1189   943  1036   891  1053
LGN11   1960   963   430   612  1045  1902  1438  1193  1154   687   290
LGN11   1970   200   406   481   412   450   826   571   444   487   645
LGN11   1980   878  1322  1378  1047  1116  1148  1212  1324  1398  1326
LGN11   1990  1120  1414  1115   890   821   670   560   490   600   710
LGN11   2000   990   679   778   890   825   602   774   653   701  1055
LGN11   2010   665 -9999
LGN12   1814  1184  1287  1158  1471  2119  1688
LGN12   1820  1864  1568  1223  1322  1779  1548  1789  1834  1579  2286
LGN12   1830  2197  1382  1871  1623  1851  4045  4651  3467  3364  2317
LGN12   1840  3093  2268  2792  2860  2313  2489  2187  2350  2887  2336
LGN12   1850  2175  3212  3551  4348  5306  3311  3117  2750  1729  1769
LGN12   1860  1479  1718  2022  1675  1460  1485  1034  1103  2004  1733
LGN12   1870  1912  2830  4071  3544  3714  2891  2693  2334  2792  1813
LGN12   1880  1661  1360  1672  1907  2204  1765  1331  1372  1815  2421
LGN12   1890  3143  1675  1087  1421  1285   901  1433  1682  1866  1061
LGN12   1900  1241  1524  1374  1596  2186  2115  1812  1449  1436  1209
LGN12   1910  1365  1386  1045  1491  2044  1145   928  1046  1266  1386
LGN12   1920  1207  1402   950   914  1041  1113   916   718   812   906
LGN12   1930   806   684   662   412   306   418   340   369   320   449
LGN12   1940   422   324   408   630   630   689   555   608   561  1087
LGN12   1950   659   655   779   604   604   649   576   592   745   750
LGN12   1960   467   357   769  1089  1310   924   908   908   726   454
LGN12   1970   567   579   587   488   446   568   529   231   250   432
LGN12   1980   422   510   446   560   514   541   609   530   506   408
LGN12   1990   326   386   452   359   454   427   502   434   361   427
LGN12   2000   396   410   451   369   228   388   454   386   216   214
LGN12   2010   163 -9999
LGN13   1783    96    95    76    74    52    51    49
LGN13   1790    40    28    39    43    39    36    50    65    55    50
LGN13   1800    44    33    32    59    46    46    59    86    71    62
LGN13   1810    42    78    63    50    40    62    68    62    58    95
LGN13   1820    82    77    79    66    74    57    57    59    43    48
LGN13   1830    34    27    20    24    42    56    55    52    55    75
LGN13   1840   113   129   141   228   195   178   134   142   158   137
LGN13   1850   108   179   184   200   205   151   141   155   133    98
LGN13   1860   125   102   126   100    87    86    63    83   122    77
LGN13   1870    74   143   223   246   224   166   159   160   277   161
LGN13   1880   250   179   229   242   214   225   204   224   246   292
LGN13   1890   294   100   101   138   143   148   193   216   197   189
LGN13   1900   182   173   146   161   164   180   176   178   134   142
LGN13   1910   160   209   176   235   267   227   158   194   190   162
LGN13   1920   145   147   134   111   123   116   172   152   157   164
LGN13   1930   168   204   179   146   156   175   156   168   212   198
LGN13   1940   203   168   129   136    98   118   110   143   133   142
LGN13   1950   114   110   109   120   124   120   133   161   176   176
LGN13   1960   170   171   230   209   208   193   204   228   198   177
LGN13   1970   190   194   220   150   176   197   115   161   215   181
LGN13   1980   151   141   139   133   147   144   160   142   105   109
LGN13   1990   104    87   111    79    81    80    91   130   111   140
LGN13   2000   140   134   132   104    81    99   121   122    96    96
LGN13   2010    83   999
LGN14   1857   205   213   187
LGN14   1860   250   250   227   125   160   201   194   253   270   153
LGN14   1870   158   165   151   195   192   167   138   237   235   190
LGN14   1880   245   153   179   233   243   171   223   210   204   324
LGN14   1890   413   166   188   237   264   290   282   369   365   362
LGN14   1900   279   295   229   213   207   201   242   251   226   213
LGN14   1910   268   267   224   218   252   281   288   274   263   291
LGN14   1920   236   308   185   172   181   211   259   186   224   225
LGN14   1930   262   252   217   328   250   219   198   226   244   263
LGN14   1940   289   262   208   198   224   282   201   188   205   172
LGN14   1950   162   139   157   214   173   205   147   158   225   208
LGN14   1960   194   184   226   238   283   191   194   185   153   161
LGN14   1970   131   132   129   114   146   148   138   112   136   142
LGN14   1980   157   167   155   105   123   139   124   146   112   108
LGN14   1990    85    83    67    52    49    57    56    61    58    52
LGN14   2000    52    49    49    47    56    32    23    45    42    48
LGN14   2010    43   999
LGN15   1822   135   147   172   135   148   125   173   151
LGN15   1830   126   120    87   121    73   140   206   202   209   169
LGN15   1840   139   116   145   207   154   112    85    93   104    99
LGN15   1850   110   125   113   137   147   161   224   144   138   137
LGN15   1860   170   162   177   130   149   150   123   168   245   195
LGN15   1870    86   110   179   155   208   179   196   176   168   162
LGN15   1880   175   134   131   187   170   189   119   165   153   189
LGN15   1890   211    95    77    55   104   122   175   227   244   186
LGN15   1900   211   142    87    74   119   111    96    86    66    91
LGN15   1910   113   136   131   175   196   260   245   206   182   171
LGN15   1920   149   170   111   117    95    90    69    62    47    61
LGN15   1930    76   129   150   115   153   159   155   132   173   177
LGN15   1940   148   189   118    96    97   101   147   193   172   231
LGN15   1950   134   112   122   169   143   170   141   134   163   159
LGN15   1960   136   122   159   193   266   199   160   167   119    92
LGN15   1970   115   123   125    74    89   128    97    91   112   145
LGN15   1980   167   210   167   162   130   100   110    50    14    13
LGN15   1990    12    21    14    16    15    29    23    32    41    42
LGN15   2000    72    57    49    50    70    73    64    77    60    74
LGN15   2010    46   999
LGN01   1791   870   592   516   259   225   381   385   453   402
LGN01   1800   288   246   157   157   344   742   799   839  1089  1359
LGN01   1810   665   728   679   453   304   388   405   442   530   953
LGN01   1820  1276   794   824  1020   990   777  1074  1061   952   649
LGN01   1830   407   376   475   502   841  1351   732   519   407   206
LGN01   1840   212   349   592  1755  1319  1193   661   816  1290  1119
LGN01   1850  1242  1051  1664  1289   675   720   936  1000   846   546
LGN01   1860   349   332   257   222   416   396   487   757   745   439
LGN01   1870   388   400   404   546   769   900  1185  1624  1407  1115
LGN01   1880  1735  1197  1312   954   891   861   650   831   893  1130
LGN01   1890  1102   841   570   652   721   933  1041   963  1007   996
LGN01   1900  1062  1069   928   998   893   649   630   526   467   385
LGN01   1910   618  1036   833   809  1340  1511  1071  1423  1340  1087
LGN01   1920  1252  1071   792   741   788   713   684   613   594   531
LGN01   1930   681  1080   950  1035  1206  1577  1499  1887  1789  1414
LGN01   1940  1674  1308  1107  1334  1324  1354  1266  1168   996  1346
LGN01   1950   927   825  1002  1038  1067  1242   851   820   997  1047
LGN01   1960   783   672  1021  1002  1215   930   801   866   699   661
LGN01   1970   579   525   500   595   699   839   696   633   829   901
LGN01   1980   825  1151  1085  1002   829   725   870  1025  1053   841
LGN01   1990   712   665   765   693   791   782   560   731   598   653
LGN01   2000   602   508   503   568   456   449   526   475   643   543
LGN01   2010   604 -9999
LGN02   1782  1110  2290  2600  2330  1850  1030  1180   820
LGN02   1790  1300   700   730   830   930  1590  1050  1010  1170   790
LGN02   1800   700   120   140   320   270   510   470   470   460   560
LGN02   1810   420   390   320   220   290   370   430   380   560   950
LGN02   1820   850   490   740   910  1760  1650  1490  1270  1330  1310
LGN02   1830   780   780   650   480   600   990   910   880   930   640
LGN02   1840   640   520   470   960   750   650   690   790   570   370
LGN02   1850   500  1220  1360  1720  3350  2690  2260  2160  1410  1160
LGN02   1860  1190   720   890   870   770   570   650   530   720   830
LGN02   1870   720  1050  1100  1310  1020  1140  1450  1340  1320   880
LGN02   1880  1030   570   870  1190   880   670   390   440   530  1280
LGN02   1890   930   780   350   190   400   400   640   850   500   450
LGN02   1900   500   360   460   670  1050   710   620   660   460   490
LGN02   1910   660  1010   850  1390  1920  2060  2580  2550  2440  2290
LGN02   1920  1380  1640  1040  1080  1220  1010   810   820   800  1060
LGN02   1930   860  1440  1240   820  1210  2050  2590  1450  1910  1200
LGN02   1940  1090   950   780   990  1110  1060   790   810  1450 -9999
LGN03   1843  1341  1391   921   666  1440  1063   694
LGN03   1850   828  1006  2005  2375  2074  2029  1745  1413  1679  1397
LGN03   1860  1573  1082  1607   975   787   836  1199  1401  1922  1976
LGN03   1870  1255   943  1067   794   820   579   871   899   915   862
LGN03   1880  1234   725   839   808   739   484   569   674   484   650
LGN03   1890   914   190   212   301   294   472   506   671   373   557
LGN03   1900   684   803   730   774   582   554   496   313   267   226
LGN03   1910   568   716   488   538  1043  1236  1305  1534  1252  1111
LGN03   1920  1124   965   712   977   730   851  1055   865   796   944
LGN03   1930   987   967   867   867   908  1493  1215  1077  1226  1057
LGN03   1940  1048   960   865  1566  1700  1659  1454  1404  1079  1565
LGN03   1950  1398  1603   914   775   891  1412  1218  1213  1592  1493
LGN03   1960  1481   866  1417  1711  1960  1599  1604  1723  1463  1362
LGN03   1970  1332  1616  1825  1274  1540  1626  1542  1325  1482  1810
LGN03   1980  1564  1789  1345  1126  1410  1652  1487  1902  1547  1271
LGN03   1990  1323  1199  1320  1506  1334  1386   946  1174  1246  1581
LGN03   2000  1534  1392  1227  1724  1138  1014  1138  1177  1152  1179
LGN03   2010   956 -9999
LGN04   1765   920  1099   422   664   520
LGN04   1770   186   206   270   816   598   230   447   361   369   291
LGN04   1780   347   482  1126   835   978   545   522   368   462   386
LGN04   1790   144   233   264   273   385   550   550   774   416   448
LGN04   1800   139   225   373   462   675   516   582   566   858   687
LGN04   1810   531   563   745   471   424   388   529   701   602   630
LGN04   1820   638   645   512   451   611   640   767  1010   879   653
LGN04   1830   320   304   543   628   792  1153   556   692   745   651
LGN04   1840   571   464   505  1116  1024   630   469   779   832   743
LGN04   1850   849   830  1554  1787  2376  1889  2050  1792  1317   926
LGN04   1860   970   873  1381  1287   689   525   556   598   829   635
LGN04   1870   464   454   434   304   180   170   170   290   201   120
LGN04   1880   262   132   191   320   410   461   661   683   760   982
LGN04   1890  1094   403   465   552   549   829  1095  1304   936   679
LGN04   1900   659   703   856   917  1047  1446  1290  1084   902   948
LGN04   1910  1259  1193  1217  1310  2249  1940  2280  2620  1810  1150
LGN04   1920   971   970   950   680   860   914   941   921   961   775
LGN04   1930   762  1144  1275  1032  1143  1666  1515  1043   930   950
LGN04   1940  1500  1525  1120   987   824  1023  1385  1175   888  1250
LGN04   1950  1069   965  1112  1003   857   924   673   567   903   940
LGN04   1960  1049   515   895  1439  1776  1002   815   791   822   742
LGN04   1970   651   621   481   361   540   690   430   620  1131  1452
LGN04   1980  1271  1252  1294  1221  1201  1052   921  1110   920   761
LGN04   1990   690   790   661   490   590   850   661   881   810   810
LGN04   2000   740   630   580   670   570   492   580   601   670   361
LGN04   2010   430 -9999
LGN05   1748  1679   914
LGN05   1750   847   810   870   875  1490  1323   572   659   704   542
LGN05   1760   208   170   305   434   416   587   475   997   904   716
LGN05   1770   537   416   439   409   146    82   253   386   250   171
LGN05   1780   155   171   367   351   672   493   260   204   241    80
LGN05   1790   260   253   181    91   161   362   222   281   420   510
LGN05   1800   204   132   151   281   547   520   421   430   500   360
LGN05   1810   400   281   230   420   520   570   730   540   620   660
LGN05   1820   801   920   930   771   760  1227  1136  1363  1012  1101
LGN05   1830   791     0   721   680   960   990  1030   891   880   610
LGN05   1840   570     0   730  1050  1230  1160   750  1050  1010  1000
LGN05   1850   931  1441  1841  1971  2440  1870  1900  1902  1683  1463
LGN05   1860  1343  1604  1990  1593  1116   975   944   814  1465   880
LGN05   1870   840  1192  1511  1338   845   587   840   745   775   363
LGN05   1880   740   515   663   703   792   764   681   732   593   808
LGN05   1890  1281   959   606   614   420   469   620   559   571   628
LGN05   1900   605   531   347   392   465   530   477   582   306   313
LGN05   1910   530   564   716   494  1623  1424  1433  1462  1143  1003
LGN05   1920  1124   927   663   624   772   712   722   781   801   790
LGN05   1930   610   770   670   960  1180  1430  1290  1000   940   970
LGN05   1940   970   881   740   810   960  1280  1410  1240  1241  1420
LGN05   1950   851  1040  1140  1441  1493  1412   933   964  1042   941
LGN05   1960  1091   570   874  1295  1988  1249  1074  1055   772   982
LGN05   1970   861   943   864   772  1164  1263  1221  1103  1192  1404
LGN05   1980  1350  1241  1090   861  1040   861  1000   990   880   730
LGN05   1990   700   760   933   880   920   891   751   850   721   861
LGN05   2000   850   670   650   790   590   591   711   641   710   601
LGN05   2010   510 -9999
GAM20A  1764   891  1301   953   630   762   695
GAM20A  1770   578   582   564   728   636   954   882   840  1188  1412
GAM20A  1780  1167   757   992   990   562   762  5385   772   594   624
GAM20A  1790   729   630   792   610   623  1314  1111   548   241   467
GAM20A  1800   851  1153  1054   664   832   830   960   965   506   582
GAM20A  1810   413   484   546     0   517   462   391   345   444   485
GAM20A  1820   491   472   527   467   336   397   732   645   480   740
GAM20A  1830   616   422   586   606   381   407   394   571   475   617
GAM20A  1840   470   515   443   539   712   444   206   408   594   915
GAM20A  1850  1310  2037  2340  1884  1436  1772  2315  1731  1514  1947
GAM20A  1860  1911  2014  1454  1563   896  1321  1420  1772  1997  1176
GAM20A  1870  1531  1419  2155  2268  1739  1787  1455  1135  1289  1154
GAM20A  1880   859  1140  1191   951   767  1032  1187  1327  3097  1085
GAM20A  1890  1208   580   930   881  1170  1292  1175  1219  1825  1750
GAM20A  1900  1814  1055   960   933   842   847   671   711   498   662
GAM20A  1910   740   400   500   640   870   906   971  1190   991   802
GAM20A  1920   972   974   777   868   949   931   742   704   975   912
GAM20A  1930   956  1029  1089  1089  1741  1351  1540  1274  1128  1585
GAM20A  1940  1546  1132  1176  1473  1825  2161  1140   769  1564  2341
GAM20A  1950  1441  1686  1774  1712  1335  1453  1162  1099   955  1102
GAM20A  1960   690   418   456   732   674   789   973   842   816  1057
GAM20A  1970   995   799   668   675   741  1087  1032  1206  1475  1594
GAM20A  1980  1380  1436  1830  1425   895   903  1860  1942  2352  1777
GAM20A  1990  1547  1222  3431  1315  1365  1328  1340  1980  1712  1528
GAM20A  2000  1677  1744  1919  2322  2029  2120  2560  1975  1751  2643
GAM20A  2010  1382 -9999
GAM21A  1774   640   447   662   569   357   443
GAM21A  1780   282   330   266   446   626   311   420   304   304   205
GAM21A  1790   136   180   177   227   439   166   404   488   482   692
GAM21A  1800   508   333   184   219   475   604   569   782   777   631
GAM21A  1810   655   706   631   618   708  1123   900  1056  1057  1176
GAM21A  1820  1534  1346  1139  1190  1448   930  1180  1082  1259  1168
GAM21A  1830  1351  1094   592   794  1053   660   924   902   865   789
GAM21A  1840   912   873   623   889   705   747   367   555   451   326
GAM21A  1850   306   416   464   874   788   491   563   416   301   240
GAM21A  1860   230   261   311   271   240   342   390   321   553   496
GAM21A  1870   360   420   748   740   561   735   764   951   939   364
GAM21A  1880   556   463   878   871   471   500   495   488   842  1095
GAM21A  1890  1944   933   492   371   380   533   550   820   682   730
GAM21A  1900   991  1090  1381  1610  1502  1170  1380  1351  1520  1121
GAM21A  1910  1510  1060   980  1751  2036  2054  2876  2458  2744  2467
GAM21A  1920  1600  1861  1660  1700  1880  1890  2424  1771  1212  1387
GAM21A  1930  1333  2172  2019  2198  2332  2662  2276  1702  2065  1695
GAM21A  1940  1146  1815  1790  1432  1590  2457  1688  1624  1402  1613
GAM21A  1950  1197  1335  1050  1115   742   701   782   822  1532  1260
GAM21A  1960   893   580   641  1241  1251   941   840   832   860   722
GAM21A  1970   811   741   821   811  1172  1181   991  1371  1670  1723
GAM21A  1980  1482  1722  2042  1477  1396  1087  1435  1527  1216   753
GAM21A  1990  1032  1493  1120   891  1075  1151  1511  1270  1182  1057
GAM21A  2000  1054  1050   942  1009   573   679   771   720   852   987
GAM21A  2010   920 -9999
GAM101B 1878  1625  1261
GAM101B 1880  1227  1060   581   815   624   716   856   856  1224  1987
GAM101B 1890  2189   750   262   298   544   577   888  1204  1142  1223
GAM101B 1900  1294  1015   962  1047  1506  1594  2187  1852  1047  1408
GAM101B 1910  1556  1570  1392   502  1102  1653  2587  2495  2502  2474
GAM101B 1920  2220  2025  2006  1833  1702  1356  1550  1710  1181  1390
GAM101B 1930  1357  1958  1591  1637  2004  2032  1969  1751  2195  2182
GAM101B 1940  1793  1604  1708  1485  1794  1974  1904  1960  1107  1329
GAM101B 1950  1386  1351  2001  2270  1451  1766  1315  1273  1075  1245
GAM101B 1960  1105   738   930  1172  1227   784   816   928   953  1213
GAM101B 1970  1423  1201  1359  1120  1343  1834  1643  1682  1909  1400
GAM101B 1980  1178  1327  1473  1248  1355  1147  1028   912   979   917
GAM101B 1990   898   861   801   722   599   726   875   730   522   473
GAM101B 2000   439   475   487   571   451   604   607   512   349   326
GAM101B 2010   345 -9999
GAM101C 1883  1977  1898  1684  2009  1756  2107  2843
GAM101C 1890  2147  1225   860  1470  1888  1337  1202  1950  2335  1815
GAM101C 1900  2198  2786  2438  2378  2694  2999  3131  2223  1840  1474
GAM101C 1910  1394  1229  1539  1121  2838  3653  3655  3681  3278  2878
GAM101C 1920  2835  3406  2700  2740  2940  2596  2375  2924  2228  2110
GAM101C 1930  1443  1717  1385  2218  2289  2404  3303  2507  2089  2651
GAM101C 1940  2159  1793  1498  2026  1736  2231  2036  2441  1689  2644
GAM101C 1950  2358  1891  2019  3365  2206  5282  3611  2777  2914  1940
GAM101C 1960  1442   842  1169  1404   968  1184  1469  1646  1242  1782
GAM101C 1970  1533  1096  1054  1247  1037  1254  1977  1521  1725  1347
GAM101C 1980  1025  1189  1342   973  1541  1183  1146  1203  1284  1736
GAM101C 1990  1583  1275  1215   762   770  1503  1391  1196   752   705
GAM101C 2000   691   491   791   652   685   747   787   580   397   305
GAM101C 2010   430 -9999
GAM102B 1696   843   911   778   806
GAM102B 1700   610   864   553   672   853  1229  1127   775  1002   958
GAM102B 1710   468   478   443   444   320   345   462   364   448   260
GAM102B 1720   336   926   848   466   587   576   597   391   671   416
GAM102B 1730   102   337   163   130   313   589   842  1435  1377  1384
GAM102B 1740  1182   821  1860  1542   900   170   160   412   940  1428
GAM102B 1750   810   600   513   233   412   257   352   296   347   218
GAM102B 1760   326   286   398   622   924   799   635   658   577   547
GAM102B 1770   256   291   170   199   289   411  1186   820   643   651
GAM102B 1780   485   861   582   784   620   866   614   569   787  1382
GAM102B 1790  1018   987  1093   864  1330   721  2050   980   452   762
GAM102B 1800   394   484   412   488   340   524   644   528   715   488
GAM102B 1810   666   591   385   494   279   336   221   361   463   631
GAM102B 1820   456   407   641   505   824   810  1043  1319   845  1016
GAM102B 1830  1305  1699  1559  1140  1263  1157  1063  1282  1272  1006
GAM102B 1840   555   443   364   474   541   675   698   648   608   489
GAM102B 1850   501   583   772  1210   700   696   559   923  1164  1105
GAM102B 1860   886  1194  1573  1281   759   440   364   389   733  1485
GAM102B 1870  1485  1597  2837  4159  3951  2041  1509  1671  2240   997
GAM102B 1880  1482  2054  2646  3011  2332  2464  1963  2062  1625  2639
GAM102B 1890  2869  1008   604   494   548   427   383   506   582   784
GAM102B 1900   918   990   996   877  1120  1332  1158  1192  1243   902
GAM102B 1910  1143  1094   874  1490  2156  3102  2753  1873  2027  1724
GAM102B 1920  1620  1637  1227  1179  1048  1024   835   956   715   712
GAM102B 1930   674   860   602  1006  1415  2561  2547  2430  2499  1741
GAM102B 1940  2118  1540  1447  1116   891  1310  1297  1235  1082  1242
GAM102B 1950   936   830   393   347   306   405   388   347   337   337
GAM102B 1960   379   284   335   553   834   820   636  1020  1060   971
GAM102B 1970   845   804   893   734  1260  1002   618   793   793   801
GAM102B 1980   693   835   626   535   359   463   474   691   605   665
GAM102B 1990   409   544   522   582   617   687   764  1028   652   832
GAM102B 2000   927   734   940  1052   982   984  1027  1036   901   796
GAM102B 2010   738 -9999
GAM102C 1759   210
GAM102C 1760   153   272   345   550   391   530   453   666   707   775
GAM102C 1770   997   421   378   206   164   175   172   186   198   227
GAM102C 1780   394   644   944   844   729   532   724   513   744  1096
GAM102C 1790   679   496   601   587   684   480   874   341   344   326
GAM102C 1800   364   460   597   640   425   461   376   358   430   362
GAM102C 1810   479   537   533   434   448  1097  1105  1159  1092  1125
GAM102C 1820  1208   988   592   322   439   430   432   558   487   560
GAM102C 1830   395   289   494   234   352   379   294   396   436   488
GAM102C 1840   403   323   484   738   832   843   751   750   885   692
GAM102C 1850   541   968   891   883  1097   566   626   503   639   575
GAM102C 1860   667   645   684   577   369   280   273   272   471   677
GAM102C 1870   720   949  1238  2075  2390  1322  1419  1395  1584   918
GAM102C 1880  1040  1085  1838  2167  1903  1305  1450  1579  1343  2025
GAM102C 1890  1929   835   406   634   722   370   590   864   612   722
GAM102C 1900   786   574   784   659   533   741   742   840   645   651
GAM102C 1910   963  1191   841   906  1783  2062  2353  2481  2552  1950
GAM102C 1920  2001  1231   964   793  1001   864   852   750   781   493
GAM102C 1930   560   620   480   681   871   742   482   602   561   551
GAM102C 1940   490   372   250   431   460   533   615   433   526   651
GAM102C 1950   547   380   261   253   281   281   313   341   341   351
GAM102C 1960   382   361   511   802  1277   861   641   902   774   781
GAM102C 1970  1051  1650   832   791   829  1028   939   904  1005  1058
GAM102C 1980   650   741   691   722   774   970   815   975   822   710
GAM102C 1990   591   712   812   663   561   592   520   691   560   545
GAM102C 2000   532   413   518   541   408   649   640   653   363   377
GAM102C 2010   359 -9999
GAM103B 1829  1212
GAM103B 1830  1549  1587  1301  1308  1135  1173  1648  1668  1450  1981
GAM103B 1840  2055  1966  1790  2046  1664  2134  1526  1437  1583  1544
GAM103B 1850   979  1217  1188  1182  1953  1441  1239  1098  1335  1154
GAM103B 1860  1020  1245  1388  1224  1060   919   942  1056  1346  2178
GAM103B 1870  1655  1754  2362  2236  2196  1923  1588  1614  1939  1115
GAM103B 1880  1409  1239  1473  1930  1445  1356  1268  1319  1436  2146
GAM103B 1890  1421   598   638  1046   799   788  1454  1139  1456  1248
GAM103B 1900   939  1228  1255  1474  1718  1601  1700  1496  1328  1186
GAM103B 1910  1370  1356  1217  1963  1942  2190  2256  2303  2223  2608
GAM103B 1920  2032  1743  1253  1412  1320  1312  1508  1119   880   893
GAM103B 1930   766   832   928  1016  1209  1635  1526  1243  1567  1581
GAM103B 1940  1304  1227  1012  1335  1167  1313  1234  1202  1473  2078
GAM103B 1950  1749  1452  1676  1172  1417  1487  1551  2030  1722  1589
GAM103B 1960  1436  1065  1230  1515  2228  1345   775  1131   823   635
GAM103B 1970   977   935   852   755   840  1071   651   690   713   741
GAM103B 1980   750   780   680   530   560   430   600   800   714   560
GAM103B 1990   560   770   961   611   621   622   472   730   551   590
GAM103B 2000   800   520   540   520   490   571   720   961   791   572
GAM103B 2010   691 -9999
GAM103C 1837  3098  2611  2301
GAM103C 1840  2965  2088  1997  2442  2322  1816  1829  1545  1494  1393
GAM103C 1850   888  1273  1884  2555  2178  2808  2442  1749  2328  2555
GAM103C 1860  2462  2461  2084  1652  1499  1845  2349  2435  2539  1602
GAM103C 1870  1641  1376  1529  1914  1891  1550  1701  2295  2216  2002
GAM103C 1880  2987  1755  1686  2185  2236  2094  2229  2104  2245  3570
GAM103C 1890  4099  1921  2089  2393  2471  2636  2987  4771  3609  3641
GAM103C 1900  3648  3336  2120  2062  2695  2613  2418  2168  1819  1759
GAM103C 1910  1858  2195  2059  2316  2978  2828  2848  2814  3160  2666
GAM103C 1920  2282  1929  1148  1176  1664  1842  2268  1841  1624  1392
GAM103C 1930  1919  2016  1968  2278  1724  1878  1670  1543  1553  1546
GAM103C 1940  1879  1664  1246  1191   996  1887  1437  1152  1043  1181
GAM103C 1950  1044   816  1304  1395  1114   928   863   832  1098  1094
GAM103C 1960   646   632   908  1110  1550  1151  1143  1132   727   981
GAM103C 1970   898   776   877   708  1258  1117  1107  1039  1106  1177
GAM103C 1980  1248  1513  1372  1006   888  1135   998  1101  1116   660
GAM103C 1990   898   886  1003   890   782   896   860   902   541   705
GAM103C 2000   757   654   897   849   632   367   542   552   470   578
GAM103C 2010   573 -9999
GAM104B 1748   439   539
GAM104B 1750   347   459   427   354   234   191   172   284   383   262
GAM104B 1760   341   383   226   362   514   530   522   441   336   369
GAM104B 1770   292   297   250   440   577   474   448   748   708   639
GAM104B 1780   797   882  1031   771   734   731   390   253   348   295
GAM104B 1790   320   386   446   578   582   402   514   493   443   225
GAM104B 1800   209   202   301   361   471   371   576   727   610   517
GAM104B 1810   313   661   422   268   219   175   292   331   573   700
GAM104B 1820   515   568   535   544   638   712   541   902   573   536
GAM104B 1830   403   404   279   502   638  1371  1063   984   796  1054
GAM104B 1840   924   867  1042  1252  1993  1446  1271   911  1309  1094
GAM104B 1850  1371  1789  2370  1805  1925  1760  1320  1272  1272  1211
GAM104B 1860  1550  1330  1231  1072  1112   773   566   625   726   674
GAM104B 1870   742  1309  2323  3140  2806  1856  1747  1850  2144  1515
GAM104B 1880  1870  1372  1370  1801  2201  1671  1284  1275  1577  2202
GAM104B 1890  2896  1024   901  1080   993  1411  1603  1625  1517  1163
GAM104B 1900  1187  1100   936   836  1017   987   966   772   893   652
GAM104B 1910  1105  1305  1368  1955  1958  1797  1922  1916  2184  1670
GAM104B 1920  1340  1559  1103  1150  1201  1111  1140   790   760   870
GAM104B 1930   970  1081  1191   920   920  1101  1230  1281  1030  1140
GAM104B 1940   990   723  1050  1170  1131  1150  1210  1301  1192  1247
GAM104B 1950  1172  1152  1182  1307  1237  1170  1334  1489  1679  1366
GAM104B 1960  1866  2004  1822  1732  1610  1527  1329  2000  1417  1123
GAM104B 1970  1537  2087  1907  1444  1288  1538  1125  1014  1519  1609
GAM104B 1980  1642  1383  2100  1414  1618  1426  1577  1698  1552  1271
GAM104B 1990  1055  1224  1247   961  1006   952   920  1170   910  1193
GAM104B 2000  1313   940   909   785   437   479   475 -9999
GAM104C 1830   605   360   418   455   655   819   675   738   564   761
GAM104C 1840  1056  1145  1608  2328  2193  1612  1191  1682  1592   907
GAM104C 1850  1140  1539  1538  1346  1808  1703  1413  1572  1177  1487
GAM104C 1860  1364  1141  1481  1484  1355  1387   823   841   863   712
GAM104C 1870   829  1489  2081  3166  2663  2179  1866  1676  2382  1465
GAM104C 1880  2631  1932  1950  2281  2344  1599  1836  2095  1706  3043
GAM104C 1890  3150  1379  1036  1394  1505  1775  1940  1776  1458  1351
GAM104C 1900  1238  1606  1189  1237  1565  1857  1624  1805  1745  1114
GAM104C 1910  1308  1564  1150  1871  2110  2106  1320  1514  1372  1503
GAM104C 1920  1513  1541  1352  1076  1103   991  1177  1100  1023  1048
GAM104C 1930  1173  1183  1352  1364  1152  1617  1501  1563  1574  1373
GAM104C 1940  1290  1096   935  1108   974  1166   933  1034   913  1055
GAM104C 1950   963   801   973   912   853  1153  1082  1378  1412  1325
GAM104C 1960  1507  1214  1487  1218  1412  1336  1297  1444  1276  1128
GAM104C 1970  1006  1310  1307   924  1010  1177   757   914  1184  1022
GAM104C 1980  1104  1043  1378  1336  1361  1317  1058  1084  1053  1012
GAM104C 1990  1094  1135  1066  1027  1044  1123  1128  1166   854  1056
GAM104C 2000  1057   908   801   983   788   982   973   882   844   993
GAM104C 2010   699 -9999
GAM105B 1778  1632  1624
GAM105B 1780  1409   829  1002  1915  1722  1402  1471  1161  1315  1159
GAM105B 1790  1202   868   886  1183   908  1219  1089  1456  1361   814
GAM105B 1800   564   215   327   379   386   447   383   319   322   269
GAM105B 1810   264   361   344   297   459   727   640   633   595   617
GAM105B 1820   528   361   576   490   805   810   956  1278   952   842
GAM105B 1830   640   587   479   361   355   559   481   590   706   316
GAM105B 1840   412   468   592   990   592   430   523   618   417   394
GAM105B 1850   552  1485  2422  2906  3894  2436  2086  1509  1106  1239
GAM105B 1860  1071   800  1300   861   791   730   573   682   730  1212
GAM105B 1870   889   728  1268   854   532   651   804  1165  1058   819
GAM105B 1880   718   370   462   625   666   774   700   751   725  1194
GAM105B 1890  1035   915   459   364   483   691   694   702   507   561
GAM105B 1900   611   479   448   532   546   515   455   465   285   484
GAM105B 1910   471   845   757   835  1329  1588  1634  1624  1499  1361
GAM105B 1920  1378  1397   965   829   745   832   773   769   495   767
GAM105B 1930   781  1362  1884  1981  1831  2084  1473  1163   763   961
GAM105B 1940  1332  1115   525   761   784   902   919   898  1061  1723
GAM105B 1950  1263  1357  1826  1411  1080  1280  1230  1071  1516  1500
GAM105B 1960   900   670  1094  1502  1110  1000  1110  1090   770  1012
GAM105B 1970  1031   849   816   665   884   851   891   933  1054   971
GAM105B 1980  1035  1327  1323  1065  1527  1362  1521  1560  1553  1400
GAM105B 1990  1261   961   650   900   900   870   820   980   901   642
GAM105B 2000   622   551   722   582   291   555   571   642   571   694
GAM105B 2010   421 -9999
GAM105C 1803   275   275   286   385   396   458   624
GAM105C 1810  1011   908   814   953   508  1147  1254  1598  1917  2432
GAM105C 1820  1626  1122  1860  1878  2686  1829  1650  2084  2031  1677
GAM105C 1830  1275  1363   918   845  1239  1502  1145  1086  1351   989
GAM105C 1840  1504  1060   908  1800  1090  1382  1432  1278   863   819
GAM105C 1850   690  1440  2307  3039  4407  4481  2976  2545  2479  1509
GAM105C 1860  1592   971  1907  1114  1220   863   551   511   512  1304
GAM105C 1870  1115  1005  1521  1731  1576  1575  1268   888  1533  1285
GAM105C 1880  1644   996   847  1147  1192  1016   834   832   785  1087
GAM105C 1890   951  1069   782   433   410   477   430   539   430   443
GAM105C 1900   663   548   592   691  1038   898   774   845   631   734
GAM105C 1910  1304  1322  1084  1801  2364  2032  2541  3021  1893  2251
GAM105C 1920  2580  2040  1980  1310  1140  1521  1372   900  1173  1194
GAM105C 1930  1126  1568  1496  1195  1678  2009  1860  1780  1105  1630
GAM105C 1940  2276  1620  1370  1790  1630  1592  1344  1231  1801  2134
GAM105C 1950  1731  1570  1833  2382  2062  2074  1665  1890  2182  2144
GAM105C 1960  1492   901  1636  2825  3626  2009  2493  2599  1782  2109
GAM105C 1970  2409  1850  1670  1110  2011  1871  1260  1760  2160  2854
GAM105C 1980  2171  1944  1405  1151  1087  1126  1336  1702  1531  1548
GAM105C 1990  1274  1557  1525  1310  1183   982  1110  1240  1241  1300
GAM105C 2000  1272  1111  1140  1160  1110  1110  1270  1301  1082  1116
GAM105C 2010   757 -9999
GAM106B 1870  1703  1683  1829  1565  1613  1100  1608  2110  2269  1919
GAM106B 1880  2338  2337  1600  2296  2171  1751  1725  2101  2259  2560
GAM106B 1890  3149  1887  1833  2352  2304  2094  2497  3392  2579  2717
GAM106B 1900  2672  2848  1718  2063  2242  2553  2362  1818  1789  1702
GAM106B 1910  1641  1980  1476  1884  2321  2497  2630  3042  2417  2169
GAM106B 1920  1946  2259  1521  1428  1655  1584  1522  1305  1650  1730
GAM106B 1930  1891  2003  2051  2381  1936  1812  1787  1522  1885  2160
GAM106B 1940  2080  1821  1511  1625  1586  2097  1798  1557  1627  1791
GAM106B 1950  1377  1008   985  1332  1317  1396   936  1075  1451  1587
GAM106B 1960  1272   963  1363  1177  1625  1381  1133  1174   839   873
GAM106B 1970  1014   803   813   806  1203  1204  1466  1162  1365  1128
GAM106B 1980  1177  1322  1394   830   820   926   903  1225   858   820
GAM106B 1990   669   773   804   806  1014  1038   828   716   576   722
GAM106B 2000   752   720   680   650   350   301   440   322   360   386
GAM106B 2010   675 -9999
GAM107B 1779   703
GAM107B 1780   684   813  1204  1247   718  1373   940   870  1151  1440
GAM107B 1790  1118  1185   793   674   839   655   630   864   633   478
GAM107B 1800   171   232   293   349   595   583   604   906   837   545
GAM107B 1810   563   591   439   442   352   720   673   880   906   873
GAM107B 1820   810   852   979   720   841   591   523   613   430   814
GAM107B 1830   730   703   455   480   645  1593  1954  2310  2002  2130
GAM107B 1840  1590  1100  1091  1020   930   860   940  1361  1440   930
GAM107B 1850   910  1304  1273  1911  3265  2894  2463  2212  1578  1130
GAM107B 1860  1434  1400  1861  1463  1142  1184   772   722  1360  1110
GAM107B 1870  1240  1980  2414  2581  2431  3173  3101  2244  2158  1190
GAM107B 1880  1961  1241  1761  1591  2300  1660  1370  1560  1972  2360
GAM107B 1890  3801  1391  1010  1325  1371   950  1462  1612  1372  1022
GAM107B 1900   841  1224  1170  1510  2211  1820  1504  1453  1452  1143
GAM107B 1910  1483  1824  1310  1030  1487  1450  1541  2262  1651  1471
GAM107B 1920  1241  1631  1134   913  1051  1330   899  1047   943  1158
GAM107B 1930  1258  1046  1038   826   782   825   694   959   687   919
GAM107B 1940   635   442   505   722   712   850   713   779   620   709
GAM107B 1950   786   663   693   673   623   867   434   393   561   604
GAM107B 1960   514   432   541   793  1246   887   755  1116   788   465
GAM107B 1970   567   582   624   502   520   741   711   470   711   560
GAM107B 1980   605   706   686   474   635   614   648   784   552   566
GAM107B 1990   406   530   457   412   385   568   457   334   316   352
GAM107B 2000   330   418   422   488   332   359   524   480   396   328
GAM107B 2010   393 -9999
GAM107C 1762  1469  1362  1038   671   556   368   415   367
GAM107C 1770   383   279   251   379   385   414   496   465   422   301
GAM107C 1780   563   311   381   470   320   300   240   130   180   340
GAM107C 1790   230   270   170   170   220   182   150   140   200   110
GAM107C 1800    70   170     0   140   280   340   360   391   290   200
GAM107C 1810   230   303   231   160   300   483   376   400   403   495
GAM107C 1820   494   579   519   324   539   393   506   418   262   453
GAM107C 1830   330   497   473   393   787  1916  3350  4354  2930  2420
GAM107C 1840  1776  1748  1512  1599  1190  1370  1762  1765  1819  1377
GAM107C 1850  1576  1923  2258  3481  4636  3064  1550  2714  2746  2197
GAM107C 1860  1910  1801  2338  1351  1159  1250  1258  1130  1134   793
GAM107C 1870  1304  2131  2969  2907  3622  3614  3556  2489  2986  1652
GAM107C 1880  2207  1507  1693  2347  2416  1661  1561  1423  1615  2010
GAM107C 1890  3061  1232  1060  1195   904   775  1296  1815  2371  1655
GAM107C 1900  1579  1426  1187  1310  1708  1848  1653  1277  1417  1093
GAM107C 1910  1738  2191  1554  1358  1498  1266  1355  1383  1309  1086
GAM107C 1920  1079  1735  1298  1207  1161  1539  1134   855   716   536
GAM107C 1930   786   911   881   724   641   832   623   602   498   699
GAM107C 1940   589   621   618   701   816   881   704   679   594   832
GAM107C 1950   552   736   932   682   681   764   557   556   745  1114
GAM107C 1960   604   377   775  1312  1544  1179   956  1278   920   618
GAM107C 1970   646   694   764   437   575   555   393   316   484   503
GAM107C 1980   661   643   602   548   449   492   524   713   577   548
GAM107C 1990   421   462   497   335   428   594   500   471   371   510
GAM107C 2000   597   423   502   410   413   434   434   515   367   386
GAM107C 2010   432 -9999
GAM108B 1739  1754
GAM108B 1740  1981  1848  1667   908  1042   977  1068  1662   850  1000
GAM108B 1750   844   939  1194  1635  1284   539   516   564   507   152
GAM108B 1760   175   251   667   569   857   648  1300   965   728   430
GAM108B 1770   307   582   473   149   165   304   396   298   361   190
GAM108B 1780   228   122   410   456   449  1175   993   638   605   512
GAM108B 1790   342   382   432   168   242   206   193   243   265   301
GAM108B 1800   342   342   222   184   140   313   595   645   530   798
GAM108B 1810   636   605   543   426   242   646  1106  1125  1260  1035
GAM108B 1820  1191   781  1173  1154  1300   950   802  1640  2211  2410
GAM108B 1830  2162  1600  1133   991   777  1111  1182  1080   821  1042
GAM108B 1840   945   665   694  1404  1106  1071   656   910  1039  1128
GAM108B 1850  1152  1191  2062  2407  2758  2353  2382  2029  2173  2070
GAM108B 1860  2278  2259  2969  2041  1435  1693  1227   985  1735  1328
GAM108B 1870  1312  1575  1485  1332   800   481   710   740  1091   464
GAM108B 1880   711   426   477     0   796  1032   737   852   861   814
GAM108B 1890  1662  1755   809   587   597   400   492   664   836   820
GAM108B 1900  1115  1049  1251   873   798   553   473   508   447   308
GAM108B 1910   649   718   666   516  1109   960  1466  1812  1475  1201
GAM108B 1920   891   886   649   638   837   875   939   826   995  1158
GAM108B 1930   910  1015  1115  1510  1616  1434  1500  1387  1263  1480
GAM108B 1940  1528  1161   946  1570  2083  2095  2113  1431  1373  1578
GAM108B 1950  1321  1176  1399  1166  1060  1021  1016  1069  1082   923
GAM108B 1960  1156   607   827  1002  1891  1527  1004  1341  1041  1080
GAM108B 1970  1393  1613  1361   831  1040  1502  1300  1092  1173  1193
GAM108B 1980  1105  1163  1182  1092  1190  1150  1040  1250  1044  1173
GAM108B 1990   870   720   791   660   780   671   800   530   580   611
GAM108B 2000   792   533   656   755   628   469   662   555   412   477
GAM108B 2010   485 -9999
GAM108C 1806   367   370   366   336
GAM108C 1810   305   411   546   273   175   211   256   350   264   275
GAM108C 1820   608   354   422   637   495   347   488   691   789   460
GAM108C 1830   332   358   466   552   614   380   542   644   777   555
GAM108C 1840   681   751   582   869   729   765   430  1106  1154   378
GAM108C 1850   528  1051  1709  2120  2464  1387  1829  1986  2537  2531
GAM108C 1860  1526   984   219   114   117   168   272   519   468   376
GAM108C 1870   427   693  1184  1911  2700  2986  3652  2753  1742  1378
GAM108C 1880     0   769  1254  1475  1584  1703  1175  1632  1852  2363
GAM108C 1890  2628   919   592   607  1077   822  1376  1408  1698  1095
GAM108C 1900  1021   815   693   683   861   823     0   700   930   780
GAM108C 1910  1121  1030   981   990  1747  2012  1803  1884  1564  1655
GAM108C 1920  1250  1630  1060  1053  1016   891   790  1120   930   911
GAM108C 1930   890  1083   850   850  1060  1260  1433  1597  1494  2136
GAM108C 1940  1666  1404   919  1591  1552  1411  1843  1431  1042  1596
GAM108C 1950  1296  1092  1477  1309  1351  1390  1100   890  1020  1173
GAM108C 1960   610   600   992  1304  1875  1206  1300  1576  1260   960
GAM108C 1970   740   853   832   741  1000  1380  1351  1010  1042  1373
GAM108C 1980  1534  1837  2124  1379  1057  1263  1209  1377  1363  1620
GAM108C 1990  1219  1230  1284  1284  1221  1426  1136   933  1041  1095
GAM108C 2000  1356  1204  1439  1506  1051   914  1202  1187  1077  1151
GAM108C 2010   955 -9999
GAM109B 1844  1355  1340   550  1182   815   908
GAM109B 1850   963  1340  2058  2823  2048  1920  1751  1720  2161  1935
GAM109B 1860  1885  1252  1738  1265  1211  1111  1408  1063  1358  1181
GAM109B 1870  1150   784   851   857   733   551   786   927  1270   574
GAM109B 1880  1194   631  1075   822   871   450   750   660   640  1040
GAM109B 1890   943   110   240   352   240   540   673   800   610   731
GAM109B 1900   800   761   610   628   496   464   301   296   283   262
GAM109B 1910   355   294   273   562   843  1041   951   856   641   655
GAM109B 1920   693   581   500   590   520   730   721   800   812   660
GAM109B 1930   690   991   800  1221  1180  1734  1451  1072  1102  1151
GAM109B 1940  1342  1103  1180  1368  1874  1710  1533  2014  1957  2012
GAM109B 1950  1581  1475   770   770   800  1290  1101  1263  1028  1016
GAM109B 1960   796   631   989  1498  2664  1938  1440  1567  1055  1261
GAM109B 1970  1205  1136  1079   820  1489  1714  1464  1277  1332  1560
GAM109B 1980  1473  1475  1465  1207  1218  1330  1502  1462  1354  1436
GAM109B 1990  1365  1416  1024  1112  1366  1575  1153  1546  1027  1305
GAM109B 2000  1227   983  1083  1198   801   430   815   731   881   845
GAM109B 2010   811 -9999
GAM109C 1816  1010  1112  1298   946
GAM109C 1820   987   550   971   672   979  1253  1392  1501  1251  2043
GAM109C 1830  1760  1604   980   790   795  1574   897   922   779   706
GAM109C 1840   831   681   671  1110   861   710   590   882   771   350
GAM109C 1850   645  1105  1682  2277  1724  1680  1512  1581  1686  1662
GAM109C 1860  1717  1159  1041   625   620   732   997  1176  1591  1543
GAM109C 1870  1025   914   747   623   496   273   546   703   875   320
GAM109C 1880   579   520   604   523   716   604   895   689   474   586
GAM109C 1890   618   327   313    89   149   301   353   452   240   478
GAM109C 1900   484   369   342   602   652   899   844   662   477   268
GAM109C 1910   492   374   405   465   914   993   869  1255   825   908
GAM109C 1920  1406   917   734   608   678   547   735   661   506   541
GAM109C 1930   490   895   787   908  1256  1630  1420  1376   877  1216
GAM109C 1940  1455  1329   927  1351  1214  1184  1371  1485  1266  1316
GAM109C 1950  1407  1019  1187  1167  1128  1652  1394  1072  1184  1094
GAM109C 1960  1210   936  1396  1744  2067  1983   988  1533  1176  1055
GAM109C 1970   968   900  1013   789  1034  1328  1040  1082  1018  1444
GAM109C 1980  1287  1820  1235  1007   975   952  1042  1036  1116  1089
GAM109C 1990  1167  1107  1166  1049   820  1232   918   971   732  1141
GAM109C 2000  1247  1218   972  1463   858   581   910  1137   891   722
GAM109C 2010   776 -9999
GAM110B 1829   761
GAM110B 1830   754   449   520  1015   699   974   650   578   894  1060
GAM110B 1840  1274  1119  1017   799  1457  1146   997  1033  1676  1396
GAM110B 1850   389   336   813  1362  1261  1400  1504  1592  1772  2106
GAM110B 1860  2037  1546  1123   557   266    61   163   141   247   241
GAM110B 1870   322   283   386  1019  1577  1420  1696  1719  2413  1556
GAM110B 1880  1687  1028  1274  1527  1601  1276  1375  1926  1818  2804
GAM110B 1890  3806  1424   810   961  1199   866  1142  1335  1832  1734
GAM110B 1900  1635  1167   970   958  1010   977   632   602   393   465
GAM110B 1910   642   843   863   888  1736  1584  1554  2092  1669  1429
GAM110B 1920  1250  1281   987  1067   998  1075  1412  1273  1128  1250
GAM110B 1930   918  1016   842  1390  1437  1651  1674  1938  1611  1316
GAM110B 1940  1455  1223  1045  1682  1953  2273  2184  1778  1853  1935
GAM110B 1950  1406  1114   964   854  1335  1386  1489  1243  1444  1591
GAM110B 1960  1306   786   907  1379  2277  1701  1420  1547  1209   929
GAM110B 1970   922  1265  1452  1191  1660  1771  1470   900   970  1150
GAM110B 1980  1431  2286  2325  1597  1521  1396  1484  2123  2334  2335
GAM110B 1990  1983  1861  1598  1157  1411  1441  1020   940  1030  1711
GAM110B 2000  2001  1701  1941  2112  1681  1332  1406  1439  1328  1460
GAM110B 2010   942 -9999
GAM110C 1785  1214   857   716   606   425
GAM110C 1790   278   522   410   164   233   241   139   304   225   405
GAM110C 1800   434   422   318   192   122   397   517   739   775  1079
GAM110C 1810   890   794   624   534   320   567   755   832   908   729
GAM110C 1820   824   859  1253  1082  1346   881   851  1123  1651  2182
GAM110C 1830  1856  1279  1111   832   760   918  1029   819   658   586
GAM110C 1840   639   572   658   905   880   971   519   712   996   807
GAM110C 1850   933  1120  1761  2096  3175  2772  2242  2154  1759  1531
GAM110C 1860  1665  1866  3032  2366  2177  1708  1246  1032  1756  1057
GAM110C 1870   886  1221  1639   979   673   446   626   743   922   451
GAM110C 1880   932   629   455   736   863   805   748   818   592  1103
GAM110C 1890  1268   702   428   382   243   314   542   423   454   740
GAM110C 1900   735   814   581   694   802   833   784   784   354   242
GAM110C 1910   592   754   919   890  1512  1112   884  1062   761   884
GAM110C 1920   901   969   791   631   850   880  1271  1270   995  1111
GAM110C 1930  1092  1000  1095  1279  1873  1811  1303  1276  1120  1382
GAM110C 1940  1534  1199   990   984  1054  1041  1495  1284  1100   832
GAM110C 1950  1120  1035  1390  1180  1110  1092  1060  1181  1244  1570
GAM110C 1960  1451   930  1424  2032  2322  1910  1452  1426  1374  1350
GAM110C 1970  1391  1555  1201   914  1060  1361  1362  1461  1600  1840
GAM110C 1980  1600  1604  1301  1451  1306  1273  1142  1422  1270  1090
GAM110C 1990   960   910  1122   861   864   810   810  1060   832  1021
GAM110C 2000  1041   941   942   890   960   730   671   943   932   880
GAM110C 2010   701 -9999
LGM101  1852  2449  2233  2459  1682  1563  1070  1136  1377
LGM101  1860  1405  1930  1440  1873  1166   753  1120  1049  2247  2334
LGM101  1870  1811  1585  2664  2641  3813  2218  2454  1961  2543  1743
LGM101  1880  2776  1448  2407  2120  2539  1837  1987  2251  1922  2838
LGM101  1890  2064   853   561  1189  1391   780   829   710   740   862
LGM101  1900   753   777   628  1226  1102  1445   948  1002   845   841
LGM101  1910   509   812   553  1003  1767  1873  2197  1546  1547  1649
LGM101  1920  1225   733   575   610   545   855   870   812   722   710
LGM101  1930   676   880  1084  1489  1864  2060  1592  2078  2426  1874
LGM101  1940  2315  1894  1386  1818  1317  1992  1655  1673  1168   942
LGM101  1950  1228  1000  1050   973   418   581   610   722   388   488
LGM101  1960   497   391   358   500   521   385   486   621   525   652
LGM101  1970   471   541   576   626   727   985   717   879   776  1031
LGM101  1980  1402   992  1417  1219  1582  1715  1863  1829  2165  2379
LGM101  1990  2183  1875  2489  1947  2203  1564  2162  2238  1202  1792
LGM101  2000  1685  1364  1032  1168  1060  1330  1174  1618  1608  1541
LGM101  2010  1000  1609  1674  1460 -9999
LGM102  1875  3555  2348  2211  3614  1943
LGM102  1880  2243  2353  2166  3380  2560  2701  3829  3804  3397  3777
LGM102  1890  2681  1138  1329  1839  1961  2454  3039  3174  3035  2164
LGM102  1900  2591  2530  2161  2290  2880  3388  3052  2887  2258  2129
LGM102  1910  2873  2627  2770  2580  4334  3838  3358  3596  3299  3501
LGM102  1920  3420  3025  2708  2811  2418  2608  2913  2012  1913  2082
LGM102  1930  1505  2022  2336  2145  2521  2641  2822  2818  2354  3413
LGM102  1940  3232  2453  2335  2380  2133  2998  2873  2472  2517  3977
LGM102  1950  3578  2418  2653  3193  2691  2682  2749  3316  3780  3611
LGM102  1960  2908  2173  2662  3092  3955  3199  2050  2966  2248  2028
LGM102  1970  2319  1962  2015  1722  1968  2266  1495  1786  1922  2097
LGM102  1980  2114  2540  1856  1890  1592  1836  1780  1816  1736  1652
LGM102  1990  1412  1792  1893  1219  1606  1391  1405  1189   788   839
LGM102  2000  1130  1013   931   840  1119   839  1246  1219  1084  1251
LGM102  2010   956   869   745   698 -9999
LGM103  1832  1776  1887  2099  2376  2007  1806  1538  2418
LGM103  1840  2164  2254  2084  2646  2559  2480  1806  2078  3047  2191
LGM103  1850  2450  2478  3549  4616  4960  4388  4296  3836  3930  3718
LGM103  1860  3201  2951  3958  3811  3027  2104  2139  2633  4198  3414
LGM103  1870  3406  3233  3563  3608  3880  2957  2624  2043  2306  2047
LGM103  1880  2474  1677  1938  2299  2613  2624  2277  2903  2398  2576
LGM103  1890  2562  3277  3339  2935  4310  3634  3535  3447  3096  2298
LGM103  1900  2041  2419  2139  2695  3220  1896  1458  1515  1103   831
LGM103  1910  1552  1503  1104  1143  1894  2698  4030  3063  2877  2520
LGM103  1920  3458  4092  2991  3014  2588  2872  2368  1983  1418  1114
LGM103  1930  1295  1632  1781  1368  1577  2561  2086  2501  2519  2160
LGM103  1940  1954  1792  1450  1600  1389  1605  2073  2224  2058  2484
LGM103  1950  1329  1163  1059  1102  1205  1195  1044   928  1183  1491
LGM103  1960  1177  1053  1886  2766  3426  2272  1679  1885  1305  1361
LGM103  1970  1224  1513  1243   990  1120  1547  1176  1210  1207  1483
LGM103  1980  1681  1311  1138   806  1334  1085  1196  1712  1674  1656
LGM103  1990  1069  1411   861  1074  1405  1279  1283  1574  1015  1369
LGM103  2000  1149   997  1261  1243  1004   920  1002  1085  1091   829
LGM103  2010   748   663   428   685 -9999
LGM104  1896  3112  4290  2624  3644
LGM104  1900  4901  5009  2983  3518  3787  2676  2921  3501  2797  2367
LGM104  1910  2975  2628  2323  3197  4095  3788  4209  4157  3799  3340
LGM104  1920  2611  2792  2219  2533  3894  3202  2761  2474  1912  1479
LGM104  1930  1271  1596  1797  1547  1232  1388  1891  1976  2293  2567
LGM104  1940  2249  1593  1095  1114  1175  1412  1139  1407   838  1259
LGM104  1950   994  1114  1023   826   677   479   282   455   731  1136
LGM104  1960  1253   842  1111  1515  1382   998  1495  1574  1196  1350
LGM104  1970   973  1115   577   626   790  1479  1162   854  1221  1671
LGM104  1980  1702  1546  1434  1030   560   688  1324  1150  1027  1074
LGM104  1990   749   994   794   604  1075  1008   779  1176   601  1084
LGM104  2000  1234   935  1103   991   322   496   881   703   734   762
LGM104  2010   649   413   686   432 -9999
LGM105  1872  1227  1426  1647  2268  1557   959  1247   918
LGM105  1880  1693  1039  1351  1282   863   831   659   826  1118  1167
LGM105  1890  1017  1417  1754  1410  1692  1089  1749  1823  1162  1556
LGM105  1900  1320  1257  1387  1914  2286  1785  1479  1742  1870  1483
LGM105  1910  1631  1140   885  1386  1881  2187  2284  2624  2770  2501
LGM105  1920  1853  2210  1410  1962  2381  2393  1798  1659  1798  1610
LGM105  1930  1406  1329  1106  1476  1796  1761  1694  1773  1507  2319
LGM105  1940  1914  1474  1153   902  1033  1008  1116   788   584   700
LGM105  1950   521   414   444   340   363   517   403   522   878  1010
LGM105  1960   450   380   559  1049  1199   848   786  1067   786   635
LGM105  1970   630   899   765   600   757   833   593   728   785   683
LGM105  1980   684   710   806   647   650   680   695   768   659   727
LGM105  1990   555   532   643   556   662   615   941   710   447   403
LGM105  2000   732   767   951   928   515   725   779   680   718   666
LGM105  2010   613   592   653   707 -9999
LGM106  1888  1641  2811
LGM106  1890  2598  2526  2718  1963  1747  1616  2338  2330  2044  2803
LGM106  1900  3344  4112  3731  4720  4757  3927  3584  3424  2899  2118
LGM106  1910  2551  1461  1559  3531  6374  5414  5559  6101  5565  5719
LGM106  1920  4927  5783  5193  4833  5173  4017  3719  3971  3041  3156
LGM106  1930  1883  2491  2256  2182  2784  4536  3434  3528  3618  4171
LGM106  1940  4567  4428  5683  5148  5025  3794  3415  2260  2411  2325
LGM106  1950  1988  1566  1089  1087   926  1321  1300  1838  3146  3839
LGM106  1960  2776  2301  2012  2362  3091  2927  3191  3644  2733  2715
LGM106  1970  2431  2393  3384  3417  3073  3422  3049  1956  2668  2748
LGM106  1980  1999  1935  2261  1482  1541  1517  1206  1434  1606  1193
LGM106  1990   967  1344  1410  1134  1059  1394   995  1234   801  1335
LGM106  2000  1342   928  1043   973   718  1010  1532  1378  1332   898
LGM106  2010   812   891   598   919 -9999
LGM107  1779   762
LGM107  1780   506   708  1583  2252  1417  2049  1846  1637   997  1219
LGM107  1790   881  1135   890   599  1288   957   946  1309   896   711
LGM107  1800   965   489   812  1693  1232  1737  1676  1115  1333  1385
LGM107  1810  1328  1106   724   931   589  1009  1247  2590  1758  1307
LGM107  1820  1455  1549  1392  1080  1606  1078   823  1507  1182  1568
LGM107  1830  2214  1768  1471  1319  1580  1471   761   960  1083  1195
LGM107  1840   478   506   625   589   787   759   696   491   594   615
LGM107  1850   815   626   705   804  1794  1397  1489  1591  1159  1148
LGM107  1860   705   552   626   815   513   692   465   906  1743  1518
LGM107  1870  1117  1335  1647  1586  1031   530   980   992   823   252
LGM107  1880   291   104   364   315   309   301   355   320   542   593
LGM107  1890   455   379   372   368   354   534   434   338   440   355
LGM107  1900   660   677   742  1125  1219  1014   906  1216   624   111
LGM107  1910   194   203   337   557   776   725   908  1187   899   774
LGM107  1920   734   949  1134  1574  1871  1501   891   809   450   301
LGM107  1930   686   942   768   720  1058  1661  1706  1488  1795  2537
LGM107  1940  1127   971   850   931   875  1016   660   557   528   578
LGM107  1950   651   497   415   473   395   469  1134   914  1114  1310
LGM107  1960  1226   719   808  1172  2330  2303  2685  2738  2316  2404
LGM107  1970  2316  2322  1792  1828  1778  1926  2088  2262  3200  3331
LGM107  1980  2538  2685  2986  3204  2394  2744  2936  2693  2402  2315
LGM107  1990  1760  3590  3920  3268  3326  3544  4247  5503  3791  3646
LGM107  2000  4698  4524  3124  3039  1567  1912  2123  2350  3125  3115
LGM107  2010  2387  2246  1793  1483 -9999
LGM108  1875  4486  3929  2433  3061  1854
LGM108  1880  2371  2320  2706  1818  2119  1590  2690  2661  2219  3263
LGM108  1890  2872  2854  2906  2685  2167  2120  1597  2670  2379  1878
LGM108  1900  1658  2346  2571  3363  3415  2512  2121  2652  2182  1405
LGM108  1910  2120  1584  1598  2066  3446  3559  3573  3382  3510  2403
LGM108  1920  1882  2420  2179  1977  2750  2387  2497  3054  3121  2535
LGM108  1930  2279  2589  2627  2739  3415  3515  3619  3123  2672  2626
LGM108  1940  2399  1918  1730  1497  1247  2030  1954  1151  1169   737
LGM108  1950   785   641   711   729   530   845  1088  1273  1929  2128
LGM108  1960  2464  1480  2691  3639  3679  2688  2196  2402  1303  1713
LGM108  1970  1329  1091  1136  1087  1231  1273  1371  1429  1845  2046
LGM108  1980  2219  1522  1592  1975  1964  1930  1455  1845  1711  1471
LGM108  1990  1371  1695  1522  1389  1574  1778  2185  2809  2148  1999
LGM108  2000  2007  1599  1625  1557  1318  1506  1605  1527  1175  1390
LGM108  2010  1325  1203  1241  1108 -9999
LGM109  1850   406   512   368   224   301   232   268   182   279   373
LGM109  1860   240   211   220   179   118   183   152   135   195   640
LGM109  1870   142   665   745   861  1376  1721  1485  2166   647    98
LGM109  1880   680   643   912   926   495   241   254   372   845  1505
LGM109  1890  1785  1051  1932  2265  2141  1508  1390  1909  1235  1737
LGM109  1900  1355  1134  1243  2271  3714  2490  2393  2667  1880  1000
LGM109  1910  1016  1511  1829  3411  5651  3942  2889  2541  3348  3555
LGM109  1920  2538  3382  1085  1383  2109  2889  2869  1763  1967  1526
LGM109  1930  1184  1404  1472  1406  2555  1824  2081  1593  2294  3436
LGM109  1940  2368  2029  1505  1134  1150  2613  1981  1575   776   600
LGM109  1950   521   420   524   455   621   762   828  1358  1897  2229
LGM109  1960  1312  1366  2182  2496  2855  1406  1775  2107  1479  1869
LGM109  1970  1845  1920  1732  1390  1041  1078   979  1278  1285  1618
LGM109  1980  1562  1322  1756  1422  1440  1034  1270  1409  1462  1101
LGM109  1990  1066  1487  1512  1116  1455  1587  1236  1547  1589  1806
LGM109  2000  2286  1454  1507  1964  1558  1570  1147  1134  1355  1033
LGM109  2010  1283  1053  1350   969 -9999
LGM111  1790  1217  1904  1492  1098  1175   816   827   939   802  1280
LGM111  1800   819   660   419   722  1448  2060  1908  2732  2469  1740
LGM111  1810  1856  1513  1534  1337   934  1559  1841  1455  1922  2524
LGM111  1820  1840  1682  1593   811  1146   770  1468  1231  1524  1501
LGM111  1830   965  2007  1575  1029  1677  1522  1021  1648  1845  2324
LGM111  1840  1945  1945  2538  4220  3674  3152  1997  2265  3043  2232
LGM111  1850  2199  2436  2378  3704  4748  3757  3612  2809  3112  2383
LGM111  1860  2625   610   408   299   474   756  1156  1860  2148   671
LGM111  1870   395   533   537   543   669   536   810  1373  2013  1185
LGM111  1880  1435  1050  1082  1539  1623  1694  1387  1293  1338  2175
LGM111  1890  2605  2560  2938  2948  2310  1333  1152  1576  1371  1337
LGM111  1900  1608  1697  1415  1778  2027  1757  1439  1838  1440  1140
LGM111  1910  1416  1296  1217  1603  1802  1938  3237  3422  3860  3239
LGM111  1920  2472  2911  2036  2540  4001  5595  5021  3296  2925  3390
LGM111  1930  2421  3556  2393  2616  2444  2140  2099  1433  1100  1855
LGM111  1940  2124  1839  1727  1930  2625  1778  2137  2196  2235  2122
LGM111  1950  2737  2542  2070  2087  2149  1829  1677  1980  1896  2156
LGM111  1960  2311  1331  1236  2743  3844  3200  3437  3697  3167  3353
LGM111  1970  3442  3172  3200  2986  1884  3426  3486  3030  3860  4047
LGM111  1980  3647  3810  2769  3588  2177  2514  2784  3132  3195  3653
LGM111  1990  3632  3729  3878  2008  2529  2481  2988  3171  3195  3875
LGM111  2000  4121  3678  3931  4088  2174  2308  2592  2305  1807  1833
LGM111  2010  2018  1394   991  1520 -9999
LGM112  1850  1168  1588  2233  2162  3570  4438  3311  3760  2753  3511
LGM112  1860  3529  3809  3182  3109  2404  2686  2908  3226  2997  2047
LGM112  1870  2472  2937  3278  2952  2174  1887  2091  1615  3229  1354
LGM112  1880  1167  1435  1632  2468  2044  1862  1316  1785  1464  1526
LGM112  1890  1716  1353   882  1206  1071  1059  1253  1401  1152  1535
LGM112  1900  1350  1045   965  1367  2127  2960  2545  1971  1981  1592
LGM112  1910  2412  1795  1768  2522  3343  3889  2865  2950  2227  3100
LGM112  1920  2825  2723  1833  1638  2467  2437  2918  2747  2181  2285
LGM112  1930  2741  4702  3263  3813  3116  2781  2511  1801  2361  2286
LGM112  1940  2178  1729  1270  1635  1536  2132  2383  1467  1575  1978
LGM112  1950  1382  1561  1473  1493  1211  1446  1327  2350  2001  2527
LGM112  1960  1397  1047  1739  2732  3049  1840  2475  1704  1201  1005
LGM112  1970   879  1039   742   758  2045  1623  1278   910  1664  1439
LGM112  1980  1738  1828  1874  1460  1025  1006  1123  1057  1082   806
LGM112  1990   489  1404  1579   822   623  1016   890  1338  1083   518
LGM112  2000   514   687   981   717  1008   673   648   975   779   542
LGM112  2010   406   573   559   376 -9999
LGM113  1774   513   484   525   338   651   604
LGM113  1780   888   610  1578  1020   931   711   778   592   677  1035
LGM113  1790   442   573   638   440   474   541   506   683   683   759
LGM113  1800   477   414   646   867  1265  1591  1436  1574  1472  1439
LGM113  1810  1115   911  1026   868   632   947   923   865   488   694
LGM113  1820   912   812   996  1330  1420  1501  1497  2329  2895  2319
LGM113  1830  1234   991  1000  1035  1231  1405   943   997  1050  1266
LGM113  1840  1437  1395  1043  2081  1255  1609   998  1626  1996  1265
LGM113  1850  1129  1472  2906  3047  3969  3405  5060  3899  2212  2540
LGM113  1860  1795  1644  1957  1684  1191   858  1319  1241  1193   935
LGM113  1870   660   822   822   372   613   424   456   643   422   210
LGM113  1880   330   305    75   339   347   417   501   531   794   822
LGM113  1890  1515   415   649   601   772  1138  1347  1187  1333  1016
LGM113  1900  1171  1054  1266  1405  1609  2425  2115  2285  1903  1212
LGM113  1910  2036  2608  1791  1736  2757  1818  2646  2791  2269  2151
LGM113  1920  1729  1778  1751  1641  1441  1858  2113  2271  1900  1348
LGM113  1930  1247  1981  1809  1541  2006  3045  2280  2251  1833  2039
LGM113  1940  2471  2025  2159  1616  2048  2128  2571  1786  1489  1991
LGM113  1950  1667  1663  1625  1639  1675  1792  1185  1118  1149  1732
LGM113  1960  1634   759  1523  2294  2849  1618  1440  1933  1555  1456
LGM113  1970  1286  1273  1049   842  1170  1321   895   929  1757  1655
LGM113  1980  1520  1346  1438  1507  1414  1355  1445  1877  1230  1520
LGM113  1990  1008  1111  1113   827   927  1382  1213  1353  1340  1265
LGM113  2000  1227  1053  1125  1371  1001  1266  1117   879  1233  1283
LGM113  2010   916   540  1016   891 -9999
LGM114  1898  4147  4699
LGM114  1900  4074  3689  2808  3256  3190  4170  4384  3568  2489  3078
LGM114  1910  2396  2681  2139   891   495  1115  3215  4369  6214  5155
LGM114  1920  5456  4010  3751  3125  3555  2644  3024  2912  2538  2276
LGM114  1930  2002  2319  1843  2331  2179  3191  1986  2477  2066  2488
LGM114  1940  1692  1927  1307  2167  2523  3149  2428  1908  1351  1236
LGM114  1950  1439  2023  2723  2521  2856  3183  2177  2153  1962  2907
LGM114  1960  2224  2069  3741  3219  3777  2850  2632  3678  3369  3310
LGM114  1970  2737  3264  2648  2182  2169  3202  2707  2514  3290  3349
LGM114  1980  3437  4816  3987  3811  3025  2880  3104  4589  3335  2994
LGM114  1990  3643  3668  4098  2769  1830  1707  2176  1371  1826  2341
LGM114  2000  2303  1783  2285  1746  1920  1507  2199  2484  1963  2025
LGM114  2010  1841  1342  1285  1268 -9999
LGM116  1829  1405
LGM116  1830  1185  1335   930  1511  1719  1241  1158  1302  1220   986
LGM116  1840   724   658   778   554   419   388   524   457   570   403
LGM116  1850   435   384   474   621   521   706   817   813   745   863
LGM116  1860   626   423   401   406   252   389   515   482   471   454
LGM116  1870  1111  2465  3993  4600  6061  4504  3526  3764  4902  2292
LGM116  1880  3490  2648  3161  2391  2951  2350  1894  3004  2168  2649
LGM116  1890  2445  2118  2470  2210  2564  2083  2442  3608  3947  3865
LGM116  1900  3043  2648  1869  4037  4495  4591  4180  3480  2178  1692
LGM116  1910  2026  3010  2929  3309  2976  2456  2273  2675  2053  3063
LGM116  1920  2635  2268  2124  1473  1473  1787  2477  3535  3015  3048
LGM116  1930  2619  2680  1619  2642  3045  2695  2952  2845  2032  2398
LGM116  1940  2015  2057  2008  1672  1537  1965  2048  2405  2294  2554
LGM116  1950  2789  2096  1353  1648  1396  1675  1496  1306  1638  1607
LGM116  1960  1699   964   927  1624  1892  1747  1708  1935  2055  1939
LGM116  1970  1823  2369  2623  2050  2447  3014  2600  2742  2996  3312
LGM116  1980  2314  2354  2161  1849  1209  1673  2061  2647  2923  2477
LGM116  1990  2380  2657  1710  1640  1826  2229  2149  1721  1750  1734
LGM116  2000  1921  1843  1914  1387  1842  1890  1741  1420  1964  1693
LGM116  2010  1715  1580  1703  1775 -9999
LGM117  1808  2045  1605
LGM117  1810  1588  2015  2138  1540  1325  2042  1605  2036  1676  2190
LGM117  1820  1858  1587  1795  1949  1674  1933  1859  2472  1776  2708
LGM117  1830  1625  1382  1666  1195  1687  1157   880   606   491   507
LGM117  1840   542   525   508   507   553   550   810  2386  3118  3079
LGM117  1850  2818  1736  2081  1578  2451  1670  1878  1929  1152  1445
LGM117  1860  1544  1370  1708  1455  1201   727  1392  1537  2374  2320
LGM117  1870  2076  2514  3156  2789  2978  2447  2032  1654  2879  1839
LGM117  1880  1944  1698  1930  1591  1367  1289  1167  1478  1392  2657
LGM117  1890  2853  2814  3499  3234  2080  1974  2609  2589  2619  1959
LGM117  1900  1608  2516  1505  2148  2660  3504  2287  1440  1587  1418
LGM117  1910  1425  1216  1216   958  1466  1571  1586  1519  1341  1569
LGM117  1920  1377  1372  1280  1376  1405  1405  1168  1168  1064  1189
LGM117  1930   857  1154  1189  1198  1605  2378  2097  2077  2108  1595
LGM117  1940  1523  1705  1547  1189  1383  1724  1761  1860  1337  2280
LGM117  1950  1613  1692  2019  1776  1336  1608  1387  1829  1355  1670
LGM117  1960  1062  1116  1419  1595  2648  1586  1259  1509  1162  1687
LGM117  1970  1461  1496  1279  1100  1210  1245  1166  1216  1487  1456
LGM117  1980  1081  1558  1506  1048  1607  1358   970  1823  1479  1340
LGM117  1990  1048  1336  1390   939  1252  1323  1022  1055  1082  1362
LGM117  2000  1283  1371  1388  1439  1301  1472  1220  1540  1151   948
LGM117  2010   826   745   706   752 -9999
LGM118  1860  4083  3428  3312  2313  2201  2193  2034  1913  2813  3587
LGM118  1870  3759  4190  3868  2840  2502  1978  2110  1420  1253  1056
LGM118  1880  1337  1185  1861  1718  1766  1414  1665  2371  2183  2048
LGM118  1890  2420  2304  2620  2853  2807  2200  2535  2230  2023  1951
LGM118  1900  1576  2251  2346  2641  2704  3045  2316  2636  2201  2015
LGM118  1910  1846  2305  1699  1927  3631  3664  3522  2948  3299  2021
LGM118  1920  2340  2582  1666  1598  1452  1691  2097  1666  1786  1937
LGM118  1930  2237  1957  1855  2005  1744  2481  2361  2828  2275  1828
LGM118  1940  2083  1953  1585  1585  1590  1642  1533  1894  2098  1672
LGM118  1950  1655  1389  1630  1384  1478  1680  1795  1829  1817  2071
LGM118  1960  2121  1470  1914  1784  2703  3158  3089  3450  2642  2620
LGM118  1970  2858  2624  2336  2025  2338  2496  2156  2117  2381  1979
LGM118  1980  2158  2523  2150  1665  1934  1586  1609  1997  2088  1977
LGM118  1990  1851  1802  1761  1389  1351  1806  1597  2076  1405  1485
LGM118  2000  1634  1532  1614  1512  1471  1304  1521  1810  1443  1250
LGM118  2010  1100  1094  1146   870 -9999
LGM119  1845  4996  6505  3863  3605  2546
LGM119  1850  3783  4078  4341  5714  4790  4341  3725  3095  3280  3505
LGM119  1860  2675  2641  3694  3962  3606  3607  3986  4323  6187  4121
LGM119  1870  4351  4014  3740  3490  3322  2618  2173  1441  1735  1268
LGM119  1880  1369   685  1401  1275  1402  1447  1345  1706  1607  1977
LGM119  1890  1490  1287  1392  1755  1616  1477  1740  2043  1957  2010
LGM119  1900  1630  1151  1236  1684  1967  2116  1712  2103  1406  1330
LGM119  1910  1114  1260   864   982  1045   982  1414  1668  1659  1439
LGM119  1920  1572  2114  1406   915  1032  1150  1197   959  1235  1041
LGM119  1930   807  1080  1395  1457  1161  1821  1545   964   729   829
LGM119  1940   846   610   423   590   670   982   907  1097  1027  1901
LGM119  1950  1591  1235  1387  1233  1124  2037  1016   864   758  1026
LGM119  1960  1217   948  1101  1353  1368   861  1029  1430  1535  1527
LGM119  1970  1457  1764  1381   773  1532  1229  1461  1751  1772  1538
LGM119  1980  1322  1793  1386  1641  1076   947  1244  1327  1261  2755
LGM119  1990  1757  2083  2031  1218  1783  1939  1790  2031  1727  1789
LGM119  2000  1770  1180  1659  1913  1558  1253  1975  2219  2069  2686
LGM119  2010  2653  2623  3346  2496 -9999
LGM120  1886  4397  5097  5205  6142
LGM120  1890  6140  6051  6538  6263  5198  5764  5788  6991  6604  5814
LGM120  1900  3067  5232  5102  4930  5731  5598  5447  6672  5265  4342
LGM120  1910  5556  4666  4826  5681  5546  5716  5949  5310  5181  6404
LGM120  1920  6145  5986  3688  4696  5075  4395  4260  3751  3662  5060
LGM120  1930  5236  5250  4673  6059  6254  8047  5797  4235  4657  4159
LGM120  1940  4342  3776  3285  2897  3049  2685  3008  3239  4096  3602
LGM120  1950  2818  2673  2366  2622  2683  3729  3040  2987  2485  3825
LGM120  1960  3159  2522  2076  2603  2996  3864  2890  3151  2622  2800
LGM120  1970  2606  2653  2191  1999  2259  2679  2489  2936  2752  2405
LGM120  1980  1981  1744  2211  2144  2413  2064  2925  3267  2319  1971
LGM120  1990  1918  2030  1933  1471  1816  2013  1807  2367  2021  2507
LGM120  2000  2825  3012  2726  2517  2337  1997  2574  2369  1721  1876
LGM120  2010  1810  1604  1401  1368 -9999
LGM121  1817   558   387   505
LGM121  1820   505   474   559   703   582   643   525   694  1406  2323
LGM121  1830  1546  1368  1157  1039   812   926   909  1083  1631  2244
LGM121  1840   334   575  1391  1980  1798  1230  1300  1277   884   480
LGM121  1850   356   493   876  1575  1344  1514  1152  1287  1846  2184
LGM121  1860  1753  1420  1400   955  1046  1167  1061  1006  1892  1503
LGM121  1870  2557  3562  3506  3984  2706  2341  3193  2006  3370  1512
LGM121  1880  2215  1245  2527     0     0     0  1058  2032  1921  2306
LGM121  1890  2874  3049  2456  3516  2013  1403  1862  1486  1304  2147
LGM121  1900  2062  1760  1727  1470  1489  1547  1043  1099  1231   693
LGM121  1910   627   812   501   722  1019  1270  1314  1843  1804  1835
LGM121  1920  1411  1624  1572  1334  1574  1664  1371  1900   622   624
LGM121  1930  1015   966   867  1316  2115  1889  1701  1500  1316  1289
LGM121  1940  1545   892   810  1083  1022   854   824  1159   559   626
LGM121  1950   724   755   476   269   187   168   221   340   495   560
LGM121  1960   951   416   560   956   848  1062  1250  1716  1326  1047
LGM121  1970  1272  1351   861  1327  1373  2871  2343  2317  2210  1777
LGM121  1980  1530  1621  1725  2333  1464  1218  1251  1160  1276  1083
LGM121  1990  1219  1404  1643  1193  1413  1377  1589  1860  1292  1525
LGM121  2000  2024  1194  1355  1386   998   893  1066   911   702   564
LGM121  2010   842   609   299   457 -9999
