572011  1771  1930  2620  2850  3860  3730  3490  2590  2380  2940
572011  1780  3240  2420  2320  3060  3030  2840  2920  2980  2810  2560
572011  1790  1760  2640  2260  2500  3070  3470  3230  2500  2280  2120
572011  1800  2530  2140  1360  1950  2390  2060  2040  1870  1630  1620
572011  1810  1220  1360  1810  1890  1390  1250  1540  2680  2360  1880
572011  1820  1540  1890  2250  1500  1150   880   940  1280  1560  1490
572011  1830  1440  1640  1180  1200  2040  1700  1400  1220  1570  1490
572011  1840  1230  1120  1300  1390  1040  1490  1530  1080  1060  1370
572011  1850  1010   670   700   720   740   780   750   780  1160  1890
572011  1860  1480  1080  1100  1000  1130   950   900   790  1460  1270
572011  1870  1010   850   850   840  1300  1420  1340   720   890   900
572011  1880  1220  1070   970   850  1060   810   740   940  1060   730
572011  1890   820   680   620  1040  1070   800   770   720  1000   800
572011  1900   750   730   570   650   810   690   640   570   660   500
572011  1910   710   970  1170  1310  1130   970   840   670   570   710
572011  1920   400   740   690   520   710   930   720  1100   640   600
572011  1930   550   580   660   760   890   830   750   720   380   370
572011  1940   360   560   470   490   680   390   560   880   940  1300
572011  1950  1180  1200   930   890   680   620   660   560   710   540
572011  1960   510   530   500   570   630   480   550   570   780   680
572011  1970   580   760   950   880   700   740   620   590   550 -9999
572012  1808  2730  3310
572012  1810  2840  2260  1780  1150  1130   940  1630  2860  2880  3080
572012  1820  3150  3950  3330  2620  2460  2050  2560  2120  2660  1840
572012  1830  1520  1740  1490  1670  2300  1280  1260  1260  1510  1330
572012  1840  1230   930   980  1040  1240  1710  2420  1490  2360  1840
572012  1850  1610  1420  1350  1040   940   890   740  1050  1380  1540
572012  1860  1540  1790  1370  1290  1420  1630  1410  1140  1690  1400
572012  1870  1320  1430  1290  1120  1260  1140  1260   970   760   850
572012  1880  1710  1320  1660  1350  2180  1600  1080  1080  1100   960
572012  1890  1280  1120  1290  1760  1330   730   970   950  1100   610
572012  1900   730   850     0     0     0     0     0     0     0     0
572012  1910     0     0     0     0     0     0     0     0     0     0
572012  1920     0     0     0     0     0     0     0     0     0     0
572012  1930     0     0     0     0     0     0     0     0     0     0
572012  1940     0     0     0     0     0   910  1280  1350  1740  1740
572012  1950  1850  1780  1870  1540   860   940  1090  1370  1360  1230
572012  1960  1160  1210   980  1320  1280   910  1230  1130  1370  1040
572012  1970   910   980  1050  1270  1160  1210  1330  1000   850 -9999
572021  1885  1980  1440  1830  2270  1620
572021  1890  2000  1500   970  1250  1270  1000  1380  2010  1520  1740
572021  1900  1660  1460  1130     0  1630  1310  1730  1710  1930  1600
572021  1910  1590  1490  1520  1450  1520  1200  1280  1190  1230  1340
572021  1920  1230  1580  1630  1440  1290  1490  1500  1840  1690  1480
572021  1930  1870  1590  1760  1890  1770  2080  1770  1640  1650  1670
572021  1940  1550  1790  1580  1940  2000  2810  2390  2160  1670  1870
572021  1950  1920  2150  2240  2260  2310  2220  1810  2290  2240  2240
572021  1960  1740  1570  1930  1900  2070  2290  2180  2250  2610  1630
572021  1970  1780  2340  2390  1950  1920  2180  2160  2160  1930 -9999
572022  1906  4580  3320  3180  2540
572022  1910  3250  3200  3360  2610  2360  2110  2150  2090  2620  2420
572022  1920  2340  1390  2030  2030  2070  2460  3130  3030  2630  2890
572022  1930  2480  2510  1960  2920  2320  2820  2110  1400  1310  1330
572022  1940  1600  1380  1260  1850  2100  2150  2270  2340  2630  3100
572022  1950  2680  2610  3180  3500  3040  3260  2300  2930  3060  2770
572022  1960  2120  1920  2480  2300  2390  2090  2020  2590  2160  1400
572022  1970  1540  1420  1540  1330  1120  1840  1630  1970  1720 -9999
572031  1871  1960  2510  2150  2490  2300  1630  2130  1910  1960
572031  1880  3660  2340  2900  2700  2710  2550  2580  1820  1900  1710
572031  1890  2080  2240  1950  2480  1530  1730  1670  1860  1860  1650
572031  1900  1700  1690  1210  1310  1780  1710  2030  1220  1670  1430
572031  1910  2020  1680  1890  1600  1260  1410  1120  1180  1270  1590
572031  1920  1180  1430  1280   990   890   900  1160  1210   930   830
572031  1930   930   950   810  1040   740  1220  1390  1530  1150   850
572031  1940   770   860   650  1190   900   920   500  1020  1170  1290
572031  1950  1190  1040   800   880   860  1020   930  1140  1350  1760
572031  1960  1460  1150  1020  1070  1120   990   900   920  1170  1170
572031  1970  1600  1120  1370  1550  1630  1780  1840  1720  1230 -9999
572032  1845  2290  2820  2960  3060  3400
572032  1850  3990  5430  5750  4730  5260  4180  3340  3310  3800  3830
572032  1860  3290  3600  3290  3160  3420  3280  2580  2860  4330  3720
572032  1870  3270  3680  3490  3060  3610  2980  3130  2860  2460  2130
572032  1880  2200  2130  3120  2590  3390  2430  2510  2470  2190  2040
572032  1890  2170  2480  2090  2380  1720  1250  1370  1510  1230  1380
572032  1900  1630  1870  1210  1760  2010  1860  1850  1390  1630  1480
572032  1910  1750  1570  1730  1910  1620  1070  1050  1010  1260  1220
572032  1920  1480  1580  1330  1220  1030  1340  1150  1160   820   850
572032  1930   930   690   660   920   970  1010  1140  1020  1010   510
572032  1940   400   460   410   690   680  1920  1370  1520  1820  2320
572032  1950  2400  2530  1650  1340   970  1140   900   810   910  1270
572032  1960   870   670   880  1160  1260  1200   970  1160  1300  1080
572032  1970  1060   930   960   870   740  1180   940   880   820 -9999
572041  1834  2180  1830  2320  1620  2090  1750
572041  1840  1620  2070  2570  3050  2370  3050  3190  2360  2690  3040
572041  1850  1960  1960  2490  2610  3700  2900  2560  2870  3230  3160
572041  1860  2320  2480  1800  1960  1740  2160  2360  1830  2840  3070
572041  1870  3450  2650  3080  2890  2620  2380  1960  1680  1580  1490
572041  1880  2220  1670  2110  2060  2840  2170  1520  1190  1140  1020
572041  1890  1280  1260  1840  1550  1470  1480  1380  1650  1750  2160
572041  1900  1810  2230  1410  1510  1520  1530  1460   850  1120   620
572041  1910     0  1100  1230  1190  1130  1250  1170  1230   910  1150
572041  1920  1020  1180  1290  1060  1250  1320  1410  1460  1370  1200
572041  1930  1410  1180  1340  1910  1770  1930  1630  1710  1470   900
572041  1940   740   470   870   800   810   510   450  1080  1540  2430
572041  1950  2820  2760  2840  3320  2410  2350  2160  2860  2970  2560
572041  1960  2510  2170  1560  1550  1840  1540  1340  1860  1720  1310
572041  1970  1590  1340  1140  1140  1020  1300  1240  1510  1400 -9999
572042  1855  2080  1570  1660  1930  2180
572042  1860  1880  1840  1850  1990  1650  1700  1650  1270  2080  2070
572042  1870  2300  1980  1790  1970  1860  1600  1440  1160  1190  1370
572042  1880  2050  1300  1480  1700  1920  1950  1270  1250   850   900
572042  1890  1240  1340  1540  2110  1880  1320  1210  1070  1410  1540
572042  1900  1390  1520  1150  1170  1440  1160  1100  1230  1260  1180
572042  1910  1500  1590  1610  1700   910  1270  1210   970  1060  1280
572042  1920  1020  1340  1160  1010  1140  1200  1320  1080  1070   810
572042  1930  1030  1140  1200  1570  1590  1880  1540  1360  1370   990
572042  1940   610   730   760   960  1200  1260  1110  1710  2380  3200
572042  1950  2860  2590  2410  2730  1940  2160  1870  2680  2630  1720
572042  1960  1670  1580  1620  1720  1980  1750  1430  1900  1790  1290
572042  1970   990  1280  1650  1580  1220  1340  1600  1520  1200 -9999
572051  1812  1290   790   450   920   790   960   590   810
572051  1820  1180  2070  1390  1110  1180  1320  1540  1470   910   700
572051  1830   960  1770  2450  2550  1940  1790  1390  1600  1610  1370
572051  1840  1480  1130  1550  2490  1620  1860  1780  1780  2290  2210
572051  1850  1800  1550  1510  1730  2070  1480  2220  3060  2900  2430
572051  1860  2260  2270  1780  1860  1430  1780  2350  2750  2510  2780
572051  1870  3170  3010  3410  2690  2430  1890  1520  1460  1220  1100
572051  1880  2210  1790  1900  1660  2200  2080  2110  1880  1980  1600
572051  1890  1650  1700  1930  2260  1930  1800  1520  1440  2040  1890
572051  1900  1760  1670  1610  1550  1920  1850  2020  1130  1630  1220
572051  1910  1790  1750  1540  2100  1800  1740  1540  1400  1220  1140
572051  1920   930  1100   990   760   770   580   700   680   550   520
572051  1930   620   670   590   550   730   730   630   510   540   360
572051  1940   480   520   370   440   480   350   180   150   380   580
572051  1950   590   690   730   690   670   820   810   950   910   920
572051  1960   720   640   710   900   990   910   940  1370  1240  1120
572051  1970  1310  1380  1040  1230  1360  1220  1380  1540  1360 -9999
572052  1853  4090  3840  3000  3100  2970  3420  3220
572052  1860  2240  2020  1570  1630  1410  1820  1680  1510  1440  1550
572052  1870  1620  1310  1220  1620  1340   840   910  1020   900   810
572052  1880  1450   980  1020   980  1050   810   840   880   900   870
572052  1890   780   680   740   990   630   560   580   450   690   660
572052  1900   570   750   580   560   540   650   580   450   590   410
572052  1910   600   550   670   580   710   640   580   600   330   460
572052  1920   320   330   390   220   210   270   470   370   450   390
572052  1930   490   560   390   520   460   750   680   480   350   290
572052  1940   400   400   310   370   410   400   180   430   680   620
572052  1950   700   760   600   540   590   760   590   510   540   910
572052  1960   710   590   620   620   820   750   800   830  1180  1060
572052  1970  1010  1140  1150  1060  1150  1230  1370  1290  1030 -9999
572061  1765  4270  4100  3790  5050  3390
572061  1770  4250  3340  2740  3010  2740  3710  2840  3100  3170  4110
572061  1780  4870  3740  2430  3020  1500  2530  1910  2450  3020  3120
572061  1790  2330  3880  2600  2410  1880  1600  1990  1830  2420  1200
572061  1800  1160  1250  1290  1330  2170  2440  1710  1670  2260  1470
572061  1810  1240  1480  1170  1680  1660  1610  1280  2140  2650  2420
572061  1820  1760  1580  2580  2240  1450  1540  1250  1090  1060   680
572061  1830   940  1230  1350  1080  2140  1880  1540  1030  1390  1060
572061  1840   920   520   900  1230  1310  2300  3050  1910  2080  2640
572061  1850  1660  1410  1350  1030  1460  1120  1290  1230  1560  1930
572061  1860  1420   980  1050   920   990  1050   810   670   910   870
572061  1870   880   660   500   590   500   630   730   580   580   600
572061  1880  1310   900   850   760  1670  1230   920   960   790   800
572061  1890   910  1040  1260  2210  1080  1130   940   690   880  1130
572061  1900   730   910   760   750  1060   860   560   800   890   630
572061  1910   890   940   750  1060   840   650   510   570   590   610
572061  1920   660  1020   890   740   860   710   650   580   500   530
572061  1930   470   430   510   400   390   550   420   500   420   370
572061  1940   290   400   410   470   320   450   470   680   770   900
572061  1950   850   770   880   910   510   520   370   370   410   420
572061  1960   230   270   340   420   380   230   290   360   340   250
572061  1970   280   420   360   380   300   340   300   280   280 -9999
572062  1795  2310  2120  1740  3090  2580
572062  1800  3200  2810  2320  2440  3250  2910  2790  1740  2220  1640
572062  1810  1280  1710  1770  1950  1890  1640  1340  1260  1410  2230
572062  1820  1400  1600  1630  1550  1870  1350  2180  1930  2530  1710
572062  1830  1020  1300   880   770  1600  1130  1110  1040  1040   900
572062  1840   680   770   780   620   650   920   990  1150  1000  1520
572062  1850  1310  1400  1290  1460  1140  1190  1330  1270  1410  1730
572062  1860  1520  1330  1070  1110  1260  1490  1000   940  1520  1250
572062  1870  1200   960  1140  1230  1410  1270   990   920  1190   890
572062  1880  1180  1040  1090   950  1380  1030   880   990   650   920
572062  1890   980   860  1070   960   800  1030  1070  1050  1160  1120
572062  1900   870  1080   710   850  1210   960   900   780   630   750
572062  1910  1080   480   660   750   780   480   570   580   460   460
572062  1920   470   670   630   450   550   660   800   380   590   510
572062  1930   590   380   520   420   490   570   400   520   410   340
572062  1940   420   360   360   450   250   280   430   590   620   450
572062  1950   560   620   520   560   300   330   330   380   340   380
572062  1960   340   370   340   450   290   280   330   370   420   400
572062  1970   340   420   430   470   480   500   340   400   420 -9999
572071  1877  2040  1260  1420
572071  1880  2670  1630  2480  1990  2220  1820  1540  1540  1210  1390
572071  1890  1310  1120  1110  2220  2000  1400  1250  1510  2590  1830
572071  1900  1270  1190   840  1550  1890  1350   960   750   970   630
572071  1910   830   950  1180  1710  1380   710   810   930   940   850
572071  1920   950  1520  1130   870   760  1220  1130  1070  1020   500
572071  1930   720   910  1110   980   730   840   510   560   950   840
572071  1940   370   260   260   940   900  1100  1450  2780  2020  1870
572071  1950  1490  1590  1150   940   670  1040   940   800   690   970
572071  1960   950   820  1210   800  1050   620   470  1420  1520   660
572071  1970   550   760   910   980   810  1300  1260  1170  1030 -9999
572072  1822  4200  3600  3870  3290  3140  2830  2420  1820
572072  1830  2650  2250  2170  2340  2800  3710  2950  2380  1890  1750
572072  1840  1750  1810  1860  2190  1440  2070  2660  1670  1420  2130
572072  1850  1450  1340  1160   620   900  1000   840  1130   730  1010
572072  1860   890  1000   940  1350  1080   740   580   610  1140  1050
572072  1870  1070  1010   970   670  1330  1400  1210   890   610   430
572072  1880  1060   830  1080   900   880   930   770  1080   950  1000
572072  1890   790   700   760  1360   860   630   530   640   900   900
572072  1900   940   760   510   750   900   750   540   360   430   400
572072  1910   490   480   600   410   410   370   260   430   240   330
572072  1920   460   640   630   300   370   460   350   290   230   110
572072  1930   170   160   190   130   220   300   230   270   290   200
572072  1940   220   160   150   350   260   280   200   480   770  1060
572072  1950  1120   480   300   120   100   120   120   150   160 -9999
572091  1846  1930  1930  2120  2240
572091  1850  1360  1630  1690  1270  1640  1350  1160  1200  1710  2010
572091  1860  1540  1610  1000   980  1160  1380  1150   990  1330  1490
572091  1870  1570  1240  1470  1260  1560  1120   900   660   690   650
572091  1880   860   560   770   750   970   890   790   890  1010   810
572091  1890   870   610   730   900   840   640   740   590   690   660
572091  1900   680   510   450   520   610   680   730   470   410   210
572091  1910   500   430   450   400   440   470   390   310   290   330
572091  1920   260   290   360   210   140   180   210   140   140   140
572091  1930   260   270   240   260     0   310   350   340   270   320
572091  1940   220   220   180   240   300   130   200   190   200   210
572091  1950   440   500   390   260   280   510   480   450   370   560
572091  1960   570   450   420   360   440   400   380   370   490   430
572091  1970   360   280   410   320   300   210   270   320   280 -9999
572092  1756  1160  1490   970  2200
572092  1760  1670  1310  1420  1980  1440  1030  1090  1970  1640  1180
572092  1770   530   860   550   760  1500  1500  1910  1540  1080  2080
572092  1780  1710  1310  1060   850   550   890  1180  1060  1190  1490
572092  1790  1100  1040   840  1210  1090  2000  1560  1430  1890     0
572092  1800     0     0  1300  2340  2790  2460  1620  1960  1930  1130
572092  1810  1200   970  1540  1530   860   790   720  1280  1770  2340
572092  1820  3280  3350  3710  3160  3120  2570  2590  3420  2970  1710
572092  1830  2860  2640  2070  2200  2940  2930  1610     0     0  1000
572092  1840  1110  1270  1390  1520   900  1130  1540  1550  2130  2410
572092  1850  2030  1640  1670  1180  1380   930   630   580   770   920
572092  1860   530   660   680   900  1090  1250  1120   830  1310  1370
572092  1870  1630  1330  1280  1110  1530  1460  1380  1090  1050   970
572092  1880  1710  1260  1600  1230  1940  1770  1550  1800  1620  1520
572092  1890  1510  1220  1120  1800  1510  1000  1300  1280  1400  1360
572092  1900  1250  1100   930  1430  1710  1220  1900  1390  1650   990
572092  1910  1650  1560  1490  1400  1230   960   920   650   740   700
572092  1920   730  1170  1010   620   660   800   850   340   960   810
572092  1930   880  1040   980   890  1140  1000   730   820   760   610
572092  1940   600   650   730  1140   850   760   550   690   780  1430
572092  1950  1470  1490  1420  1610  1340  2120  1630  1330  1590  1360
572092  1960  1120   900   580   780  1060  1090   910  1140  1280   850
572092  1970   770   920   820   650   510   620   850   620   680 -9999
BE5     1744  3920  4100  2960  2790  2860  2580
BE5     1750  3100  2360  1800  2340  1980  1630  1190  2370  2000  1620
BE5     1760  1270  1420   900  2160  1840  1380  1410  1930  2440  3110
BE5     1770  1820  1510  1220  1400  1680  1480  2270  1940  2070  4840
BE5     1780  2700  1860  1660  1950   770   560   660  1100   760   750
BE5     1790   980   760   720   820  1180  1020  1090   760   380   310
BE5     1800   620  1250  1120  1090  1270  1320   590   330   370   400
BE5     1810   510   890   840  1250   920  1110   940  1140  1120  1370
BE5     1820  1740  1330  1450  1850  1870  1430   960   820   840  1410
BE5     1830  2930  2750  1920  1500  1880  2160  1130   660   310   120
BE5     1840   120   320   420   770  1400  1210   910  1030  1700  1310
BE5     1850   990   810  1200  1060  1190   590   380   940  1950  2150
BE5     1860  1570  1420   830   460   960  1110   770   500  1150  1080
BE5     1870  1320   980  1110  1110  1510  1330   890   550   960   450
BE5     1880  2440  1220   870   780  1080   810   360   920  1050  1430
BE5     1890  1180   790   400   520   190    80   100   160   230   220
BE5     1900   210   180   310   480   410   380   310   430   450   400
BE5     1910   390   270   310   470   750   690   490   300   320   250
BE5     1920   520   930   860   610   520   490   820   680   450   440
BE5     1930   580   620  1180  1050   730   680   400   300   680   380
BE5     1940   420   540   560   880  1150   940   760   640   740  1170
BE5     1950  1230  1310  1060   860   490   540   440   800   750   550
BE5     1960   480   650   560   480  1110  1470   880   960   770   670
BE5     1970  1010  1730  1750  1820   900  1690  2000  1470   840   600
BE5     1980   480   450   580  1210   780   990   810  1160   780  1300
BE5     1990  2880  2410  1380  1170   850   950   740   910   730  1320
BE5     2000  1360   820   680   860   870   850   820 -9999
BE8     1825   800   810  1060  1000  1000
BE8     1830  1330  1080  1250  1070  1210  1330  1220   920   930   840
BE8     1840  1140  1060  1110  1280  1340  1690  1480  1410  1760  1670
BE8     1850  1470   890  1110   710  1010  1100   940  1220  1860  1780
BE8     1860  1560  1900  1820  1910  1370  1280  1200  1170   870  1240
BE8     1870  1110  1040   980  1000  1240  1180   790   650   620   740
BE8     1880  1360  1190  1380   990   910   760   650   740   730   600
BE8     1890   760   480   390   560   640   540   600   610   840   650
BE8     1900   810   630   480   590   840   980  1010   720   600   800
BE8     1910  1020   760   820   620   940   620   770   570   620   730
BE8     1920   700   870   740   550   590   770   650   570   480   400
BE8     1930   470   420   630   860   940   990   660   650   920   460
BE8     1940   570   620   570   870   720   840   520   830   570   680
BE8     1950   970   690   750   650   670   560   420   760   640   770
BE8     1960   630   500   430   510   660   600   490   880   960   670
BE8     1970   790   940  1170  1220   890   740   780   830   680   860
BE8     1980   720   520   540   770   760   730   430   560   360   520
BE8     1990  1140   930   840   550   620   550   410   530   270   330
BE8     2000   390   360   290   340   390   340   340 -9999
BE9     1735  2620  3070  2770  2700  1770
BE9     1740  1200  1870  1350  2920  3430  2030  3160  3710  2940  1790
BE9     1750  2200  1840  2170  2490  2800  2160  1890  2530  1900  2530
BE9     1760  2400  2090  2240  2400  2460  1930  2570  2220  1800  2200
BE9     1770   950   970  1010  1130  1650  1410  1650  1160  1810  1790
BE9     1780  1920  1040  1320  1450  1440  1460  1870  1810  1870  1540
BE9     1790  1850  1410  1470  1200  1790  1800  1580  1380  1540  2040
BE9     1800  1750  1920  1910  2900  2340  2550  1820  1460  1910  1870
BE9     1810  1290  1940  1900  1800  1820  1760  1190  1650  1510  1910
BE9     1820  1820  1110  1500  1500  1180  1330  1160  1210  1320  1260
BE9     1830  1240  1450  1220   870  1330  1390   930   860   900  1100
BE9     1840  1120   980  1310  1290   900  1020   930  1320  1320  1520
BE9     1850  1410  1260  1120   920   990   750   650  1060  1230  1090
BE9     1860  1010   840   570   650   730  1010  1070   450   740   720
BE9     1870   970   730   780   680   750   670   690   400   440   340
BE9     1880   660   700   690   650   640   550   480   560   720   680
BE9     1890   790   480   690   620   710  1220   990   830  1140  1060
BE9     1900  1060   940   720   980  1040   830  1010   950   760   710
BE9     1910  1060   860  1010   920  1080   860   640   490   680   770
BE9     1920   760   980   800   440   560   940  1150   650   620   570
BE9     1930   670   830   850   930   930   920   770   580   820   360
BE9     1940   480   520   510   530   570   470   290   660   260   530
BE9     1950   560   430   390   460   500   560   310   420   640   630
BE9     1960   430   420   270   360   420   330   280   470   560   290
BE9     1970   360   370   440   340   200   280   370   340   270   230
BE9     1980   220   220   290   390   280   200   170   250   200   390
BE9     1990   410   360   340   290   280   250   190   200   130   160
BE9     2000   160   110   110   210   260   200   190 -9999
BE10    1785  3130  2850  3450  3550  3480
BE10    1790  4080  3570  3690  2620  3090  3410  3030  2430  2910  2990
BE10    1800  3400  3110  3270  3530  3620  3930  2890  3030  3210  2920
BE10    1810  3060  2600  2980  2970  2650  3220  3230  3460  2590  3880
BE10    1820  4380  2910  4140  3560  3110  3150  2850  2890  3020  2560
BE10    1830  2850  2330  2520  2410  2640  2740  2060  1500  1660  1570
BE10    1840  1830  1910  2010  2220  2000  1820  1890  2040  2220  2500
BE10    1850  2130  2060  2000  1660  1810  1790  1590  1850  2570  2180
BE10    1860  1910  1580  1540  1230  1430  1370  1370  1430  1880  1860
BE10    1870  1920  1480  1670  1560  1480  1310  1150   820   890   790
BE10    1880  1290  1090   950   830  1530  1080   920   880   800   550
BE10    1890   940   700   720   760  1030   690   910   720   810   850
BE10    1900   820   790   660   750   760   720   880   790   700   620
BE10    1910   760  1010   970   870   990  1080   990   920   880   760
BE10    1920   740   930   770   910   950   850   960   920   670   800
BE10    1930   860   650   880   920   850   900   880   890   810   700
BE10    1940   590   760   690   830   650   530   460   690   700   620
BE10    1950   590   590   620   520   430   550   620   510   480   680
BE10    1960   620   520   320   640   630   420   540   460   470   510
BE10    1970   440   530   490   410   370   400   360   430   390   370
BE10    1980   260   350   330   490   280   300   270   430   400   440
BE10    1990   440   510   450   320   430   480   410   520   410   280
BE10    2000   290   290   120   270   220   210   450 -9999
BE-NLP  1621   383   541   487   339   519   350   403   318   506
BE-NLP  1630   537   438   827   620   271   398   455   667  1037  1007
BE-NLP  1640   400   631   369   541   380   587   294   652   668   349
BE-NLP  1650   125   147   129   164   227   421   474   232   399   256
BE-NLP  1660   470   475   214   720   357   312   325   193   235   278
BE-NLP  1670   276   233   360   212   371   223   257   399   247   377
BE-NLP  1680   427   839   662   976  1089  1062   657   489   555  1099
BE-NLP  1690   827  1276  1012   934  1123   978  1127  1192  1194   904
BE-NLP  1700   916  1185  1104   993   646   432   621   540   759   871
BE-NLP  1710  1222  1034   814   589   711   600   478   319   291   281
BE-NLP  1720   191   309   213   259   175   289   299   369   394   492
BE-NLP  1730   654   714   402   695   568   531   316   242   379   497
BE-NLP  1740   518   632   797  1334  1359  1345  1342  1126   725   635
BE-NLP  1750   582   845   764   490   418   426   269   304   403   341
BE-NLP  1760   465   503   569   748   640   506   497   664   479   352
BE-NLP  1770   119   195   327   288   374   731   484   381   389  1154
BE-NLP  1780   982   843   508   445   235   826   617   462   912  1334
BE-NLP  1790  1178   782   862   753   757   816   801   985   882   797
BE-NLP  1800   954   920   777   943  1045   979  1321  1548  1567   839
BE-NLP  1810   916  1060   799  1199  1101  1338  1126  1299  1111  1258
BE-NLP  1820   943   990  1451  1526  1957  1910  1960  1710  1861  1662
BE-NLP  1830  1488  2177  1493  1670  1686  1590  1286   819   649   644
BE-NLP  1840   470   576   948   965   763   239   370   537   678   858
BE-NLP  1850   907   591   905   764   740   480   309   584   719   847
BE-NLP  1860   572   709   551   466   360   476   647   487   349   265
BE-NLP  1870   413   456   616   733   753   812   778   821   808   529
BE-NLP  1880   917  1008   867   495   676   653   657   814   660  1033
BE-NLP  1890   978   694   495   594   390   297   225   291   275   447
BE-NLP  1900   428   633   328   214   272   428   371   423   368   322
BE-NLP  1910   417   452   428   562   653   597   502   584   381   420
BE-NLP  1920   305   475   426   328   259   252   280   326   174   298
BE-NLP  1930   259   388   537   631   536   692   644   577   354   299
BE-NLP  1940   298   386   319   424   361   392   351   359   318   506
BE-NLP  1950   538   483   366   398   356   537   336   372   343   259
BE-NLP  1960   357   140   164   204   278   306   305   373   316   339
BE-NLP  1970   359   305   389   375   206   193   227   271   257   142
BE-NLP  1980   149   151   164   131   140   141   193   185   237   214
BE-NLP  1990   205   299   206   237   245   224   129   108   149   196
BE-NLP  2000   224   249   256   321   366   353   291   222 -9999
BE-ROB1 1796  2321  2389  3261  1984
BE-ROB1 1800  2969  2965  1606  1561  3603  4756  3234  2560  2538  2861
BE-ROB1 1810  2278  2745  2437  2891  1736  2006  2391  2360  2175  2489
BE-ROB1 1820  1729  4156  2654  2693  3480  1762  1918  1921  2240  1862
BE-ROB1 1830  1917  2184  1935  2660  2822  2066  1691  1501  1724  1115
BE-ROB1 1840  1400  1584  2043  2306  1763  2476  2661  2364  2370  2346
BE-ROB1 1850  2721  2371  2397  1558  2364  2152  2092  2169  2449  2657
BE-ROB1 1860  2420  1791  2107  1912  1968  1895  1146  1112  1648  2446
BE-ROB1 1870  2845  2203  2182  1703  2308  1715  1350   810   858   866
BE-ROB1 1880  1620  1142  1455  1220  2109  1867  1476  1869  1696  1324
BE-ROB1 1890  1644  1351  1449  2064  1968  1577  1094  1062  1165  1031
BE-ROB1 1900  1170  1325  1082  2239  1885  1243   856   718   728   952
BE-ROB1 1910  1141   935   922  1136  1232   814   900   665   472   952
BE-ROB1 1920   678  1421  1078   758   758   727   674   674   788   627
BE-ROB1 1930   679   921   972  1173   902   880   675   521   515   311
BE-ROB1 1940   268   211   218   392   405   546   505   516   639   636
BE-ROB1 1950   700   555   416   838   546   251   111     0     0     0
BE-ROB1 1960     0     0     0     0   111   168   144   132   128   114
BE-ROB1 1970   142   142   134   233   180   233   328   252   225   246
BE-ROB1 1980   289   244   265   338   322   277     0     0     0   267
BE-ROB1 1990   238   241   215   177   134   121   137   172   108   131
BE-ROB1 2000   162   108   196   188   154   139   178   137   272   257
BE-ROB1 2010 -9999
BE-ROB2 1770  1538  1738  1420  1868  1969  2089  2318  1553  2107  2816
BE-ROB2 1780  2357  1571  1340  1654  1146  1249  1302  1224  1779  1746
BE-ROB2 1790  1512  1457  1227  1970  1204  1289   904   525   711   982
BE-ROB2 1800  1163  1442  2012  3089  2855  2429  1751  2343  2385  1756
BE-ROB2 1810  1406  1622  1457  1940  1479  1055  1273  1441  1451  1525
BE-ROB2 1820  1440  1800  2669  2669  1856  1634  1017   814   639   772
BE-ROB2 1830   763  1481  1419  1986  1874  1599  1033   862  1271   885
BE-ROB2 1840   887   815  1064  1148   787   672  1307  1778  1985  2074
BE-ROB2 1850  1348  1571  1582  1287  1178  1028  1120  1755  1491  1827
BE-ROB2 1860  1653  1275   849   609   819  1040   794   554   670   862
BE-ROB2 1870  1369  1358  1090  1316  1376   901  1024   664   507   696
BE-ROB2 1880   983   704   546   626   887   871   582   757   780   596
BE-ROB2 1890   502   360   405   429   211   198   187   278   298   231
BE-ROB2 1900   237   185   219   249   419   414   357   228   185   293
BE-ROB2 1910   326   272   172   262   208   117   185   134   118   165
BE-ROB2 1920   131   216   226   208   214    87   205   250   164   163
BE-ROB2 1930    78   195   140   138   151   108   108    87   127   165
BE-ROB2 1940   194   106    85   127    96   175   117   120    98   154
BE-ROB2 1950   162   164   172   182   239   181   117   140   139    88
BE-ROB2 1960   127    97   151   183    90   129   131   149   185   142
BE-ROB2 1970   149   108   128   108    75   108   118 -9999
BE-ROB3 1703   618   353   411   159   151   247   156
BE-ROB3 1710   159   113   250   353   521   687   546   288   208   196
BE-ROB3 1720   455   464   142   181    99   113    38   353   359   391
BE-ROB3 1730   390   619   572   629   285   632   679   350   367   333
BE-ROB3 1740   303   153   494   602   779   478   643   550   658   672
BE-ROB3 1750   837   715   483   365   483   954   927  1269   830  1346
BE-ROB3 1760  1273  1296   699  1045  1034   534   695  1281   563   825
BE-ROB3 1770   288   429   659  1038   889   799   822   768  1014  1269
BE-ROB3 1780  1217  1471  1007   816   382   838   805   964   954  1006
BE-ROB3 1790  1358  1472  1079  1016  1038   603   772   879   846   720
BE-ROB3 1800   857   784   963   910   796   613   562   816   943   445
BE-ROB3 1810   752   774   583   698   720   847   867  1260  1058   593
BE-ROB3 1820   688   921  1270   825  1037   740   540   487   477   466
BE-ROB3 1830   529   699   444   667   827   624   741   444   360   339
BE-ROB3 1840   487   846   889   762   657   455   836   762   677   635
BE-ROB3 1850   508   656   603   593   561   466   403   604   742   879
BE-ROB3 1860   605   689   752   795   720   720   541   243     0   340
BE-ROB3 1870   381   403   550   636   710   658   583   667   445   541
BE-ROB3 1880  1092   657   509   595   815   724   605   848   788   722
BE-ROB3 1890   658   817   903   795   181     0     0     0     0   159
BE-ROB3 1900   170   233   148   154   222   183   148   127   138   106
BE-ROB3 1910   190   277   244   296   307   361   254   180   148   349
BE-ROB3 1920   382   593   412   297   243   254   191   307   246   307
BE-ROB3 1930   403   349   446   317   328   531   435   287   255   191
BE-ROB3 1940   368   318   297   382   350   266     0   276   204   305
BE-ROB3 1950   416   461   299   352   268   352   385   312   363   416
BE-ROB3 1960   298   204   296   393   456   554   319   456   489   302
BE-ROB3 1970   264   435   439   530   382   477   382   573   297   244
BE-ROB3 1980   297   296   277   477   211   277   436   522   531   393
BE-ROB3 1990   479   478   436   489   457   395   256   268   191   426
BE-ROB3 2000   500   405   309   309   309   246   405   298   361 -9999
BE-ROB4 1808  1524  1209
BE-ROB4 1810  1145   843   739   769   885  1075   933   951   730   781
BE-ROB4 1820   589   604   894  1003   835   997  1105  1168  1079  1019
BE-ROB4 1830  1179  1337  1103  1022  1446  1034  1034   847   700   482
BE-ROB4 1840   214   239   298   285   503   452   622   821   971  1049
BE-ROB4 1850  1116  1308  1268  1086   951   593   501   921   992  1063
BE-ROB4 1860   944  1094   948   769  1305  1308   941   734   918   768
BE-ROB4 1870  1383  1110   978   907   954   984  1065   904   973  1048
BE-ROB4 1880  1562  1002   914   993   946   892   795  1302  1202  1051
BE-ROB4 1890   839   718   694   882   664   578   709   656   536   679
BE-ROB4 1900   783   702   557   708   915   891   737   566   831   517
BE-ROB4 1910   606   509   649   606   540   563   652   555   434   540
BE-ROB4 1920   542   401   357   249   206   262   108   267   272   316
BE-ROB4 1930   377   455   628   642   592   767   814   822   489   447
BE-ROB4 1940   466   650   650   885   783   827   559   610   482  1076
BE-ROB4 1950  1380   802   224   127   137   173    87    85   131   181
BE-ROB4 1960   213   185   127   127   245   169   192   235   233   308
BE-ROB4 1970   426   308   349   255   159   180   202   254   371   498
BE-ROB4 1980   370   646   381   236    97    84   118   148   191   159
BE-ROB4 1990   181   159   280   360   403   437   414   340   264   224
BE-ROB4 2000   275 -9999
T1Q4T6  1872  1511  1360  1201  1280  1400  1767   885  1191
T1Q4T6  1880  2037   774  1330  1126   922  1069  1388  1101  1316   723
T1Q4T6  1890  1203  2331  1528  1618  1431  1142  1609  2110  1913  1612
T1Q4T6  1900  1702   940   943   917  1152  1074   666  1019  1425   724
T1Q4T6  1910   839  1254  1075  1419   974   952   921  1026   942  1112
T1Q4T6  1920   878  1058  1270  1016   668  1111  1313  1534   942   889
T1Q4T6  1930   815   582   617   857   921  1567  1302  1291  1535   772
T1Q4T6  1940   657   730   719  1091  1132  1312   858  1037   730   857
T1Q4T6  1950  1260  1566  1259  1366   942  1735  1175   984  1186  1176
T1Q4T6  1960   975  1185  1018   985  1038   879   645   604   804   730
T1Q4T6  1970   603   922  1006   846   709   657   740   985   984   730
T1Q4T6  1980   529   625   943   995  1219  1136  1124  1235   998   845
T1Q4T6  1990   941  1143   943   997   994   724   436    97   151   280
T1Q4T6  2000   444   334   296   457   462   330   342   213 -9999
TAQ1T1  1896   372   341   424   639
TAQ1T1  1900   667   677   584   804   679   667   732   587   560   587
TAQ1T1  1910   547   613   560   493   771   489   523   492   382   373
TAQ1T1  1920   339   724   656   328   392   561   624   487   370   530
TAQ1T1  1930   688   698   647   920   847  1111  1006   794   613   519
TAQ1T1  1940   677   836   731   878   741   656   382   572   583  1006
TAQ1T1  1950  1143  1482   878   572   645   699   308   881  1113  1346
TAQ1T1  1960   763   573   477   731   700   742  1070  1676  1496  1582
TAQ1T1  1970  1712  1528  1923  1000  1221  1334  1151  1311  1259   862
TAQ1T1  1980   321   340  1011   910  1365  1207  1027  1249   944   891
TAQ1T1  1990  1125  1040   891   862   998   660   707   731   614   652
TAQ1T1  2000   545   403   267   232   234   226   399   208   200   375
TAQ1T1  2010 -9999
TAQ1T2  1793  2659  2409  2667  2354  2123  2334  1718
TAQ1T2  1800  2152  2031  1768  2209  2097  2681  1886  3001  2564  2319
TAQ1T2  1810  2186  3859  2734  2154  1542  2019  1762  1705  1769  3157
TAQ1T2  1820  3816  4742  3303  2625  2753  1979  2698  3101  2308  2381
TAQ1T2  1830  2847  3050  2976  3599  3155  3221  1977  2563  2878  2127
TAQ1T2  1840  2773  2297  1810  2255  1486  1341  2193  2802  2187  3090
TAQ1T2  1850  2185  1874  1518  1905  1866   904   539   654   753   894
TAQ1T2  1860  1129   778   589   828   713   814   560   503   785   693
TAQ1T2  1870   920  1025  1327   963  1331  1415  1004   661   302   493
TAQ1T2  1880   681   778   996   803   807   624   623   650   695   738
TAQ1T2  1890   798   785   853  1131   874   992   816   988  1217  1294
TAQ1T2  1900   891  1281   776   921  1231  1058  1282  1032   783   580
TAQ1T2  1910  1207  1372  1403  1471  1038  1117   974   689   709  1173
TAQ1T2  1920   794   957   956   616   743  1092  1046  1516  1096   898
TAQ1T2  1930  1148   725  1246  2113  1599  1031  1242   892   680   351
TAQ1T2  1940   541   596   552   702   584  1040   617   818   636   816
TAQ1T2  1950   954   859   942  1040   710  1229   858  1081   880   762
TAQ1T2  1960  1027   985  1017  1409  1164  1038   805   985  1155   922
TAQ1T2  1970   794   889  1249  1344   847  1407  1100   847   807   742
TAQ1T2  1980   467   541   636   763  1154   733   571   869   773  1060
TAQ1T2  1990  1281  1412  1898  1180  1126  1246   755   927   509   836
TAQ1T2  2000   731   497   402   466   603   603   667   677  1198 -9999
TAQ2T1  1835  1697  1296  1269  1073  1162
TAQ2T1  1840  1218  1129  1620  1693  1702  1724  1891  2231  1992  2419
TAQ2T1  1850  2211  1408  1967  1585  1520  1453  1065  1360  1768  1448
TAQ2T1  1860  1200   889   995   964  1217   964   773   656  1186  1092
TAQ2T1  1870  1462   911  1167  1287  1134   829  1051   540  1031   985
TAQ2T1  1880   947  1105   963  1314  1309  1028   837  1116  1208  1024
TAQ2T1  1890  1227   840  1086  1282   780   950   822  1057   884  1077
TAQ2T1  1900  1178   955   830   590  1027  1030   915   632   750   599
TAQ2T1  1910  1024  1075  1112   830  1058  1094   686   976   666   854
TAQ2T1  1920   578   922   750   676   836  1037   976   852   765   646
TAQ2T1  1930   802   898  1116  1179  1181  1393  1412  1243  1206   687
TAQ2T1  1940   861   716   710  1124   962  1247  1061  1213  1226  1094
TAQ2T1  1950  1687  1223  1124  1149  1101  1444  1038  1224  1137  1505
TAQ2T1  1960  1010  1042   968  1190  1181   990  1066  1128  1194  1018
TAQ2T1  1970   723  1065  1158   905   814   898   953  1038   945   680
TAQ2T1  1980   707   837   770   887  1195   648   777   764   951   753
TAQ2T1  1990  1161  1559  1464   965   985   914   557   800   307   791
TAQ2T1  2000   733   474   346   449   436   540   398   317   710   881
TAQ2T1  2010 -9999
TAQ2T2  1855  1144  1802  2319  2195  2473
TAQ2T2  1860  2066  2326  2127  2112  2020  1883  2223  1609  1812  2339
TAQ2T2  1870  2621  1915  2217  1857  2036  2538  2434  1583  1570  1507
TAQ2T2  1880  2492  1435  1870  1978  2094  1645  1550  1547  1455  1142
TAQ2T2  1890  1286  1471  1983  2384  2120  1186  1401  1359  1545  1267
TAQ2T2  1900  1482  1741  1818  1984  1961  2481  1658   760  1409  1349
TAQ2T2  1910  1234   881  1314  1927  1445   768  1351   960  1086  1104
TAQ2T2  1920   594  1043  1002   901  1082  1038  1105  1773  1381  1100
TAQ2T2  1930  1034  1164  1018   955   717  1002  1124   726   776   479
TAQ2T2  1940   445   468   301   555   733   606   540   613   391   756
TAQ2T2  1950   497   523   759  1272  1037  1999  1123   803   974   693
TAQ2T2  1960   486   439   758   659  1038   572   633   914   674   434
TAQ2T2  1970   609   613   660   717   388   600   666   446   265   362
TAQ2T2  1980   345   345   332   664   392   281   290   331   563   813
TAQ2T2  1990   415   438   255   452   478   345   252   232   171   248
TAQ2T2  2000   354   181   124   174   282   252   238   171   201   432
TAQ2T2  2010 -9999
TAQ3T1  1827  2015  3020  1587
TAQ3T1  1830  2116  1863  1700  1008  1505  1638  1463  1718  1642  1474
TAQ3T1  1840  2102  2213  2075  1941  1056   988  1361  1333  1543  1892
TAQ3T1  1850  1484  1268  1219   845  1183   910   818  1291  1016  1412
TAQ3T1  1860  1205   888   779   906  1699  1728  1094  1194  1614  1349
TAQ3T1  1870  1504  1490  1194  1112  1547  1145  1078   778   990   763
TAQ3T1  1880  1268   710   837   602   760   457   361   537   552   489
TAQ3T1  1890   885   766  1117  1453  1286  1174  1095   938   928   900
TAQ3T1  1900   890   720   578   899   906  1056   588   332   341   394
TAQ3T1  1910   615   829   773   762   574   583   715   609   809   644
TAQ3T1  1920   839   788   796   611   644   564   881  1036   829   862
TAQ3T1  1930   810  1193  1250  1446  1048  1550  1138  1280   853   467
TAQ3T1  1940   510   699   456   501   552   710   577   794   563   790
TAQ3T1  1950   735   722   617   697   597   651   559   857  1178  1313
TAQ3T1  1960   811   892   836   658   714   606   746  1256  1410   571
TAQ3T1  1970   726   586   601   867   422   468   715   753   885   777
TAQ3T1  1980   592  1094  1295  1057  1161   721   616   662   656  1058
TAQ3T1  1990  1336  1082  1191  1202  1181  1137   580   305   275   313
TAQ3T1  2000   328   255   311   405   402   382   455   362   395   625
TAQ3T1  2010 -9999
TAQ4T1  1895   952   995  1123   779  1016
TAQ4T1  1900  1128   910   954  1010  1347  1127   838   994  1306  1119
TAQ4T1  1910  1539  1229  1275  1199  1242  1518  1838  1647  1680  1663
TAQ4T1  1920  1630  2367  1610  1304  1340  1671  1754  1677  1718  2320
TAQ4T1  1930  1945  1976  2269  2202  1693  1596  1224  1275  1224   954
TAQ4T1  1940   954  1112  1261  1992  1515  1154   730  1069   974  1397
TAQ4T1  1950  1017  1355  1493  1467   850   712   807  1031   796   744
TAQ4T1  1960   764   678   710   635   836   719   794  1439   860   593
TAQ4T1  1970   499   710  1158  1071   825  1146   899   592   465   457
TAQ4T1  1980   695   562   902  1251  1078   793   596   743   558   847
TAQ4T1  1990   943   930   601   729   560   506   323   228   280   370
TAQ4T1  2000   523   418   659   713   885   889   776   623   513   496
TAQ4T1  2010 -9999
TAQ4T2  1885  4271  3840  2864  2801  1664
TAQ4T2  1890  2032  1951  2362  2618  2396  1270  1590  1838  1668  1526
TAQ4T2  1900  1503   903   984  1191  1476  1582  1643  1274  1560  1460
TAQ4T2  1910  1590  1286  1510  1208  1098  1326  1201  1041  1178  1631
TAQ4T2  1920  1396  1605  1310   637   823   953   854  1066   675   785
TAQ4T2  1930   836  1170  1053  1375  1395  1782  1740  1264  1867   832
TAQ4T2  1940   895  1057   586  1014   927  1069   937   705   501  1151
TAQ4T2  1950  1334  1473  1099  1163   993  1406   765  1177   958  1036
TAQ4T2  1960   918   894   829   776   711   733   614   905   841   678
TAQ4T2  1970   692   816  1216  1177   724   934   998  1319  1248  1080
TAQ4T2  1980  1061  1281  1451  1768  1394  1063  1316  1381  1318  1108
TAQ4T2  1990  1310  1126  1397  1183  1088   987   692   878   584   803
TAQ4T2  2000   801   612 -9999
TAQ5T1  1870  1446  1218  1357   979  1216  1364  1721   997   963  1010
TAQ5T1  1880  1575   846  1200  1124   985  1049   898   998   619   548
TAQ5T1  1890   787   794   719   576   601   326   601  1047   706   904
TAQ5T1  1900   934   763   510   603   853   679   648   773   872   527
TAQ5T1  1910   830   922   780   584   797   789   396   309   501   596
TAQ5T1  1920   544   938   724   674   579   765   453   439   512   469
TAQ5T1  1930   534   692   698   767   846   918   836   470   575   296
TAQ5T1  1940   453   519   512   743   729   500   495   332   182   575
TAQ5T1  1950   689   426   269   399   683   693   490   640   717   822
TAQ5T1  1960   646   341   375   519   395   288   418   386   498   278
TAQ5T1  1970   409   507   657   488   349   490   575   609   395   274
TAQ5T1  1980   346   295   393   463   365   428   359   275   490   340
TAQ5T1  1990   338   332   465   296   308   372   184   142   449   148
TAQ5T1  2000   319   167   529   423   300   432   204   191   177   181
TAQ5T1  2010 -9999
TAQ5T7  1837  1523  1164   811
TAQ5T7  1840  1015  1155  1528  1787  1478  1408  1358   981   737   905
TAQ5T7  1850  1247  1254  1700  1351  1473  1224  1614  1132  1808  1368
TAQ5T7  1860  1300  1295  1500  1765  1351  1203  1222   529   925   931
TAQ5T7  1870  1223  1169  1073  1556  1148  1698  1172   658   756   700
TAQ5T7  1880  1121   877  1303  1123   756  1002  1001  1290  1225  1145
TAQ5T7  1890  1216  1183  1230  1196   745   685   781   685   625   666
TAQ5T7  1900   696   513   289   394   702   685   973   758   823   491
TAQ5T7  1910   780   878   695  1046  1035  1011   918   829   872   631
TAQ5T7  1920   533   576   821   921  1084   967   860  1085   893   946
TAQ5T7  1930  1041  1107   954   593   902  1187  1133  1016   890   339
TAQ5T7  1940   423   635   423   912  1079  1037   995   730   625   889
TAQ5T7  1950   825   984   901   975   963  1218  1122  1376   985   963
TAQ5T7  1960   700   614   762   952  1250  1569  1326  1675  1752  1082
TAQ5T7  1970   698   900  1058   953   687  1028   838   933   700   497
TAQ5T7  1980   508   646   804  1123   796   858   964  1094   923   923
TAQ5T7  1990  1262  1264   892   903   936  1157   490   244   233 -9999
TBQ1T2  1791   601   708  1058   908   426   512   235   439   233
TBQ1T2  1800   458   837   838   838   711   573   551   605  1390   804
TBQ1T2  1810  1186  1460   931  1006   667   920   762  1451   995  1588
TBQ1T2  1820  1280  1217   910   910  1366   921  1206   984  1154   571
TBQ1T2  1830   667   677   773  1471   741   709  1132  1027   690   428
TBQ1T2  1840   512   713  1034   841   403   598   631   824  1084   637
TBQ1T2  1850   512   648   455   622   690   365   570   733   571   642
TBQ1T2  1860   850   618   482   326   370   359   478   348   404   280
TBQ1T2  1870   364   447   498   375   205   265   185   259   312   373
TBQ1T2  1880   475   288   296   305   352   403   262   426   428   393
TBQ1T2  1890   547   583   543   570   339   216   254   393   385   563
TBQ1T2  1900   610   471   402   524   591   382   424   382   514   391
TBQ1T2  1910   540   816   780   472   470   501   426   328   304   277
TBQ1T2  1920   393   657   540   619   583   620   559   466   409   395
TBQ1T2  1930   391   268   437   339   424   479   349   295   316   218
TBQ1T2  1940   403   339   282   316   326   262   175   195   239   293
TBQ1T2  1950   326   349   239   195   252   467   218   175   164   196
TBQ1T2  1960   221   228   303   225   269   289   238   503   329   262
TBQ1T2  1970   292   295   460   413   219   402   406   608   593   309
TBQ1T2  1980   226   289   730   512   415   342   340   450   545   352
TBQ1T2  1990   364   513   489   430   569   375   440   436   336   458
TBQ1T2  2000   480   342   233   249   299   267   405   257   362   361
TBQ1T2  2010 -9999
TBQ2T2  1855  1455  1800  2009  2221  1914
TBQ2T2  1860  1902  1756  1441   846  1261  1336  1189  1033  1355  1612
TBQ2T2  1870  1696  1950  1714  1829  2120  2061  1520   971  1031  1744
TBQ2T2  1880  1877  2001  1667  1417  1779  1493  1068  1687  1567   984
TBQ2T2  1890  1195  1640  2086  1879  1440  1131   994  1558  1592  1247
TBQ2T2  1900  1254  1025  1025  1071  1294   985   865   632   513   493
TBQ2T2  1910   720  1071  1428  2144  2213  1235   989   882  1075  1084
TBQ2T2  1920   571   810   816   884   562   571  1250  1659  1346  1006
TBQ2T2  1930  1006  1015  1029   771   750   952   803   663   486   328
TBQ2T2  1940   701  1185   691  1271   576   703   529   373   295   840
TBQ2T2  1950   871  1310  1396  1858  1245  1410  1175   614   444   513
TBQ2T2  1960   312   249   214   334   635   312   356   635   754   659
TBQ2T2  1970   584   818  1212  1041   765  1095   765   584   679   681
TBQ2T2  1980   414   310   448   706   568   505   349   657   582   506
TBQ2T2  1990   704  1152  1160   899  1096   891   773   578   399   477
TBQ2T2  2000 -9999
TBQ2T4  1901  2410  2487  2758  3251  2565  2142  1627  2734  1974
TBQ2T4  1910  1880  1628  2140  2651  2783  2290  2282  2330  2330  2381
TBQ2T4  1920  2021  2253  2357  2098  2813  2350  2212  1928  2276  2456
TBQ2T4  1930  2064  1852  1831  2138  1789  2648  2997  2341  2394  1461
TBQ2T4  1940  1228  1577  1429  2106  1873  2085  1196  1471  1302  3069
TBQ2T4  1950  3588  3233  3167  2861  2287  2497  1376  1947  2064  1556
TBQ2T4  1960  1111   858  1248  1355  1164  1111  1091  1291  1682  1112
TBQ2T4  1970  1355  1630  1546  1304   981  1334  1385  1547  1397  1521
TBQ2T4  1980  1075   533   690  1319  2022  1575  1183  1480  1086   941
TBQ2T4  1990  1233  1116  1278  1001  1320   850   598   806   455   653
TBQ2T4  2000   467   385   340   244 -9999
TBQ3T5  1943  2286  2010  2838  1346   944   824  1838
TBQ3T5  1950  1642  2042  1136  1185  1192  1902  1422  2351  1366  1504
TBQ3T5  1960  1024  1007   891   623  1324  1696  1603  2546  2234  1257
TBQ3T5  1970  1154  2142  2414  2013  2011  2574  2102  2272  2295  1503
TBQ3T5  1980  1152  1409  1792  3491  2649  1713  1446  1672  2257  1709
TBQ3T5  1990  1726  2283  1737  1693  1817  1894  1243   610   987   804
TBQ3T5  2000  1446  1850  1568   815   699   920   688   900  1101  1366
TBQ3T5  2010 -9999
TBQ4T3  1887  2849  2715  1712
TBQ4T3  1890  2029  1908  2315  2610  2273  1363  1494  1856  1675  1679
TBQ4T3  1900  1376   892  1028  1242  1480  1614  1678  1253  1539  1537
TBQ4T3  1910  1566  1324  1526  1190   971  1324  1216  1038  1119  1547
TBQ4T3  1920  1470  1604  1316   642   857   918   894  1051   703   858
TBQ4T3  1930   830  1168  1040  1384  1437  1779  1705  1284  1819   844
TBQ4T3  1940   868  1056   598  1015   930  1105   913   713   490  1172
TBQ4T3  1950  1342  1480  1086  1161  1001  1418   787  1182   984  1016
TBQ4T3  1960   920   844   877   736   791   720   602   943   783   676
TBQ4T3  1970   688   826  1169  1062   797   901  1043  1271  1258  1040
TBQ4T3  1980   924  1284  1357  1835  1433  1060  1338  1360  1381  1161
TBQ4T3  1990  1327  1084  1374  1188  1078  1034   702   884   581   791
TBQ4T3  2000   826   589 -9999
TBQ5T3  1679   310
TBQ5T3  1680   329   370   645   586   578   337   534   554   677   451
TBQ5T3  1690   544   488   327   298   313   342   204   493  1295  1700
TBQ5T3  1700  2065  2191  1377  1176   677   699   889   658   582   486
TBQ5T3  1710   742   688  1123   828   963  1093  1025   759   771   680
TBQ5T3  1720   463   442   482   461   418   349   413   328   243   424
TBQ5T3  1730   307   329   371   331   403   392   424   202   255   383
TBQ5T3  1740   214   343   350   388   530   547   456   629   907   933
TBQ5T3  1750  1016   819   629   364   544   683   608   855   658   691
TBQ5T3  1760  1116  1085  1073   745   637   659   688   849   563   604
TBQ5T3  1770   467   468   477   382   838  1362  1594  1048  1421  1717
TBQ5T3  1780   807  1377   966   923   934  1741  1730  1359  1081  1504
TBQ5T3  1790  1282   964  1113  1210  1229   845   606  1279  1150  1056
TBQ5T3  1800  1538  1132   833  1366  1313  1091  1056   874  1498  1224
TBQ5T3  1810   958  1140   894   978   604   726   714  1183   948   739
TBQ5T3  1820  1373   998  1434  1072  1253  1093   860   853   897  1088
TBQ5T3  1830  1292   960   587   553   939   833   768   695   501   469
TBQ5T3  1840   470   620   691   733   786   566   531   510   635   847
TBQ5T3  1850   529   466   656   424   402   275   299   359   318   445
TBQ5T3  1860   329   285   224   149   183   169   148     0    75   137
TBQ5T3  1870   185   264   255   224   201   222   309   222   266   233
TBQ5T3  1880   361   319   403   329   393   297   243   329   361   244
TBQ5T3  1890   361   296   234   424   307   222   286   275   381   307
TBQ5T3  1900   349   307   265   264   424   465   381   319   339   244
TBQ5T3  1910   201   307   275   350   277   391   361   328   329   339
TBQ5T3  1920   190   224   105    95   106   117   138   275     0    96
TBQ5T3  1930   127   222   224   170   299   213   213   255   193   148
TBQ5T3  1940   223   213   180   204   382   309   179   244   190   371
TBQ5T3  1950   381   423   476   582   456   657   370   402   424   455
TBQ5T3  1960   317   222   191   222   222   106   138   159   158   170
TBQ5T3  1970   201   201   212   275   106   211   180   243   201   106
TBQ5T3  1980     0     0     0   192   222    43   148   149   297   254
TBQ5T3  1990   338   286   318   349   244   222   329   267    85   224
TBQ5T3  2000   180   174   148   254   286   180   245   116   127 -9999
TCQ1T3  1746  2979  3737  3415  2950
TCQ1T3  1750  3324  2538  2321  2576  2485  2271  1661  2358  2181  1762
TCQ1T3  1760  1660  1870  1294  1600  1660  2458  1951  1658  1619  1246
TCQ1T3  1770   843   924  1115  1149  1269  2169  1691  1290  1556  2639
TCQ1T3  1780  2272  1577  1366  1403  1065   961  1196  1058  1376  1495
TCQ1T3  1790  1077  1358  1135  1528  1002  1038  1408  1233  1713  1319
TCQ1T3  1800  1512  1747  1577  1984  2006  2146  1637  1243  1236   908
TCQ1T3  1810   613   741   860  1569  1696  1249  1150  1370  1435  1562
TCQ1T3  1820  1493  1394  2095  1285   522   526   808   969  1155  1269
TCQ1T3  1830  1691  2348  1512  1600  2017  1574   967   792   641   516
TCQ1T3  1840   411   422   525   620   730   838   748   788   818  1071
TCQ1T3  1850   995   914   955  1227   936   976   599   974  1171  1350
TCQ1T3  1860  1036   949   663   805   872   738   757   649  1302  1477
TCQ1T3  1870  1445  1188  1056  1099  1178  1134   837   539   309   432
TCQ1T3  1880   496   289   606   552   563   532   319   562   597   449
TCQ1T3  1890   731   674   607   668   593   445   356   499   709   712
TCQ1T3  1900   860   780   459   680   980   944   894   697   749   587
TCQ1T3  1910   596   616   661   709   669   749   637   539   442   413
TCQ1T3  1920   489   763   904   737   757  1041  1121  1068   958   853
TCQ1T3  1930   891   810   748  1261  1413  1545  1384  1209  1124   720
TCQ1T3  1940   904   943   852  1269  1218  1196   669   969   720  1044
TCQ1T3  1950  1087  1029   862   904   890   948   748   862   994  1094
TCQ1T3  1960   757   676   767   957  1176   857  1058  1219  1506  1040
TCQ1T3  1970   881   867  1212  1014   864  1229  1165  1075   843   768
TCQ1T3  1980   465   480   635   722   604   625   379   548   503   630
TCQ1T3  1990   625   789   806   801   883   798   562   458   361   288
TCQ1T3  2000   353   351   276   319   415   286   319   287   435   690
TCQ1T3  2010 -9999
TCQ4T2  1875  2434  2088  1798  2158  1902
TCQ4T2  1880  1966  1686  1412  1158  1368  1507  1492  1160  1175  1111
TCQ4T2  1890  2296  2398  1897  2004  1630  1630  1992  1588  1878  2077
TCQ4T2  1900  1663  1359   956  1061  1358  1113  1581  1315  1188  1144
TCQ4T2  1910  1502  1462  1622  1696  1358  1590  1430  1380  1443  1637
TCQ4T2  1920  1531  1488  1784  1157   912  1209  1031  1061   838   658
TCQ4T2  1930  1003  1159  1256  1096  1161  1483  1212   745   905   588
TCQ4T2  1940   833   657   778  1223  1146   810   359   466   405  1262
TCQ4T2  1950  1364  1440   907  1165  1260  1240   984  1378  1102  1271
TCQ4T2  1960  1106  1006  1016  1003  1334  1366  1088  1177  1043   668
TCQ4T2  1970   699  1258  1119  1196  1065  1084  1025   733   536   532
TCQ4T2  1980   326   394   336   396   513   283   362 -9999
TDQ1T1  1880  3741  2906  2985  3484  3467  2970  2823  2986  2797  2592
TDQ1T1  1890  2221  2512  2783  3952  3277  2751  2687  2928  2861  2689
TDQ1T1  1900  2819  3060  2584  2598  2517  2328  2314  1913  2282  2271
TDQ1T1  1910  2481  2584  2567  2301  2646  2044  1707  1352  1427  1588
TDQ1T1  1920  1462  1724  1468  1237  1289  1985  1727  1607  1426  1465
TDQ1T1  1930  1644  1455  2097  2313  1787  1707  1433   860   706   592
TDQ1T1  1940   614   694   649  1195  1335  1835  1265  1787  1433  1647
TDQ1T1  1950  1670  1728  1822  1615  1509  1801  1297  1531  1618  2097
TDQ1T1  1960  1455  1282  1435  1378  1549  1482  1513  1985  1854  1484
TDQ1T1  1970  1394   953  1161  1042   843   932   900   963   995   805
TDQ1T1  1980   680   733   754   859   915   681   534   691   681   756
TDQ1T1  1990   767   841   959   974  1093   986   773   893   676   698
TDQ1T1  2000   559   536   555   873   755   634   546   567   591   590
TDQ1T1  2010 -9999
TDQ1T4  1918  2032  1778
TDQ1T4  1920  1644  2259  1585  1394  1150  1385  1557  1330  1019   696
TDQ1T4  1930   994  1213  1124  1684  1625  2261  2133  1444   839   787
TDQ1T4  1940  1042  1050  1520  1415  1013  1026   854  1609  1303  2322
TDQ1T4  1950  2657  2711  1992  1840  1730  2973  2003  2253  1853  1895
TDQ1T4  1960  1656  2040  2546  2570  2480  1825  1385  1548  1509  1219
TDQ1T4  1970  1227  1042  1459  1227  1269  1675  1748  1558  1056  1019
TDQ1T4  1980   772   616   734   904  1553  1063  1074  1425  1214  2222
TDQ1T4  1990  2381  1653  1763  1954  1789  1547  1777  1907  1232  1723
TDQ1T4  2000  2154  1363  1125  1085  1206  1541  1669  1908  1812 -9999
TDQ2T2  1900  4537  3650  3176  3572  4810  3654  4082  3070  4496  4436
TDQ2T2  1910  4552  3416  3087  3610  2850  2669  2189  2289  2695  3131
TDQ2T2  1920  3393  3388  3753  3573  3057  2470  1343  2512  2515  2089
TDQ2T2  1930  2971  2416  3355  2788  2287  2456  2686  1853  1154   986
TDQ2T2  1940   811   915  1199  2445  1953  1414   817  1147  1203  1902
TDQ2T2  1950  2306  1818  1560  1574  1071  1253  1219  1843  1907  1632
TDQ2T2  1960  1346  1051  1450  1568  1280  1372  1375  1680  1272  1145
TDQ2T2  1970  1228  1746  1651  1365   783  1197  1059   868   943  1028
TDQ2T2  1980   879   614   880  1047  2139  1440   857   974  1005  1312
TDQ2T2  1990  2434  2229  2250  1168  1272  1113   986   849   458   710
TDQ2T2  2000  1133   478   276   381   603   869   963   677   815   954
TDQ2T2  2010 -9999
TDQ3T1  1763  2885  2741  2596  2744  2819  2056  2377
TDQ3T1  1770  1543  1146  1490  3417  3397  2736  1617  2478  3160  2321
TDQ3T1  1780  4580  2039  1209  1179  1128  1624  1577  2147  2673  2217
TDQ3T1  1790  2323  2833  2149  2663  2872  2035  2533  2557  2479  1919
TDQ3T1  1800  2458  4344  2633  2301  2029  1564  1683  1672  1582  1624
TDQ3T1  1810  1660  1623  1536  2422  1653   836   564   637   750   718
TDQ3T1  1820   596   689  1910  1810  1575   965   463   723   749   745
TDQ3T1  1830  1390  1926   974   717   913   657   621   429   633   601
TDQ3T1  1840   644   594   540   563   799  1068  2294  2594  1693  1652
TDQ3T1  1850  1038  1005   615   371   259   331   286   455   572   584
TDQ3T1  1860   550   522   693   988  1149  1140  1027   881  1161  1225
TDQ3T1  1870  1374  1227   866   625   870   588   530   452   435   527
TDQ3T1  1880   971   653  1085  1162  1444  1307   834   723   669   605
TDQ3T1  1890   710   432   435   847   917   787   837   741  1179  1032
TDQ3T1  1900  1155  1237   861   819  1164  1302  1004   468   318   285
TDQ3T1  1910   325   318   329   358   189   268   294   228   299   201
TDQ3T1  1920   234   309   294   248   271   368   442   455   285   241
TDQ3T1  1930   351   379   508   416   445   644   542   516   355   237
TDQ3T1  1940   174   294   351   426   265   517   616  1184  1449  2226
TDQ3T1  1950  1880  1211   741  1451  1359  1018   583   810  1086  1303
TDQ3T1  1960   702   574  1010   651   602   583   487   597   527   383
TDQ3T1  1970   389   601   570   753   483   592   640   665   369   625
TDQ3T1  1980   370   307   265   521   416     0   540   380   607   473
TDQ3T1  1990   696  1251  1264  1455  1727  1920  1118   584   334   398
TDQ3T1  2000   540 -9999
TDQ3T3  1851   426   505   383   359   544   449   620   406   329
TDQ3T3  1860   359   434   472   296   320   264   324   240   180   196
TDQ3T3  1870   212   187   225   321   234   282   365   407   370   317
TDQ3T3  1880   371   318   500   446   375   265   262   517   552   211
TDQ3T3  1890   422   566   566   385   446   408   475   598   341   496
TDQ3T3  1900   486   341   395   355   496   439   633   516   485   469
TDQ3T3  1910   425   482   566   400   446   518   616   348   453   556
TDQ3T3  1920   530   559   580   491   428   519   476   523   297   396
TDQ3T3  1930   361   395   467   489   623   729   575   346   519   400
TDQ3T3  1940   511   511   360   523   516   532   240   250   238   365
TDQ3T3  1950   513   632   390   390   315   353   510   568   598   524
TDQ3T3  1960   455   359   278   326   544   358   206   672   573   444
TDQ3T3  1970   400   586   616   874   368   703   650   737   467   393
TDQ3T3  1980   205   193   283   450   548   515   368   559   490   524
TDQ3T3  1990   628   577   545   469   611   344   219    86    97   226
TDQ3T3  2000   162   140   129   119   228   168   110   118    77   108
TDQ3T3  2010 -9999
TDQ3TX  1814  2179  1951  2793  2487  2739  2727
TDQ3TX  1820  3673  3014  2605  2284  2312  2039  1559  1887  2020  1470
TDQ3TX  1830  1571  1558  1021  1075  1793  1269   991  1063  1061   944
TDQ3TX  1840  1326  1478  1707  1165  1240  1612  1843  1827  1693  1914
TDQ3TX  1850  1155  1082  1299  1021   863  1074   943  1280  1497  1804
TDQ3TX  1860  1446  1169  1289  1092  1030  1069   600   594  1118  1345
TDQ3TX  1870  1121   876   769   834  1292   889   667   600   686   709
TDQ3TX  1880  1041   904   932   768   621   571   536   647   679   460
TDQ3TX  1890   706   723   837  1122   955   426   522   740   860   680
TDQ3TX  1900   861   650   477   586   911   878   951   575   377   375
TDQ3TX  1910   343   495   657   818   885   783   866   902   726   521
TDQ3TX  1920   411   560   517 -9999
TDQ4T9  1908  4260  3050
TDQ4T9  1910  3516  2847  1947  1476  1484  1966  1667  1661  1531  1381
TDQ4T9  1920  1263  1585  1274  1244  1108  1002  1280  1419   692   907
TDQ4T9  1930  1003  1077  1034  1526  1247  2712  1927  3229  4724  2029
TDQ4T9  1940  1549  2337  1720  3295  1959  2317   616   782   956  2064
TDQ4T9  1950  2057  2080  1519  1283   982  1982  1290  1802  1393  1346
TDQ4T9  1960  1373   773  1118  1658  1616   806   752  2121  1092   723
TDQ4T9  1970  1007  1462  1667  1971  1101  1185   963  1408   752   902
TDQ4T9  1980   320   277   340   682  1028   319   891   498   966   679
TDQ4T9  1990   712  1261   851   827   955   904   405   246   106   119
TDQ4T9  2000   254   181   159   148   191   222   106   107   158    96
TDQ4T9  2010 -9999
TDQ5T1  1745  1461  1328  1183   869   831
TDQ5T1  1750  1092  1295  1163  1034  1083  1133  1102  1118  1197  1099
TDQ5T1  1760  1319  1337  1577  1716  1650  1549  1447  1818  1553  1725
TDQ5T1  1770   709   844  1145  1376  1514  1530  1278   986  1378  1811
TDQ5T1  1780  1587  1263  1269  1192  1141  1550  1148  1322  1283  1433
TDQ5T1  1790  1225   868   844   997  1045   926   981  1196  1266  1914
TDQ5T1  1800  2017  1443  1276  1471  1909  2438  2076  1937  1416   964
TDQ5T1  1810   912   959   915   978   721  1229  1421  1263  1008  1460
TDQ5T1  1820  1090  1186  1451  1249  1331   990   777  1129  1226  1160
TDQ5T1  1830  1072  1323   854   712  1067  1146   846  1267  1071   924
TDQ5T1  1840   912  1082  1376  1017   841   933   943  1346  1537  1143
TDQ5T1  1850  1030   826  1154   895   894   756  1059  1291  1266  1468
TDQ5T1  1860   975  1069   795   804   816   879   424   508   657   730
TDQ5T1  1870  1069  1048  1037  1154   921   571   646   635   804   751
TDQ5T1  1880  1143  1016   752   699  1174  1102   773   662  1519   950
TDQ5T1  1890   968  1030  1015  1200  1097   904   545   892   787   735
TDQ5T1  1900   931   825   606   821  1099   981   660   447   807   447
TDQ5T1  1910   788   975   847   933   869  1005   762   848   593   879
TDQ5T1  1920   677   445   529   391   540   550   551   561   254   319
TDQ5T1  1930   561   836   815  1176   996  1318  1279   868  1038   550
TDQ5T1  1940   456   667   656  1344  1283  1250   668   816   668   795
TDQ5T1  1950  1155  1209   996  1093  1103  1863   954   964   996   869
TDQ5T1  1960   646   700   753   604   583   553   583  1214  1007   668
TDQ5T1  1970   677   786   850   902   456   669   912   827   615   692
TDQ5T1  1980   331   309   533   626   615   584   614   637   509   858
TDQ5T1  1990   899  1281  1315  1006  1082   995   498   287   266   550
TDQ5T1  2000   636   445   296   393   413 -9999
TXQ1T1  1916  2964  2265  3654  3093
TXQ1T1  1920  3743  3149  2460  2283  2018  2228  2364  1826  1549  1381
TXQ1T1  1930  1597  1478  1685  2202  1946  2387  1880  1685  1687  1146
TXQ1T1  1940   871   994  1304  1963  1991  1750  1426  2014  1849  2771
TXQ1T1  1950  2598  2118  2243  2031  1805  1623  1622  1803  1757  2257
TXQ1T1  1960  2026  1900  1571  1717  1479  1517  1440  1440  1281  1098
TXQ1T1  1970  1608  2040  1574  1671  1494  1598  1614  1451  1572  1330
TXQ1T1  1980  1396  1197  1203  1568  1695  1157   929  1342  1046   947
TXQ1T1  1990  1504  1999  1742  1872  1136  1194  1174  1318   724   920
TXQ1T1  2000  1145  1022   860   927  1240  1158  1121  1619  1869  1811
TXQ1T1  2010 -9999
TXQ1T5  1900  1863  1742  1687  1796  2076  1446  1371  1392  1933  2223
TXQ1T5  1910  2133  1805  2177  1995  2125  1450  1719  1408  1892  1834
TXQ1T5  1920  1728  2123  2147  1898  2244  1950  2058  2151  1949  1829
TXQ1T5  1930  2279  2098  2108  2398  2241  2982  2556  2312  2642  2070
TXQ1T5  1940  1559  1954  1758  3101  2371  2889  2434  2382  1810  2488
TXQ1T5  1950  2243  2127  2043  2117  1926  2286  1748  1873  2053  2097
TXQ1T5  1960  1790  1831  2211  2022  2222  1948  2011  2730  2741  1853
TXQ1T5  1970  2193  2246  2309  2370  2087  2766  2457  2066  1887  1600
TXQ1T5  1980  1281  1885  1514  2034  1451  1463  1357  1531  1476  1752
TXQ1T5  1990  1804  2252  2123  1880  1487  1535  1294  1621  1472  1706
TXQ1T5  2000  1535  1323  1069  1125  1030  1517  1316  1156  1390  1463
TXQ1T5  2010 -9999
TXQ2T1  1905  3575  4322  2916  3770  3480
TXQ2T1  1910  3777  3637  4531  4511  3436  3259  2724  2270  2807  3202
TXQ2T1  1920  3205  3549  3392  2965  3246  2889  2580  2463  1509  1315
TXQ2T1  1930  1491  1689  1928  2376  2314  2857  2840  1550  1738   970
TXQ2T1  1940   801  1025  1383  2610  2717  2918  1585   953   559   630
TXQ2T1  1950   866   989   828  1166  1156  1446  1235  1244  1062   920
TXQ2T1  1960   759   687   925   924  1176  1350  1111  1315  1403   853
TXQ2T1  1970   924  1293  2098  2141  1261  1332  1117   931   882   962
TXQ2T1  1980   668   502   536   795  1364  1391   990  1028   978  1241
TXQ2T1  1990  2330  1816  1631  1377  1269   965  1007   792   663   631
TXQ2T1  2000   822   747   554   513   512   513   632   588   633   679
TXQ2T1  2010 -9999
TXQ3T1  1709  1048
TXQ3T1  1710   951  1055  1280  1229  1206  1035  1083  1075  1299   810
TXQ3T1  1720  1089  1044   985  1215  1238   910   937   923  1250   785
TXQ3T1  1730  1000   672   359   577   919   952  1331  1198  1455  1403
TXQ3T1  1740  1266  1426  2106  1619  1995  1661  1437  1707  1891  1824
TXQ3T1  1750  1928  2041  1732  1938  2072  2131  1539  1777  1558  2130
TXQ3T1  1760  1544  1978  1584  2517  2051  2353  2329  2785  2393  1871
TXQ3T1  1770  1258   968  1345  1702  1935  2095  1939  1474  2282  3160
TXQ3T1  1780  2713  1740  1257  1898  1561  1846  1585  1754  1449  1674
TXQ3T1  1790  1481  2328  1758  1305  1159  1251  1107   910  1180  1235
TXQ3T1  1800  1277  1283   933  1027  1305  1767  1465  1727  1995  1493
TXQ3T1  1810  1575  1542  1419  1814  1139  1108   969  1338  1123  1166
TXQ3T1  1820   859  1390  1485  1391  1949  1345  1017  1027  1176   996
TXQ3T1  1830  1196  1209  1007  1144  1473  1334   985  1283  1144   996
TXQ3T1  1840  1187  1039  1400  1599  1572  1579  2416  1917  1429  1917
TXQ3T1  1850  1864  1824  1974  1611  1780  1514  1548  1373  1500  1279
TXQ3T1  1860  1320  1439  1108   819  1046  1260  1194  1321  1601  1366
TXQ3T1  1870  1784  1554  1330  1230  1434  1172  1240  1023  1077   868
TXQ3T1  1880  1375   903  1149   952  1245  1071  1393  1146   816   675
TXQ3T1  1890   755  1114   853   874   693   566   672   715   565   703
TXQ3T1  1900   759   949   819   794   742   809   627   383   360   510
TXQ3T1  1910   531   553   700   637   497   342   488   414   317   434
TXQ3T1  1920   372   317   500   456   498   499   657   490   255   275
TXQ3T1  1930   319   297   350   382   444   361   308   393   243   181
TXQ3T1  1940   159   371   361   349   425   392   297   382   331   529
TXQ3T1  1950   603   646   518   436   466   435   350   307   423   349
TXQ3T1  1960   349   254   191   317   254   244   243   340   317   371
TXQ3T1  1970   402   381   361   254   201   339   350   446   403   339
TXQ3T1  1980   212   232   265   403   349   277   222   360   424   446
TXQ3T1  1990   477   635   423   403   446   561 -9999
TXQ4T7  1872  1631  1387  1565  1233  1401  1045   824   877
TXQ4T7  1880   753   747   560   627   686   873   502   686   606   556
TXQ4T7  1890  1489  1124  1138   670   493   347   700   610   864  1324
TXQ4T7  1900  1343   774   894   773   978   826  1024   913   780   649
TXQ4T7  1910   852   684   588   558   530   426   415   375   587   504
TXQ4T7  1920   533   587   611   418   302   330   300   349   266   149
TXQ4T7  1930     0   137   235   225   159   277   434   366   403   615
TXQ4T7  1940   351   412   382   732   444   352   213   201   244   656
TXQ4T7  1950   529   529   455   678   624   572   646   656   541   752
TXQ4T7  1960   730   625   666   784   973   699   667   899   635   709
TXQ4T7  1970  1083  1176  1261  1313  1082  1068  1270  1366  1249  1164
TXQ4T7  1980   699   699   830  1065   948  1006   995   850   642  1009
TXQ4T7  1990   943   837   952   752   530   594   476   277   445   584
TXQ4T7  2000   466   349   413   275   382   339   254   266   328 -9999
TXQ4TX  1867   872  1443  1291
TXQ4TX  1870  1228  1235  2111  2332  2484  2818  3404  2742  1753  1498
TXQ4TX  1880  1668  1274  1419  1440  1623  1390   925  1438  1273  1083
TXQ4TX  1890  1508  1549  1557  1392  1486  1187  1315  1306  1637  1423
TXQ4TX  1900  1635  1208  1333  1273  1602  1480  1413   987  1180  1175
TXQ4TX  1910  1281  1187  1185  1442  1294  1227   957   836   810  1174
TXQ4TX  1920  1229  1324  1057   928  1113  1223  1037  1173   752   849
TXQ4TX  1930   880   839   718   710  1416  1461  1183  1301  1213  1103
TXQ4TX  1940   836  1130  1010  1173  1256   900   789   420   344  1089
TXQ4TX  1950  1073  1181   955  1201  1047  1074   880  1214   956   964
TXQ4TX  1960  1094   938  1204  1067   984   974   971  1312  1081   781
TXQ4TX  1970   519   965  1320   963   663   776   988  1240   803   661
TXQ4TX  1980   562   870   892  1101   700   614   864   989   938   972
TXQ4TX  1990  1538  1659  1293  1013   926   724   397   362   468   630
TXQ4TX  2000   836   550   552   674   908   686   546   465   582   526
TXQ4TX  2010 -9999
TXQ4TY  1876  1805  1279  1310  1266
TXQ4TY  1880  1513  1216  1620  1196  1465  1113  1327  1347  1330   800
TXQ4TY  1890  1297  1676  1718  1795  1332  1424  1628  1944  1844  2222
TXQ4TY  1900  2023  1626  1613  1787  2524  2148  2632  1900  2127  1589
TXQ4TY  1910  2064  2149  2759  2100  2183  1586  2064  1694  1813  1879
TXQ4TY  1920  1847  1872  1500   845   653  1248  1589  1312  1189   943
TXQ4TY  1930  1101  1154  1504  1135  1402  1486  1535  1602  1813  1009
TXQ4TY  1940   898  1227  1137  1705  1713  2136  1500  1931  1237  1777
TXQ4TY  1950  1784  1441  1143  1260  1235  2062  1140  1500  1543  1315
TXQ4TY  1960  1351  1230  1186  1177  1308   959  1038  1463  1366  1047
TXQ4TY  1970   911  1030  1239  1148   920   847   848  1045   870   731
TXQ4TY  1980   692   961   971   934   951   710   799  1107   855  1064
TXQ4TY  1990  1733  1448  1233  1537  1624  1483   863   657   742  1006
TXQ4TY  2000  1230  1105   870  1022  1058   796   825  1143 -9999
TXQ4TZ  1788  1876  1566
TXQ4TZ  1790  1537  1742  2238  2263  1857  1847  1531  1470  2124  1119
TXQ4TZ  1800  1357  1452  1371  1243  2001  2313  2639  2680  2557  1502
TXQ4TZ  1810  1080  1092  1269   975  1375  1769  2002  2343  2458  2086
TXQ4TZ  1820  1714  1634  2197  2044  2205  2178  1046  1481  1768  1562
TXQ4TZ  1830  1773  2397  1918  1216  1897  1537  1283  1787  1368   864
TXQ4TZ  1840   729   934  1333  1516  1540  1733  1558  1268  1207  1906
TXQ4TZ  1850  2159  1756  1785  1182   909   951  1083  1209  1115  1061
TXQ4TZ  1860  1038  1124  1075  1192  1538  1257  1032   749  1258  1219
TXQ4TZ  1870  1343  1106  1042   927  1312  1892  1569   981   992   911
TXQ4TZ  1880  1101   888   898   980  1340  1391  1249  1265  1161  1118
TXQ4TZ  1890  1093  1303  1175  1413  1155   914  1008  1154  1372  1107
TXQ4TZ  1900   980   837   786   825   953   995   911   815  1079   911
TXQ4TZ  1910  1145  1260  1164  1439  1526  1225   986  1040  1085  1021
TXQ4TZ  1920  1101   636   765   955   727   556   895  1034   634   663
TXQ4TZ  1930   736   877  1028   854   766   589   777   713   737   627
TXQ4TZ  1940   580   655   572   781   706   653   378   432   558   579
TXQ4TZ  1950   902  1166  1128  1201   819  1073   998  1046  1162  1015
TXQ4TZ  1960   774   611   531   764   701   563   583   573   616   574
TXQ4TZ  1970   647   701   732   805   615   710   594   763   604   382
TXQ4TZ  1980   297   275   342   574   487   486   445   561   636   710
TXQ4TZ  1990   858  1239   858   953  1113   922   455   317   151   360
TXQ4TZ  2000   524   541   551   562   862   892  1007   655   395   339
TXQ4TZ  2010 -9999
TXQ5T5  1748   719   540
TXQ5T5  1750  1028  1363   886   676   566   555   646   579   515   976
TXQ5T5  1760  1067  1344  1139  1377   896   459   436   572   443   407
TXQ5T5  1770   451   233   368   658   592   538   457   173   300   591
TXQ5T5  1780   473   366   397   583   151   216   180   322   242   299
TXQ5T5  1790   290   277   248   256   531   346   220   402   325   174
TXQ5T5  1800   267   174   344   478   677   668   640   858   450   199
TXQ5T5  1810   351   682   639   692   706  1032  1074  1102   677   806
TXQ5T5  1820   685   590   501   640   482   738   435   648   842   865
TXQ5T5  1830  1050   678   536   655   791   877   563   529   265   244
TXQ5T5  1840   164   265   244   522   463   402   914   854  1189  1148
TXQ5T5  1850   680   517   360   267   309   234   255   372   627   702
TXQ5T5  1860   598   522   336   487   799  1019   963   698  1238  1319
TXQ5T5  1870  1247  1276  1299   978  1382  1077   820   442   347   262
TXQ5T5  1880   485   334   575   621   827   486   601   623   498   379
TXQ5T5  1890   388   503   733   716   362   324   405   341   381   372
TXQ5T5  1900   462   234   204   248   338   371   483   268   288   242
TXQ5T5  1910   268   341   322   352   279   299   279   205   122     0
TXQ5T5  1920   128   313   279   185   153   175   336   539   182   132
TXQ5T5  1930   128   152   227   255   261   161   168     0     0     0
TXQ5T5  1940     0     0     0     0     0     0     0     0     0     0
TXQ5T5  1950     0     0     0     0     0     0     0     0     0     0
TXQ5T5  1960     0     0   124   123   209   143   166   232   157   114
TXQ5T5  1970   161   257   297   327   171   309   474   635   785   819
TXQ5T5  1980   464   327   369   631   698   536   611   621   686  1101
TXQ5T5  1990  1037   824   767   872   725   538   727   691   724   931
TXQ5T5  2000   893   691   480   776   939   563   795   870   744   881
TXQ5T5  2010 -9999
TYQ5T1  1711  2182  2044  1305  1597  1597  1184  1014   723   969
TYQ5T1  1720   934   546   608   916   739   643   630   658   644   980
TYQ5T1  1730  1022  1199   888  1448  1016  1135  1201   645   919   718
TYQ5T1  1740   647   752   862   780   634   648   571   635   594   735
TYQ5T1  1750   839   897   754   724   735  1077  1075  1322  1428  1717
TYQ5T1  1760  1407  1259  1247  1460  1317  1231  1338  1350  1071   965
TYQ5T1  1770   519   540   900  1324  1038  1239  1059   973  1175  1760
TYQ5T1  1780  1302   978   892  1286   955  1362  1790  1430  1367  1419
TYQ5T1  1790   964   943  1186   965  1253  1315  1095   839   795   958
TYQ5T1  1800   829   640   669   840   966  1440  1376  1069  1037   815
TYQ5T1  1810   973  1081   952   721   804   974   773   889   687  1112
TYQ5T1  1820  1280  1059   970   954   732   465   394   593   794  1013
TYQ5T1  1830   907   894   625   550   870   665   590   420   604   496
TYQ5T1  1840   440   517   609   801   795   632   389   445   544   428
TYQ5T1  1850   418   204   203   181   185   127    42   194   370   382
TYQ5T1  1860   223   190   201   148   223   370   625   519   550   691
TYQ5T1  1870   980   916   882   875  1028   866   718   641   891   754
TYQ5T1  1880  1088   847   747   833   944   884   716  1078  1074  1040
TYQ5T1  1890   867   808   663   771   642   580   550   749   830  1057
TYQ5T1  1900   932   879   632   814  1028  1146   973   661   714   573
TYQ5T1  1910   737   903   917   862   787   624   657   607   764   754
TYQ5T1  1920   422   670   679   426   484   484   398   604   370   364
TYQ5T1  1930   429   422   508   754   733   743   496   548   716   557
TYQ5T1  1940   405   513   695  1180   798   618   440   329   353   745
TYQ5T1  1950  1078   992   682  1183   949   971   644   601   633   773
TYQ5T1  1960   507   352   334   289   463   299   257   512   343   299
TYQ5T1  1970   300   386   415   392   223   340   468   491   428   375
TYQ5T1  1980   385   396   483   621   396   267   344   566   407   458
TYQ5T1  1990   834   523   376   374   332   256   259   234   349   450
TYQ5T1  2000   345   216   259   301   365   293   280   164   139 -9999
BE50    1883  1726  1779  1102   690   594   882   753
BE50    1890   608   407   601   622   778   658   472   807   574   583
BE50    1900   556   558   511   482   530   505   331   364   315   233
BE50    1910   425   570   389   365   300   156     0   157   147   250
BE50    1920   261   445   325   204   206   144   152   184    47   180
BE50    1930   298   218   208   144   104   168   157   124   147    85
BE50    1940    77    95    54     0     0     0    64   339  1081  1675
BE50    1950  1790  1284  1232  1205  1312  1312   964  1132  1127   950
BE50    1960  1328  1195  1612  1570  1847  1097  1128  2095  1147   923
BE50    1970  1002  1137  1760  1281   677   974  1103  1007  1006   815
BE50    1980   396   487   892  1190  1312  1507  1054  1111   848  1493
BE50    1990  1931  1670  1330  1423  1517  1290   938   906   989  1111
BE50    2000  1019   806   784   594  1147  1090   700   678   518   669
BE50    2010 -9999
BE51    1906  3484  3015  4010  3385
BE51    1910  3640  3124  3208  3456  2855  2566  2248  2791  2745  2964
BE51    1920  2394  3494  3822  3482  3043  3160  3447  2609  2048  2131
BE51    1930  2592  2420  2742  2358  1939  2714  2950  2292  1879  1388
BE51    1940  1199  1306  1156  3669  3261  3107  1518  2202  1395  2263
BE51    1950  2116  2020  1781  2432  2325  3921  2138  2033  2079  1803
BE51    1960  1324  1028  1515  1799  1907  1789  1610  2225  2386  1853
BE51    1970  2668  3416  2945  2529  1910  2868  2544  1592  1218  1777
BE51    1980  1222  1442  1902  2228  2381  1540  1482  2034  1799  1780
BE51    1990  3456  4097  2743  2095  2531  3027  1547   995   836  1359
BE51    2000  1135   689   561   563   360   467   796   381   624  1230
BE51    2010 -9999
BE53    1860  1535  1668  1588  1310  1107  1160  1320   225    92   181
BE53    1870   249   220   369   466   563   632   567   625  1023  1089
BE53    1880  1332  1235   967   894   540   525   457   851   714   607
BE53    1890   832   987  1342  1780  1500  1457  1074  1198  1203  1008
BE53    1900   795   797   688   825  1058  1518  1117   746   626   374
BE53    1910   336   276   284   233   223   199   199   123   124   124
BE53    1920   151   323   324   318   173   174   212   180    86   180
BE53    1930   252   223   379   557   593   891  1333  1327  1795  2316
BE53    1940  2250  2061  1743  2058  2113  2167  1522  2618  2189  1525
BE53    1950  2205  2221  1980  1448  1075  1661  1564  1389  1598  1859
BE53    1960  1255  1433  1859  3239  2773  2463  2082  1990  1629  1276
BE53    1970  1447  1503  2506  2224  1986  2200  1860  1955  1608  1278
BE53    1980  1219  1459  1946  1671  1894  1525   996  1419  1240  1175
BE53    1990  1291  1546  1471  1345  1016   846   784   869   540   518
BE53    2000   635   794  1048  1042  1050  1128  1111   913  1287  1460
BE53    2010 -9999
BE54    1811  1640  1383  1441  1260   984   848   945   913  1365
BE54    1820  1598  1177   837   746   636   796  1010   789   751  1016
BE54    1830   668   805   793   890   777  1032   755   509   508   699
BE54    1840   712   998  1525  1830  2995   847   788  2244  2361  1644
BE54    1850  1696  1556  1545  1715  1619  1284  1386  1948  1865  1579
BE54    1860  1453  1741  1322  1017  1387  1493  1538  1497  1714  1800
BE54    1870  1641  2074  2361  1768  1919  2140  2097  1430  1418  1537
BE54    1880  2446  1736  1841  1937  2129  2046  1740  1887  2095  2288
BE54    1890  1852  1960  1981  2676  1773  1677  1814  1843  1886  1639
BE54    1900  1859  1640  1192  1582  1917  1582  1042   729  1106  1418
BE54    1910  1476  1513  1538  2093  1637  1261   804  1048  1314  1166
BE54    1920   689   931  1102   868   826   849   692   729   605   410
BE54    1930   465   646   943   778   837   933  1106  1053   493   372
BE54    1940   254   560   470   571   425   417   396   467   321   487
BE54    1950   459   424   265   506   537   747   627   465   660   553
BE54    1960   388   348   381   544   527   427   493   540   706   506
BE54    1970   575   609   677   797   632   799   766   542   655   732
BE54    1980   496   407   649   872   707   579   375   515   485   509
BE54    1990   482   692   706   732   647   530   329   341   328   295
BE54    2000   359   242   185   259   281   237   298   305   349   365
BE54    2010 -9999
BE55    1896  2132  1977  1951  2223
BE55    1900  1764  1216  1328  1519  1924  1437  1777  1245  1565  1116
BE55    1910  1218  1383  1254  1142  1027  1171  1227  1217  1325  1156
BE55    1920  1075  1217  1071   817   825   891   863   880   754   863
BE55    1930   872  1005   808   645  1259  1366   817   589   840   375
BE55    1940   439   790   766   837   497   565   449   661   386   892
BE55    1950   801   881   371   739   558   788   811  1124   710   695
BE55    1960   662   569   521   641   719   474   445   583   588   336
BE55    1970   445   520   637   570   370   480   537   799   567   444
BE55    1980   375   534   527   587   543   413   435   544   360   627
BE55    1990   844   649   616   628   542   468   212   185   577   275
BE55    2000   357   249   353   308   120   108   139 -9999
BE56    1763  1166  1271  1014  1318  1776  1704  1537
BE56    1770  1050   625   962  1986  2049  1657  1720  1117  1486  1732
BE56    1780  1618  1147  1602  2443  1035  1064  1020  1316  1281  1087
BE56    1790   741  1068   951   886   876   733   715  1146   881   758
BE56    1800   844   671  1052  1670  1275  1366  1009   910  1153   810
BE56    1810   712   763   700   753   646   908   948   991   793   558
BE56    1820   698   586   583   560   733   601   305   590   656   479
BE56    1830   530   554   383   382   429   415   428   324   365   256
BE56    1840   211   469   444   493   663   421   440   680   696   524
BE56    1850   439   436   409   405   451   303   169   340   585   475
BE56    1860   608   942   922   716   800  1012   817   905  1039   930
BE56    1870  1446   954  1122   920  1006  1079   815   667   825   635
BE56    1880  1472   985  1366  1355  1673  1377   910  1143  1483  1441
BE56    1890  1483  1069  1080  1259   922   849   752   614   677   677
BE56    1900   540   595   407   574   775   705   562   550   659   456
BE56    1910   635   646   709   847   785   584   542   594   677  1154
BE56    1920  1016  1048   805   463   446   490   350   372   233   297
BE56    1930   497   561   487   614   815  1302  1271  1069   943   731
BE56    1940   488   551   574   954  1009   980   625   479   413   812
BE56    1950   807   904   733   829   563   491   397   521   548   630
BE56    1960   620   545   730   577   576   623   526   498   514   426
BE56    1970   532   663   916   816   587   771   745   547   500   383
BE56    1980   341   224   307   616   551   288   254   385   328   478
BE56    1990   785   539   511   308   319   233   169    63   117   201
BE56    2000   299   234   257   213   341   267   248   170   127   331
BE56    2010 -9999
BE57    1861  1526  1087   973  1137  1198  1166   826  1160  1814
BE57    1870  1826  1523  1220   972   933  1338  1412  1240  1450  1177
BE57    1880  1362  1151  1191  1332  1447  1312  1277  1573  1677  1001
BE57    1890  1429  1751  1380  2198  1342  1068  1359  1861  1804  1800
BE57    1900  1274  1430  1636  1974  1822  1670  1531  1037  1681  1024
BE57    1910  1569  1386  1462  1400  1232  1343  1368  1221  1347  1361
BE57    1920   993  1133  1305  1327  1706  1497  1560  1490  1483  1189
BE57    1930  1350  1590  2022  2192  1403  1492  1001  1067  1451  1299
BE57    1940   948   963   934  1657  1287  1896  1392  1327   996  1451
BE57    1950  1474  1858  1415  1305  1238  1852  1403  1085   887  1053
BE57    1960   872   670   854   790  1139   917   861  1499  1443   992
BE57    1970   590   679   719   769  1034  1472  1394  1115   818   870
BE57    1980   736   528   774   800  1046   992   674  1206   797   690
BE57    1990   986   961  1001   940   917   614   564   467   357   497
BE57    2000   695   410   282   235   334   477   478   459   794   732
BE57    2010 -9999
BE58    1877   461   272   510
BE58    1880   957   985  1080   810   752   607   684   555   817   551
BE58    1890   860   822   860   829  1350   796   592   788   740   957
BE58    1900   710   626   478  1252  1343  1025  1153   822   801   758
BE58    1910   853  1819  1928  1435  1518  2041  2517  1985  2020  1229
BE58    1920  1148  1082  1125   959  1023  1267  1067  1901  1176  1228
BE58    1930  1156  1683  1301  2004  2223  2109  1360  1248  1253  1285
BE58    1940  2225  1832  1537  1763  1824  1910  2198  1619  1279  1294
BE58    1950  1666  1880  1574  1545  1107  1078   727   974  1118  1086
BE58    1960  1117   702   722   778   718   696   802   832   959   889
BE58    1970   726   898   738   807   789   498   413   309   254   169
BE58    1980   149   265   202   127   138   190   159   339   733   593
BE58    1990   794   318   233   201   116    74    74    85    95    75
BE58    2000 -9999
BE59    1907  2624  4086  3588
BE59    1910  3889  4386  4486  4646  4128  2712  2741  2443  2741  3677
BE59    1920  3271  4167  2963  3180  3278  3328  4013  3111  2259  2625
BE59    1930  2910  3557  3178  3814  2633  3572  2671  1372  1583  2059
BE59    1940  1750  1184  1771  2969  2906  3527  2170  2284  2049  2077
BE59    1950  2538  2256  1957  2269  1393  2173  1532  1590  1265  1713
BE59    1960  1189  1338  1215  1372  1235  1346  1528  1973  2211  1752
BE59    1970  1118  1958  2146  1640  1254  1553  1662  1353  1030   641
BE59    1980   718   867   985  1188  1163  1219   846  1188  1150   938
BE59    1990  1759  1814  1173  1135  1064   856   945  1027   928   934
BE59    2000  1168   968   500   627   635   688   604   719   805   857
BE59    2010 -9999
