GL52A   1699  2776
GL52A   1700  1813  1862  1340  1288   833   880   965   960   827  1231
GL52A   1710  1027   962  1202   855  1124  1124   813   969   966  1176
GL52A   1720  1045   798   943   907  1375  1316  1175  1093   760   760
GL52A   1730   508   710   679   731   854   808   581   637   494   268
GL52A   1740   259   150   216   280   313   316   362   377   444   244
GL52A   1750   241   299   371   296   219   223   166   132   201   292
GL52A   1760   377   300   360   390   500   447   437   358   450   489
GL52A   1770   284   215   337   271   258   336   413   308   385   539
GL52A   1780   539   378   369   675   492   572   606   556   576   410
GL52A   1790   271   281   289   341   487   413   310   375   408   391
GL52A   1800   573   574   394   583   615   499   542   573   631   671
GL52A   1810   680   636   685   764   756   635   411   474   523   571
GL52A   1820   577   563   732   719   780   610   491   583   576   456
GL52A   1830   426   383   410   475   638   666   576   748   676   878
GL52A   1840   563   493   547   570   667   639   750   662   760   578
GL52A   1850   816   676   652   498   258   245   289   343   209   271
GL52A   1860   230   326   480   653   642   663   539   468   584   369
GL52A   1870   279   142   171   136   139   161   210   212   237   172
GL52A   1880   121   195   224   230   241   395   496   791  1375  1437
GL52A   1890  1527  1040  1304  1623  1132  1293  1149  1175   727   431
GL52A   1900   311   312   173   314   641  1048   984   870   808   696
GL52A   1910   730   880   957   794   550   700   400   503   472   484
GL52A   1920   368   528   422   703   735   924   967   672   600   482
GL52A   1930   506   321   310   207   147   277   324   318   329   335
GL52A   1940   209   625   944   948   717   734  1015   812   691   838
GL52A   1950   944   964   985  1144  1446  1726  1733  1778  1950  2081
GL52A   1960  1393  1409  1110  1182  1251  1045   711   918   712   799
GL52A   1970   878   689   858   633   371   545   539   534   569   587
GL52A   1980  1016   993   702   496   329   275   252   237   319   402
GL52A   1990   295   299   352 -9999
GL53A   1702   530  1177   844   776  1227   847   682   903
GL53A   1710   855   972  1250   815   909  1059   717   484   469   786
GL53A   1720  1145   836  1014   473  1477  1281   762   872  1122  1035
GL53A   1730   839  1044   965   635   842  1143   455   472   397    59
GL53A   1740     0    73   115   220   313   239   223   289   304   350
GL53A   1750   483   372   389   216   194   326   229   144   324   468
GL53A   1760   525   562   515   759   692   646   699   576   451   547
GL53A   1770   335   230   289   283   430   301   436   316   197    94
GL53A   1780   248   352   392   572   424   381   342   376   198   187
GL53A   1790   115   141   158   138   190   167   107   230   220   178
GL53A   1800   157   190   474   463   820   620   547   557   505   662
GL53A   1810   597   596   595   591   590   708   623   748   536   514
GL53A   1820   562   613   610   744   936   946   655  1149  1372  1019
GL53A   1830  1091  1053   904   949   964   791   746  1028  1015  1102
GL53A   1840  1148  1206   956  1120   900  1005   699   780   946   734
GL53A   1850   560   488   715   752   865   870  1023  1178  1160   941
GL53A   1860   930  1108  1246  1169   950   675   675   660   618   554
GL53A   1870   737   710   757   795   944  1134  1152   938   930   743
GL53A   1880   688   730   897   709   603   494   620   633   678   774
GL53A   1890   898   709   621   875   809   693   849  1008   910  1018
GL53A   1900   967  1031   950   905  1020   968   512   548   712   731
GL53A   1910   921   857   684   672   881   803  1041   843   979  1165
GL53A   1920   839   919   938   990  1024   968  1147   760   703   961
GL53A   1930   764   782   863   711   675   837   889   961  1090  1062
GL53A   1940   940   984  1055  1114  1169  1138   937   781   657   904
GL53A   1950   909   943  1058   888   924   842   743   662   834   931
GL53A   1960   917   554   766   950  1207  1286  1320  1262   795   909
GL53A   1970   829  1047  1242   919  1189  1486  1417  1352  1740  1358
GL53A   1980  1337  1647  1012   865  1156  1253  1307  1892  2113  1961
GL53A   1990  1583  1520  1146 -9999
GL56A   1669  1065
GL56A   1670  1826   492   605   375   491   235   148    64   102   198
GL56A   1680   467   596   550   595   385   205   879   922   707   488
GL56A   1690   750  1232  1131  1373  1298   885   931   781  1000   766
GL56A   1700   944   808  1292  1128  1537  2183  1393  1194  1054  2080
GL56A   1710  1964  1749  1248  1277  2169  2179  1329  1442  1358  1983
GL56A   1720  2127  1247  1194   877  2061  1900  1910  2142  1073   833
GL56A   1730   690   949   801   792  1015  1535  1324  1000   669   168
GL56A   1740   125   138   155   196   320   423   429   470   863   953
GL56A   1750   684   633   847   811   537   597   507   481   542  1253
GL56A   1760  1056  1514   959   850   802   947  1161   768   649   943
GL56A   1770   528   378   601   525   576   777   993   916   835   945
GL56A   1780  1514  1919  1556   755   962  1356  1135  1289  1435  1214
GL56A   1790   733   936   911   811  1192  1195   848  1010  1053  1028
GL56A   1800   996   879   752   889  1244  1008  1174  1140   997   859
GL56A   1810  1002   908  1240  1260  1252   934   768   908   863  1301
GL56A   1820   963   771   743   628  1165   891   881   874  1477   987
GL56A   1830   822  1337  1255  1308  1451   791   457   833   805   797
GL56A   1840   712   768   704   926   791   812   834   688   650   553
GL56A   1850   857   625   656   567   503   634   654   844   991   947
GL56A   1860   849   829   808  1094   916   962   995   925  1036   830
GL56A   1870   640   734   694   522   467   406   545   501   321   320
GL56A   1880   408   290   319   351   340   399   661   985   789   551
GL56A   1890   581   843   675   722   674   776   824   959   753   799
GL56A   1900   757   626   475   521   764   763   508   357   468   507
GL56A   1910   673   314   331   518   516   402   383   388   275   322
GL56A   1920   317   341   264   363   397   445   496   306   131   235
GL56A   1930   387   269   254   171   182   185    69    95   122   198
GL56A   1940   344   451   316   178   171   191   226   352   347   342
GL56A   1950   251   210   200   161   193   254   243   152   245   211
GL56A   1960   290   140   176   217   258   286   258   344   276   411
GL56A   1970   335   218   279   338   225   240   351   317   287   342
GL56A   1980   188   157   143   193   146   176   376   420   383   319
GL56A   1990   269   336   466 -9999
GL57A   1707  1621  1175  1176
GL57A   1710  1213  1430  1242  1214  1543  1726  1283  1464  1766  2239
GL57A   1720  2410  1674  1267  1272  1796  1357  1241  1493  1360  1227
GL57A   1730   928  1052  1400  1359  1985  1563  1239  1368  1362   473
GL57A   1740   336   402   505   539   586   467   441   587   610   452
GL57A   1750   395   453   388   353   276   268   322   295   277   489
GL57A   1760   491   578   473   779   697   337   353   346   290   444
GL57A   1770   463   420   588   555   373   568   614   410   295   393
GL57A   1780   444   386   520   673   424   626   709   530   288   293
GL57A   1790   287   309   227   166   283   430   256   434   484   371
GL57A   1800   253   211   289   461   544   402   456   429   352   304
GL57A   1810   443   572   576   593   409   746   774   857   767  1146
GL57A   1820   826   852   986   677   885   784   772   876   647   623
GL57A   1830   410   353   362   382   477   305   257   360   333   388
GL57A   1840   377   443   493   627   574   347   302   303   353   205
GL57A   1850   265   359   423   412   410   361   346   571   435   701
GL57A   1860   540   603   426   295   283   339   327   285   287   213
GL57A   1870   244   304   352   322   230   183   220   304   179   195
GL57A   1880   134   217   273   308   199   195   319   411   378   355
GL57A   1890   322   376   448   494   403   465   517   555   588   462
GL57A   1900   632   536   400   330   281   333   260   248   242   255
GL57A   1910   302   271   217   248   244   185   198   315   342   366
GL57A   1920   413   384   286   289   291   473   599   520   297   567
GL57A   1930   582   674   591   664   487   432   391   436   322   435
GL57A   1940   377   574   412   346   365   383   499   353   338   451
GL57A   1950   472   303   368   270   289   414   404   328   516   417
GL57A   1960   350   324   441   465   426   517   444   527   523   538
GL57A   1970   484   435   690   755   653   836   746     0   621   561
GL57A   1980   432   384   355   360   457   292   362   278   362   472
GL57A   1990   366   492   456 -9999
GL59A   1711   795   935   585   579   741   430   409   589   957
GL59A   1720  1247   902   609   732  1648   929   724  1074  1015   944
GL59A   1730  1044  1547  1345   707  1464  1292   928  1076   969   632
GL59A   1740   377   404   530   647   808   545   601   737  1075  1363
GL59A   1750  1106   853   994  1128  1055  1220   720   707   744   953
GL59A   1760  1040  1403  1108  1320  1107  1142  1241  1021   941  1369
GL59A   1770   746   704   863  1105  1063   920  1554  1015  1063  1024
GL59A   1780  1279  1314  1824  1804  1533  1146  1331  1118   938  1148
GL59A   1790   966   677   739   769   853  1266  1279  1235  1169  1330
GL59A   1800  1418  1520  1547  1587  2001  1654  1521  1395  1238  1148
GL59A   1810  1122   949  1165  1323  1303  1551  1016  1066  1302  1471
GL59A   1820  1297  1073  1341  1332  1169  1282  1205  1710  1673  1614
GL59A   1830  1687  1548  1418  1330  1332   985   772  1243  1209  1140
GL59A   1840   998  1169  1253  1209  1321  1188  1058  1115  1210  1024
GL59A   1850  1215  1227  1373  1293  1195     0  1086  1195  1366  1122
GL59A   1860  1027   953  1110  1037  1136  1272   884   798  2105   921
GL59A   1870  1005  1141  1139   960  1125   926  1021   818  1431  1058
GL59A   1880  1281  1005  1157   898   978   871   995   976  1008  1001
GL59A   1890  1082   810   733  1015   834   650   891   891   818   792
GL59A   1900   743   828   570   801  1067  1161   968   687   727   668
GL59A   1910   750   864   784   661   606   667   886   848   767   693
GL59A   1920   538   638   679   782   688   839   807   509   411   612
GL59A   1930   553   330   396   461   450   570   503   429   264   332
GL59A   1940   313   703   667   606   655   507   500   554   453   522
GL59A   1950   586   487   492   449   518   861   519   402   384   448
GL59A   1960   440   310   312   359   477   489   415   635   481   617
GL59A   1970   584   690   580   579   448   486   489   369   347   274
GL59A   1980   291   301   255   226   279   253   290   336   273   457
GL59A   1990   475   427   376 -9999
GL61A   1680   339   314   376   360   294   197   220   255   246   289
GL61A   1690   287   349   340   359   468   309   301   314   408   395
GL61A   1700   528   327   405   476   390   481   398   406   298   390
GL61A   1710   357   638   854   645   721   998   698   704   774   565
GL61A   1720   727   629   643   536  1038  1075  1114   827   663   743
GL61A   1730   718   926  1120   649   789   907   816   593   946   473
GL61A   1740   469   809   756   983  1063   851   725   768  1284  1141
GL61A   1750   997   812   665   617   369   706   664   555   457   860
GL61A   1760   786   878   611   714   929  1078  1130   847   852   964
GL61A   1770   990  1022  1027   761   874  1258  1611  1053   829   794
GL61A   1780   665   787   696  1334   748  1024   778   890   712   588
GL61A   1790   510   676   728   485   772   904   661   682   953   901
GL61A   1800   953   593   653   804  1010   709   664   589   828   671
GL61A   1810   576   521   479   753   661   600   551   752   638   562
GL61A   1820   684   601   544   434   547   573   363  1049  1263  1112
GL61A   1830  1291  1625  1646  1585  1009   923   634   816   769   683
GL61A   1840   540   530   426   633   615   560   493   418   485   323
GL61A   1850   402   332   433   382   474   411   524   607   485   613
GL61A   1860   648   596   454   532   681   708   576   618   638   436
GL61A   1870   564   414   439   399   500   446   572   443   436   285
GL61A   1880   527   453   459   412   349   641   724   843   724   624
GL61A   1890   604   714   671   808   478   595   655   698   811   926
GL61A   1900  1005   991   480   669   686   710   563   474   478   409
GL61A   1910   561   651   583   540   435   430   518   516   518   524
GL61A   1920   383   424   318   607   532   495   578   474   257   342
GL61A   1930   396   358   357   287   237   408   437   279   780   231
GL61A   1940   466   427   260   392   334   503   383   359   572   493
GL61A   1950   528   502   561   604   824   624   509   444   444   390
GL61A   1960   190   251   346   399   365   352   286   315   326   341
GL61A   1970   347   493   333   367   423   480   583   636   507   401
GL61A   1980   348   399   408   324   358   389   314   316   310   363
GL61A   1990   305   327   409 -9999
GL62A   1672  1373  1288  1047   650   539   741   874   607
GL62A   1680   876   920   718   476   845   975   931   825   704   797
GL62A   1690   809   540   685   645   652   661   601   478   370   358
GL62A   1700   179    93   160    78    94    52   271   461   254   383
GL62A   1710   588   638   870   535   667   987   771   672   708   873
GL62A   1720   951   909  1256   793  2136  1563  1436  1191  1363   648
GL62A   1730   774   872   636   662  1220  1103   634   754   865   445
GL62A   1740   238   170   293   271   196   193   242   186   300   202
GL62A   1750   357   469   495   390   310   329   208   231   244   363
GL62A   1760   444   462   430   306   429   293   235   274   337   312
GL62A   1770   249   288   329   187   514   716   812   586   547   643
GL62A   1780   539   564   518   550   551   698   718   629   596   430
GL62A   1790   367   396   254    90   288   314   130   186   218   326
GL62A   1800   263   390   565   624   730   634   623   484   459   698
GL62A   1810   684   694   829   935   825   543   347   496   394   475
GL62A   1820   660   558   588   779   619   423   457   620   580   549
GL62A   1830   521   636   500   438   479   355   276   487   421   342
GL62A   1840   168   289   356   259   231   252   228   243   173   117
GL62A   1850   314   416   392   358   395   365   341   543   392   478
GL62A   1860   484   741   871   906   558   417   333   284   581   458
GL62A   1870   336   321   488   522   548   499   367   157   216   233
GL62A   1880   271   240   189   231    78   140   222   280   306   294
GL62A   1890   218   448   318   527   732   486   468   551   949   709
GL62A   1900   798   706   607   501   609   520   283   290   257   202
GL62A   1910   398   464   506   454   429   357   375   403   475   489
GL62A   1920   583   405   237   469   493   566   803   609   401   442
GL62A   1930   437   317   384   344   213   464   702   498   599   807
GL62A   1940   445   792   801   940   930   691   475   401   490   623
GL62A   1950   645   667   720   629   473   499   717   661   807   637
GL62A   1960   763   429   813   910   972   836   714   711   482   342
GL62A   1970   454   701   758   550   625   988  1520  1280  1169  1252
GL62A   1980  1003   809   633   482   543   771   681   642   809   464
GL62A   1990   800   685   906 -9999
GL64A   1683  2744  2901  2121  1571  1773  1335  1211
GL64A   1690  1591  1516  1073  1046  1388   984  1010   932  1219  1581
GL64A   1700  1408   669   845   630   323   694   873   868   794   894
GL64A   1710  1085   948   953   889  1328  1785  1164   982  1200  1218
GL64A   1720  1428  1452  1533  1437  3237  2376  1658  1401   724   377
GL64A   1730   513   782   966  1031  1714  1909  1571  1227   983   603
GL64A   1740   386   469   559   599   585   471   349   348   351   225
GL64A   1750   210   179   162   132   119   168   153   124   232   231
GL64A   1760   232   419   447   386   450   478   381   430   435   335
GL64A   1770   186   243   223     0    63    78   154    70    97   140
GL64A   1780   173   216   353   609   501   747   861   459   574   362
GL64A   1790   330   369   356   195   351   360   281   255   338   420
GL64A   1800   425   413   671  1019  1128   822   554   657   702  1164
GL64A   1810  1082  1295  1557  1130  1427  1340   892   951   858  1119
GL64A   1820  1319  1516  1576  1765  1719  1659  1182  1536  1863  1418
GL64A   1830  1079   712   596   485   407   361   273   284   352   291
GL64A   1840   188   201   219   341   322   236    88   301   177   113
GL64A   1850   279   244   238   298   350   504   634   738   728   763
GL64A   1860  1078  1272  1280   905   772   738   812  1049   746   733
GL64A   1870   700   558   611   397   389   428   337   219   249   250
GL64A   1880   284   238   266   243   296   325   417   443   520   450
GL64A   1890   348   370   377   379   389   369   313   351   428   487
GL64A   1900   500   449   535   498   390   334   312   414   339   403
GL64A   1910   369   285   354   411   626   655   572   441   451   392
GL64A   1920   454   570   379   441   556   412   293   342   540   429
GL64A   1930   398   251   372   734   629   437   461   524   396   519
GL64A   1940   410   479   470   424   302   288   430   556   625   640
GL64A   1950   711   700   889   981  1024   914   883  1127   806   486
GL64A   1960   452   727   933   839   799   837   504   624   652   712
GL64A   1970   615   478   443   451   606   645   804   935  1013 -9999
GL66A   1665   328   562   534   610   998
GL66A   1670  1676  1462   631   344   625   564   701   687   893   761
GL66A   1680   662   576   935  1117  1265  1120  1067   879   659   829
GL66A   1690   771   689  1051  1149  1196   659   560   658   512   506
GL66A   1700   654   685   658   908   388   545   662   710   623   522
GL66A   1710   480   496   449   402   401   798   704   478   349   379
GL66A   1720   339   336   458   468   605  1073   946   852   487   639
GL66A   1730   441   719   924  1035  1125  1380  1137  1002   857   401
GL66A   1740   312   376   352   427   463   531   455   511   385   476
GL66A   1750   556   409   394   311   305   279   253   239   206   339
GL66A   1760   312   448   566   573   451   407   423   302   442   551
GL66A   1770   364   292   338   269   186   244   230   216   185    93
GL66A   1780   252   354   331   664   574   589   481   592   605   655
GL66A   1790   414   403   473   361   519   388   328   290   485   492
GL66A   1800   463   356   381   697   843   843   819   911   748   731
GL66A   1810   734   733   916   741   709   570   443   674   724   775
GL66A   1820   955   829   791   859   891   911   855  1264  1330  1297
GL66A   1830  1424  1786  1530  1532  1418  1241  1303  1655  1416  1411
GL66A   1840  1125  1169  1266  1635  1103  1206  1123  1085  1127   892
GL66A   1850  1093   962  1140  1017  1169   979  1062  1304  1245  1172
GL66A   1860  1111  1421  1515  1602  1707  1424  1026  1126  1433   945
GL66A   1870  1074   937   939  1224   965  1000  1107   851  1338   822
GL66A   1880  1098   973  1123   979   985   870   968  1030   784   814
GL66A   1890   710   822   905   894   771   635   606   673   475   557
GL66A   1900   643   932   592   847   923   750   805   686   768   744
GL66A   1910   957  1005   817   987   708   730  1023   835   755   810
GL66A   1920   710   712   640   858   876  1156   942   803   768  1112
GL66A   1930  1091   761   788   857   727   934   843  1066  1066   932
GL66A   1940   950  1207  1240  1325  1142  1125  1132  1211   942   960
GL66A   1950   833  1048  1190  1130  1031  1350  1133  1456   986  1418
GL66A   1960  1160   944   842   801  1220  1133  1368  1399   820  1166
GL66A   1970  1024   980   995   817   905  1147   910  1198  1123  1054
GL66A   1980  1087   872   928   813  1089   828   951  1266  1096  1311
GL66A   1990  1212  1112   920 -9999
GL67A   1657  4161  3120  1983
GL67A   1660  1973  1408  1319   834  1047   849   928  1536  1784  2646
GL67A   1670  3836  2944   933    88   249   150    97   207   215   147
GL67A   1680   180   394   508   447   482   328   480   480   560   354
GL67A   1690   381   537   555   547   342   337   284   495   602   628
GL67A   1700   577   386  1152   951   805   837   840   793   583   659
GL67A   1710  1034  1025  1232  1013  1025  1333  1055  1209  1250  1124
GL67A   1720  1444  1000  1003   970  1731  1374  1115  1028   937  1050
GL67A   1730  1359  1435  1194  1095  1522  1285  1078  1006   681   513
GL67A   1740   447   497   390   492   651   587   553   534   509   564
GL67A   1750   644   446   438   359   321   356   403   303   295   617
GL67A   1760   574   676   458   601   621   688   721   726   519   601
GL67A   1770   324   320   389   300   266   378   525   418   402   567
GL67A   1780   644   606   689   581   489   689   629   732   591   678
GL67A   1790   547   407   499   502   662   793   624   600   540   735
GL67A   1800   816   804   833   805  1225  1007   917   865   732   709
GL67A   1810   601   723   860   786   724   696   631   820   797   987
GL67A   1820   879   731   748   586   573   592   558   801   737   678
GL67A   1830   642   735   806   593   680   684   497   577   526   484
GL67A   1840   517   359   404   613   676   697   578   644   522   556
GL67A   1850   731   880   959   771   814   733   801   920  1075   983
GL67A   1860   818  1053  1323  1195   938   729   821   635   831   786
GL67A   1870   629   686   609   658   526   515   603   555   500   511
GL67A   1880   609   686   793   600   735   759   860  1006   984   891
GL67A   1890  1000   756   777   715   723   552   550   542   532   642
GL67A   1900   617   687   478   469   474   558   644   476   385   460
GL67A   1910   506   634   559   578   713   507   452   279   315   381
GL67A   1920   407   338   285   252   221   223   325   231    87   240
GL67A   1930   316   192   209   191   222   209   147   201   159   227
GL67A   1940   234   262   236   215   179   191   411   311   323   361
GL67A   1950   369   441   501   343   508   513   524   523   625   620
GL67A   1960   562   518 -9999
GLB01b  1781  1281   787   893   900  1429   949   693   817  1110
GLB01b  1790   911   698   634   968  1071   823   814   647   855   441
GLB01b  1800   812   970  1230  1251  1201  1208  1324  1142  1234  1102
GLB01b  1810   783  1144  1068  1126  1014  1078   753  1084  1157  1189
GLB01b  1820   953  1380  1501  1093  1324  1909  1636  1492  1583  1197
GLB01b  1830  1313   785  1367  1929  1311  1366  1030   824   660   597
GLB01b  1840   354   557   518   932  1059  1252  1122  1354  1675  1546
GLB01b  1850  1240  1846   918   280   559   366   340     0     0     0
GLB01b  1860   309   441   487   553   674   700   765   667   745   646
GLB01b  1870   828   657   620   752   780   582   464   382   642   359
GLB01b  1880   755   665   987   808   883  1167  1137  1509  1609  1349
GLB01b  1890  1648  1633  1705  1422  1002   792   923   885   805   917
GLB01b  1900   716   563   550   682   621   936   738   498   238   483
GLB01b  1910   642  1096  1077   819   427   769   871   698   963   741
GLB01b  1920   511   368   281   608   538   400   668   675   240   516
GLB01b  1930   493   564   617   383   383   808   672   505   630   451
GLB01b  1940   304   784   933   899   772   435   471   302   304   353
GLB01b  1950   343   353   302   381   423   405   287   411   615   339
GLB01b  1960   463   311   305   237   284   322   405   327    81   313
GLB01b  1970   265   641   741   573   362   313   617   393   525   758
GLB01b  1980   820   468   231   252   285   333   203   259   154   203
GLB01b  1990   159   300   412   326   221   501   457   992   784   906
GLB01b  2000   718   552   597   281   349   326   428   817   538 -9999
GLB3    1860  3179  3019  4376  3833  3119  2444  2467  2253  2750  2478          
GLB3    1870  2540  2652  2322  2227  2727  2814  2275  2039  2297  2152          
GLB3    1880  2427  1766  2107  1957  2013  2337  2393  2362  2410  2456          
GLB3    1890  3031  2522  2668  3060  2966  2160  2351  2174  2438  2202          
GLB3    1900  2285  2312  2091  2083  2319  2650  2108  1748  1619  1923          
GLB3    1910  1856  2219  2712  2378  2474  2227  2195  2113  2014  2041          
GLB3    1920  1817  2130  1926  1843  1560  2054  2390  2054  1357  1952          
GLB3    1930  2011  2059  2643  2213  1937  2654  2374  2239  2379  2186          
GLB3    1940  1898  2001  2184  2204  2108  1670  1564  1634  1919  2203          
GLB3    1950  1636  1730  2111  1752  1645  2209  1792  2004  1803  2138          
GLB3    1960  1808  1856  1946  1582  1783  1701  1382  1684  1255  1577          
GLB3    1970  1386  2162  1683  1785  1873  1693  1676  1467  1655  1264          
GLB3    1980  1096  1372  1209  1384  1116  1291  1436  1551  1574  1326          
GLB3    1990  1785  1916  1355  1437  1741  1806  1722  1417  1530  1419          
GLB3    2000  1430  1752  1630  1491  1414  1281  1418  1615  1207 -9999 
GLB04b  1821  2636  3525  2793  3974  3447  2785  3999  3073  1730                
GLB04b  1830  2405  3021  2026  2864  3137  2870  2521  2550  2225  2462          
GLB04b  1840  2126  1351  1233  2224  2231  1852  2094  1585  2382  2217          
GLB04b  1850  2763  3251  3191  2472  1642  1816  2017  2476  2109  2119          
GLB04b  1860  1504  1945  2402  2018  2287  1704  1754  1638  1734  1272          
GLB04b  1870  1086   927  1097  1094   970  1286  1506  1481  1558  1031          
GLB04b  1880  1159   901  1060   816   631   600   720  1638  1790  1736          
GLB04b  1890  1525  1269  1288  1236  1063   892  1258  1748  1216  1339          
GLB04b  1900  1390  1233  1174  1385  1518  1856  2033  1082   898   742          
GLB04b  1910   825  1124  1223  1052   923   848  1128   752   715   922          
GLB04b  1920   626   685   600   694   546   514  1003  1271   832   816          
GLB04b  1930   712   611   532   445   467   749   659   459   599   429          
GLB04b  1940   262   538   497   510   373   240   435   426   389   540          
GLB04b  1950   410   336   388   509   505   644   470   798   850   492          
GLB04b  1960   639   693   653   612   698   709   818  1020   664   688          
GLB04b  1970   632   973   845   758   506   695   669   475   535   563          
GLB04b  1980   473   510   891   299   349   409   302   529   568  1076          
GLB04b  1990   749   665   549   565   381   417   426   507   379   557          
GLB04b  2000   515   565   410   450   426   414   513   528   503 -9999          
GLB09   1769   967                                                                
GLB09   1770  1019  1010   811   993  1255  1326  1400  1285  1071  1287          
GLB09   1780  1063  1433  1498  1387  1248  1336  1235  1715  1692  2295          
GLB09   1790  2240  1939  1867  1302  1516  1461  1623  1373  2023  1858          
GLB09   1800  2149  2264  2381  2211  2569  1737  1549  2097  1812  1239          
GLB09   1810  1393  1585  1563  2047  1523  1170   726  1264  1105  1157          
GLB09   1820   931   908  1231  1184  1693  1055   667   389   809  1214          
GLB09   1830   956  1199   956   815   920   933   718  1109   879   521          
GLB09   1840  1225   890  1052  1233  1490  1612  1198  1046  1061   909          
GLB09   1850   723   826   754   670   816   571   992  1155  1054  1150          
GLB09   1860  1232  1368   947   923  1026  1106  1064  1099  1173   984          
GLB09   1870  1017  1014  1006  1087  1139  1214   890   676  1040   634          
GLB09   1880  1055   718  1148   850  1200  1067   872  1044  1075   950          
GLB09   1890   970   711   478   646   644   371   612   786   665   921          
GLB09   1900  1135  1171   706   995  1353  1458  1002   523   706   925          
GLB09   1910   926  1181  1035   929   913   792   841   628   922   952          
GLB09   1920   513   648   608   828   691   890   790   839   485   588          
GLB09   1930   752   570   649   559   620   714   539   805   686   662          
GLB09   1940   507   864   884   945   883   692   498   538   583   653          
GLB09   1950   513   512   481   500   463   600   564   683   525   518          
GLB09   1960   543   431   491   650   954   765   686   662   442   571          
GLB09   1970   621   736   589   472   460   583   514   565   549   615          
GLB09   1980   606   657   658   759   539   519   626   789   996   859          
GLB09   1990  1024   844   679   668   763   997   925   822   637   849          
GLB09   2000   759   856  1019   769   834   737   857   904   991 -9999          
GLB12a  1765  1540  2191  2019  1977  1945                                        
GLB12a  1770  1792  1245  1205  1051  1133  1168  2016  1288  1271  1395          
GLB12a  1780  1045   794  1063  1513  1317  1449  1263  1026  1196  1192          
GLB12a  1790   879   972  1179   882  1011   880   882   955   764   678          
GLB12a  1800   945   909   905   833  1147  1331  1040  1010  1129   926          
GLB12a  1810   981  1160  1120  1343  1384  1075  1083  1055  1073   792          
GLB12a  1820  1082  1027  1070   888   759   748   663   840   849   756          
GLB12a  1830   865  1171  1185   844   701   498   607   606   434   434          
GLB12a  1840   584   757   518   873  1139  1027   947   962   867   990          
GLB12a  1850  1029   761   750   510   430   505   535   582   626   686          
GLB12a  1860   791   751   888   916   815   716   792   552   653   523          
GLB12a  1870   813   670   550   693   812   980   989   764   844   713          
GLB12a  1880   746   714   662   551   571   660   725   873   709   596          
GLB12a  1890   487   591   676  1113  1108   555   584   736   460   570          
GLB12a  1900   478   449   335   569   716   673   480   643   654   584          
GLB12a  1910   649  1059  1081   819   725   551   559   590   882   913          
GLB12a  1920   569   455   345   477   509   673   606   461   278   560          
GLB12a  1930   709   581   576   529   433   531   608   641   754   749          
GLB12a  1940   475   620   855   691   821   869   862   639   536   931          
GLB12a  1950   669   581   749   998   686   781   920   826   768   638          
GLB12a  1960   897   463   642   792   864   895   659   774   569   662          
GLB12a  1970   777   869   719   596   446   557   355   346   535   719          
GLB12a  1980   594   857   697   545   679   832   772   767   930   777          
GLB12a  1990   600   878   657   560   652   636   492   362   422   714          
GLB12a  2000   631   592   511   589   347   357   607   619   506 -9999          
GLB16a  1762  1853  1213  1466  2274  2202  1913  1941  2419                      
GLB16a  1770  1730  1978  2003  1821  2307  2537  2274  2179  2618  3036          
GLB16a  1780  2954  2737  1990  2615  1550  1711  2025  3063  2764  2149          
GLB16a  1790  2490  2124  1887  1698  2624  2410  2395  2757  2227  1831          
GLB16a  1800  1854  1631  1620  1601  1890  1695  1750  1572  1387  1248          
GLB16a  1810  1414  1267  1786  1717  1711  1750  1791  1408  1357  1245          
GLB16a  1820  1300  1486  1910  1610  1618  1433  1928  1758  1908  2261          
GLB16a  1830  2093  2581  1983  1654  2133  1863  1148  1454  1447  1148          
GLB16a  1840  1372  1532  1674  1747  2069  1953  3022  2366  2367  1963          
GLB16a  1850  2426  2000  1716  1481  1529  1225  1679  2235  1694  1178          
GLB16a  1860   782  1207  1171  1208  1507  1526  1022   728  1255   974          
GLB16a  1870   933  1290  1356  1475  1532  1595  1447  1343  1611  1079          
GLB16a  1880  1173   647   852   632   758   926   814   900  1160  1335          
GLB16a  1890  1313   983   949  1120   878   695   823   477   547   702          
GLB16a  1900   542   751   540   703   635   608   549   504   453   620          
GLB16a  1910   804   863   651   552   815   624   338   289   600   493          
GLB16a  1920   551   728   650   902   792   852  1294   998   639  1078          
GLB16a  1930  1193  1125  1256   970   794  1338  1116   982   853   932          
GLB16a  1940   875  1203  1083  1102  1049   774   949   892   669   897          
GLB16a  1950   539   476   503   688   824   696   749   849  1188  1102          
GLB16a  1960  1032  1104   740   778  1098  1204  1436  1321   935  1140          
GLB16a  1970  1014  1497  1243   817   971  1164   949   889   735   689          
GLB16a  1980   480   776   579   589   553   586   474   476   679   882          
GLB16a  1990   666   717   712   951  1142  1444  1148  1089   902  1079          
GLB16a  2000  1352  1165  1088   817   811   729   942   836   712 -9999          
GLB16b  1772  2880  2523  2558  3059  2524  2409  2452  2589                      
GLB16b  1780  2813  2934  1690  1626  1535  1674  1932  2172  1771  2245          
GLB16b  1790  2011  1801  2161  1411  1637  2025  2061  1901  1978  1610          
GLB16b  1800  1388  1118  1010  1627  1566  1814  1839  1828  1775  1268          
GLB16b  1810  1547  1685  2076  1706  1582  1499  1371  1281  1349  1451          
GLB16b  1820  1102  1281  1660  1258  1237  1333  1631  1557  1632  1547          
GLB16b  1830  1497  1365  1471  1261  1846  1736  1024  1151  1233  1004          
GLB16b  1840   964  1034  1539  1276  1280  1159  1651  1374  1244  1120          
GLB16b  1850  1398  1219  1187   971  1028   641   735  1073  1200   946          
GLB16b  1860   609   786   754   792  1087   978   988   769  1169   957          
GLB16b  1870  1091  1082  1080  1126  1072  1006   938   733   890   533          
GLB16b  1880   936   566   798   765   889   770   754   787   940  1020          
GLB16b  1890  1099   691   630   924   505   301   516   602   696   581          
GLB16b  1900   658   720   558   534   761   773   548   502   399   743          
GLB16b  1910   905   917   843   574   715   751   519   493   865   712          
GLB16b  1920   688   669   580   475   607   731   958   648   526   649          
GLB16b  1930   644   559   661   504   447   357   365   535   495   721          
GLB16b  1940   528   515   549   615   627   579   502   590   641   790          
GLB16b  1950   804   577   676   887   982   844   631   600   688   698          
GLB16b  1960   756   409   378   648   945  1095   920  1004   605   699          
GLB16b  1970   800   874   675   561   529   610   730   745   597   587          
GLB16b  1980   493   570   692   721   674   550   573   712   853  1013          
GLB16b  1990   715   461   535   442   525   788   669   446   397   628          
GLB16b  2000   970   867   832   968   675   681   812   655   565 -9999          
GLB17   1732  2553  2655  2757  2313  1721  1457  1951  1343                      
GLB17   1740   688   612   644   555   846   720   769   689   783   611          
GLB17   1750   722   681   475   392   365   411   614   554   477   503          
GLB17   1760   572   671   531   573   658   740   992   915   790   719          
GLB17   1770   615   432   375   304   341   424   514   368   314   662          
GLB17   1780   615   868   800   716   559   696   667   777   687   603          
GLB17   1790   558   649   574   514   721   581   535   491   731   509          
GLB17   1800   613   610   804   716   840   892  1014   726  1012  1035          
GLB17   1810   821   800   714   731   632   453   549   530   475   340          
GLB17   1820   391   497   467   412   391   461   416   670   803  1079          
GLB17   1830  1222  1223  1186  1546  1895  1267  1528  1241  1043  1306          
GLB17   1840  1347   755   867   819   876   996   740   883  1084  1012          
GLB17   1850   663   854  1089  1048  1107  1077  1153  1487  1306  1403          
GLB17   1860  1338  1558  1461  1388  1279  1322  1276  1384  1356  1149          
GLB17   1870  1548  1157  1429  1521  1178  1155  1064  1086   825   687          
GLB17   1880   840  1047  1229  1030  1169  1334  1283  1335  1252  1304          
GLB17   1890  1489  1441  1139  1163  1144  1289  1382  1526  1392  1540          
GLB17   1900  1442  1476  1246  1555  1649  1592  1602  1245  1293  1379          
GLB17   1910  1433  1193  1238  1233  1149  1203  1162  1102  1052   962          
GLB17   1920   896   942   931  1297  1416  1316  1031   896   788  1064          
GLB17   1930  1053   987  1190   965   868  1391  1249  1198  1243  1097          
GLB17   1940  1007  1348  1511  1414  1339  1456  1291  1516  1072  1077          
GLB17   1950   831  1116  1484  1369  1714  1852  1615  1507  1290  1788          
GLB17   1960  1483  1325  1155  1532  2004  1629  1570  1881  1918  1628          
GLB17   1970  1397  1701  1780  1284  1472  1811  1266  1559  1871  1776          
GLB17   1980  1387  1407  1290  1278  1484  1212  1226  1493  1686  1433          
GLB17   1990  1495  1306  1172  1274  1282  1366  1299  1406  1005  1275          
GLB17   2000  1139  1366  1507  1099   704   767   969   881   785 -9999  
GLB25a  1778  2136  2111                                                          
GLB25a  1780  2560  2799  2180  1716  1372  1489  2029  1983  1879  2941          
GLB25a  1790  3326  2584  2626  2407  1892  1914  1749  1285  1482  1330          
GLB25a  1800  1488  1468  1543  1625  2061  1983  1635  1666  1610  1361          
GLB25a  1810  1427  1718  1320  1320  1246  1012   792   833   968  1174          
GLB25a  1820  1144  1105  1607  1527  1454  1198  1030   946  1269  1247          
GLB25a  1830  1229  1443  1268  1446  1766  1116   881  1157   802   615          
GLB25a  1840   462   405   572   717  1118  1308  1163   921  1015   808          
GLB25a  1850   708   594   838   557   546   485   518   504   435   505          
GLB25a  1860   385   446   426   371   438   573   664   566   687   668          
GLB25a  1870   727   580   631   379   250   134   164   127   133   130          
GLB25a  1880   238   219   282   310   278   132   160   232   288   489          
GLB25a  1890   606   828   723   930   840   763   770   749   434   365          
GLB25a  1900   340   378   233   280   416   395   298   150   163   297          
GLB25a  1910   355   360   445   432   241   189   178   236   233   260          
GLB25a  1920   212   248   182   306   321   336   504   329   165   222          
GLB25a  1930   346   332   460   577   419   695   473   280   344   246          
GLB25a  1940   197   593   565   431   235   160   169   134   188   312          
GLB25a  1950   369   422   331   320   390   638   724   911   789   724          
GLB25a  1960   678   738  1071  1246  1498  1388  1542  2022  1789  1659          
GLB25a  1970  1543  1640  1638  1005   671   640   385   531   541   580          
GLB25a  1980   500   501   650   888   567   541   498   662   828  1182          
GLB25a  1990  1004  1116  1019   799   607   525   405   488   555   684          
GLB25a  2000   636   863   911   845   636   582   800   784   604 -9999
GLB26   1764  2302  1946  1589  1088   970   885
GLB26   1770   794   949   986  1364  1259  1395  2045  1908  1346  1138
GLB26   1780  2161  1280  1020   928   955   839  1222  1245  1212  1076
GLB26   1790  1157  1139   900     0  1069   773   879  1075  1046  1291
GLB26   1800  1314  1623  2210  2015  2118  2666  2269  2140  1833  2116
GLB26   1810  1752     0     0  2334  1855  1741  1824  2318  2335  1953
GLB26   1820  1099  1036  1948  1876  2324  1924  1860  1740  1408  1222
GLB26   1830  1331  1656  1530  1382  1641  1172  1234  1497  1274  1132
GLB26   1840   732   666   567  1175  1475  1566  1542   777  1180  1214
GLB26   1850  1418  1068  1543  1210   885  1018   860  1107   997  1112
GLB26   1860  1017   894   568   606  1075  1579  1574  1011  1178   959
GLB26   1870   904   616   561   493   450   409   249   244   309   155
GLB26   1880   257   496   539   573   511   659   579   955   902   780
GLB26   1890   760   975   641   760   503   786   494   813   604   575
GLB26   1900   546   643   461   839  1257  1116   577   481   481   366
GLB26   1910   505   619   434   610   616   600   370   457   416   350
GLB26   1920   485   508   314   237   217   403   427   374   183   206
GLB26   1930   335   299   325   317   319   603   642   533   586   616
GLB26   1940   312   586   542   624   629   445   624   456   370   549
GLB26   1950   574   616   589   701  1032  1090   738   585   599   303
GLB26   1960   475   193   456   441   481   448   560   736   470   559
GLB26   1970   533   865   742   510   494  1007   904   553   458   633
GLB26   1980   747   791   837   534   507   571   515   488   556   642
GLB26   1990   553   748   977   788   581   555   345   411   367   705
GLB26   2000   627   642   378   386   302   207   342   405   332 -9999
GLB27a  1772   711   933  1478  1166  1054  1186  1077  1021                      
GLB27a  1780  1166  1802  1987  3114  2138  1981  2417  1700  2378  2475          
GLB27a  1790  2232  1936  1785  1176  1439  1426  1390  1307  1167   968          
GLB27a  1800  1346  1664  2376  2125  2196  1886  1950  2194  1682  1591          
GLB27a  1810  1392  1832  1595  1469  1514  1567  1135  1319  1543  1695          
GLB27a  1820  1159  1116  1278   910  1168  1178  1201  1398  1210   986          
GLB27a  1830   964   904   782   938  1065   833   712   569   411   474          
GLB27a  1840   573   543   645   833   705   943  1098   755   772   706          
GLB27a  1850   716   694   889   551   547   598   756   475   559   733          
GLB27a  1860   709   709   778   779   771   771   750   443   595   445          
GLB27a  1870   427   617   841   732   655   484   374   319   541   298          
GLB27a  1880   492   406   701   572   631   570   609   679   596   461          
GLB27a  1890   553   602   631   756   652   537   569   626   673   848          
GLB27a  1900   859   764   459   477   594   671   540   564   918   760          
GLB27a  1910   930  1028   980   897   768   528   731   714   793   583          
GLB27a  1920   580   527   557   736   657   570   738   449   183   633          
GLB27a  1930   826   853  1143  1008  1182  1175   978   815   957   945          
GLB27a  1940   780  1070   774   825   761   708   762   690   594  1020          
GLB27a  1950   949   947   829   819   653   949   779   777   976  1210          
GLB27a  1960  1155   631   569   434   572   586   466   589   523  1112          
GLB27a  1970  1607  1768  1424  1237  1051  1132  1276   873   751   717          
GLB27a  1980   760   977  1037  1108   917   829   929  1106  1143  1634          
GLB27a  1990  1667  1567  1335  1033   879  1063  1104  1123   872  1110          
GLB27a  2000  1234  1177  1035  1113  1264  1267  1594  1625  1411 -9999          
GLB29   1762  2919  2842  3242  3676  3852  2404  2725  2120                      
GLB29   1770  2326  1789  2502  3153  3465  3918  4010  3565  2834  2491          
GLB29   1780  1801  2344  1970  2541  1801  2293  2290  2237  1762  1897          
GLB29   1790  1202  1345  1312  1046  1203  1150   924  1293  1861  1208          
GLB29   1800  1214   903  1103  1326  1566  1350  1417  1477  1201   816          
GLB29   1810   797   703  1123  1147   900   709   804  1029   857   966          
GLB29   1820   889   794   941   935   971  1116  1004  1045   896  1142          
GLB29   1830  1321  1320   957   952  1177  1088   761   810   667   703          
GLB29   1840   552   623   385   503   817   949   859   909   922   772          
GLB29   1850   861   683   804   589   601   632   712   554   741  1260          
GLB29   1860  1024   749   642   820   717   883   935   617  1010   606          
GLB29   1870   677   459   528   570   561   568   509   499   495   442          
GLB29   1880   662   551   861   457   512   549   568   765   817   674          
GLB29   1890   857   803   683   765  1183   634   609   782   774   671          
GLB29   1900   658   710   506   688   764   700   473   315   366   422          
GLB29   1910   653   613   464   319   315   192   430   512   957   639          
GLB29   1920   512   526   316   509   546   534   762   436   151   249          
GLB29   1930   507   415   352   393   371   823   718   686  1015   706          
GLB29   1940   555   805   857   680   633   455   538   547   537   642          
GLB29   1950   649   683   595   561   674   913   578   643   729   726          
GLB29   1960   969   705   709   561   628   667   431   731   483   528          
GLB29   1970   714   941   858   634   716   908   928   817   622   446          
GLB29   1980   594   663   487   523   483   431   410   481   593   793          
GLB29   1990   551   580   634   503   446   484   474   359   238   633          
GLB29   2000   729   828   798   715   552   446   496   625   491 -9999          
GLB30   1737  1840  1640   888                                                    
GLB30   1740   539   521   580   626   617   647  1029   806   854   697          
GLB30   1750   795   602   514   318   235   333   243   198   316   667          
GLB30   1760   751   884   629   457   539   791   787  1021  1086   972          
GLB30   1770   574   554   528   373   438   494   444   472   323   335          
GLB30   1780   399   319   487   422   505   510   600   598   485   542          
GLB30   1790   466   291   371   278   433   406   432   467   562   359          
GLB30   1800   338   160   383   526   649   768   621   789   506   716          
GLB30   1810   668   360   387   407   445   551   541   689   478   557          
GLB30   1820   637   528   627   516   549   510   620   688   927   779          
GLB30   1830   715   516   492   454   478   435   375   443   486   391          
GLB30   1840   331   443   415   711   830   845   652   626   558   482          
GLB30   1850   538   494   645   555   704   445   549   873   867   806          
GLB30   1860   708   800   815   754   670   657   617   454   563   612          
GLB30   1870   886   971  1150  1103  1026   897   832   528   776   557          
GLB30   1880   569   535   532   512   427   458   458   571   482   460          
GLB30   1890   482   542   403   335   354   367   462   517   473   441          
GLB30   1900   374   307   348   378   516   603   494   270   270   278          
GLB30   1910   455   791   609   632   393   380   536   456   463   762          
GLB30   1920   541   687   664   658   706   528   415   321   158   256          
GLB30   1930   407   390   276   233   211   277   360   314   259   336          
GLB30   1940   387   460   432   438   389   238   352   514   340   404          
GLB30   1950   481   438   347   500   843   900   854   660   750   669          
GLB30   1960   813   549   581   684  1023  1007   696   751   443   473          
GLB30   1970   636   795   863   875   755   768   793   802   637   577          
GLB30   1980   476   566   542   450   303   496   476   540   632   670          
GLB30   1990   537   624   647   560   583   683   695   563   410   643          
GLB30   2000   752   808   662   540   496   459   494   695 -9999                
GLB41   1769  2898                                                                
GLB41   1770  1464  1438  1283   477   269   634  1044   767   782  1467          
GLB41   1780  1355  1597  1353  1941  1323  1408  1518  1196  1750  1623          
GLB41   1790  1050  1182  1336   689  1476  1711  1703  2056  1540  1292          
GLB41   1800  1432  1116  1371  1996  2172  2139  1856  1595   902  1458          
GLB41   1810  1668  1864  1569  1155  1300  1451  1251  1412  1615  1964          
GLB41   1820  1913  1851  1862  1580  2079  1657  1554  1728  1780  1802          
GLB41   1830  1949  2134  1309  1231  1815  1411  1006  1358  1188  1094          
GLB41   1840  1270  1757  1721  2334  2263  1756  1850  1724  2159  1833          
GLB41   1850  2144  1966  1760  1311  1195   758  1045  1893  1780  1442          
GLB41   1860  1134  1046  1217  1270  1337  1857  1897  1526  1642   955          
GLB41   1870  1091  1114  1144   748   808   648   468   535   871   621          
GLB41   1880   989  1041  1420  1002   979  1035   913  1109  1021   773          
GLB41   1890   761   788   545   620   681   536   600   520   411   496          
GLB41   1900   380   579   545   860  1000  1146   979   809   754   675          
GLB41   1910   899   862   874   918   884   798   776   824   821   849          
GLB41   1920   804   964   800   667   661   688   997   785   459   686          
GLB41   1930   793   717   771   659   541   690   723   614   579   658          
GLB41   1940   509   729   763   803   728   551   596   657   685   953          
GLB41   1950  1008   831   955   806   936  1163   802   949   839   904          
GLB41   1960   920   792   756   748  1017  1042   971  1078   817  1025          
GLB41   1970  1039  1245  1263  1100   885  1257  1258   902   959   962          
GLB41   1980   967   922   994   961   791   809   939   786  1203  1261          
GLB41   1990  1007   940   796   735   678   919   705   703   529   695          
GLB41   2000   708   919   955   875   920   778   824   888   736 -9999          
GLB46   1758  1429  1733
GLB46   1760  2686  3627  2591  1600  2342  1747  2390  2417  1123   690
GLB46   1770   560   412   410   715   689   631  1180  1720  1537  1395
GLB46   1780  1167   896   625  1232   874   645   993  1053   974   818
GLB46   1790   929   827     0     0   664   643   421   693   623   570
GLB46   1800   636   916   987   986  1200   865  1109  1025   537   714
GLB46   1810   677   899   880   883   632   804   596   692   692   840
GLB46   1820   886   623  1014   893   973   987   977   884  1352  1182
GLB46   1830   979   599   732   893   985   639   432   556   296   434
GLB46   1840   500   406   509   629   888   864   821   653   677   695
GLB46   1850   601   711  1128   703   879   641   704   676   672   782
GLB46   1860   527   618   525   643   981   913   765   743   720   507
GLB46   1870   536   703   729   649   667   507   493   236   301     0
GLB46   1880   476   330   329   159   194   154   199   326   291   334
GLB46   1890   274   306   223   351   316   291   454   578   562   385
GLB46   1900   454   509   348   410   325   473   356   353   277   203
GLB46   1910   292   442   388   354   303   298   435   386   478   295
GLB46   1920   381   426   296   376   259   337   426   432   273   410
GLB46   1930   600   513   640   557   319   627   603   566   655   766
GLB46   1940   479   663   726   557   461   329   417   270   456   846
GLB46   1950   627   689   922   968   890  1146   849   858   761   737
GLB46   1960   671   610   764   675   781   789   581   777   534   426
GLB46   1970   496   707   830   735   692  1154  1412  1150  1316  1179
GLB46   1980  1234  1596  1029   897   670   486   574   645   779   792
GLB46   1990   630   919   922   890   750   866   752   928   675  1065
GLB46   2000  1185   997   816   606   524   465   648   484   774 -9999
GLB47   1808  1756  1381                                                          
GLB47   1810   943   796  1087   905  1047  1106  1226  1243  1291  1486          
GLB47   1820  1271  1265  1784  1534  1592  1514  1332  1491  1194  1146          
GLB47   1830  1524  1535  1132  1510  2291  1488  1238  1506  1377  2074          
GLB47   1840  1686  1386  1318  1541  1631  1545  1784  1542  1982  2162          
GLB47   1850  1811  1011  1355  1113  1228   988  1024  1885  1495  1906          
GLB47   1860  1329  1402  1177  1089  1293  1453  1424  1458  1885  1416          
GLB47   1870  1818  1585  1785  1548  1500  1600  1550  1055  2016  1220          
GLB47   1880  1523  1080  1269  1081  1016  1063  1274  1509  1626  1673          
GLB47   1890  1673  1451  1449  1599  1479  1460  1465  1368  1313  1259          
GLB47   1900  1313  1479  1004  1359  1724  1489  1465  1212  1172  1095          
GLB47   1910  1350  2077  1609  1494  1309  1163  1393  1398  1417  1266          
GLB47   1920   896   994  1042  1295  1510  1436  1241  1388   901  1110          
GLB47   1930  1277  1190  1268  1094   994  1646  1487  1947  2136  1421          
GLB47   1940  1240  1834  1993  1853  1615  1165  1077  1070   728   842          
GLB47   1950   834   793   722   717   815   936   744   729   931   872          
GLB47   1960   805   708   702  1192  1081  1020  1258  1364  1360  1722          
GLB47   1970  1640  2151  1994  1857  1387  1747  1277  1064  1051  1096          
GLB47   1980   942   882   670   771   580   674   614   714   762   915          
GLB47   1990   811   723   653   558   595   500   540   464   409   559          
GLB47   2000   520   572   501   656   383   504   620   570   564 -9999          
GLB47i  1736   908   388   234   358                                              
GLB47i  1740   482   304   330   451   468   273   368   645   876  1377          
GLB47i  1750  1176   746   795   659   567   500   491   481   524   697          
GLB47i  1760   750  1074  1045  1273  1075   887  1056  1043  1047   981          
GLB47i  1770   750   528   535   476   289   482   589   724   585   771          
GLB47i  1780   808   730   709  1122   691   912   770   928   781   858          
GLB47i  1790   833   892   776   616   735   732   659   626   748   593          
GLB47i  1800   857   662   868  1001  1039   978   884   731   597   551          
GLB47i  1810   719   877   845   785   583   624   600   599   590   816          
GLB47i  1820   717   916   824   731   757   949   778   778   775   834          
GLB47i  1830   799   676   546   973  1265   986   866   998   762   754          
GLB47i  1840   914   815   895  1080  1239  1073   869   612   861   597          
GLB47i  1850   682   479   717   932  1112   800   809   898   725   690          
GLB47i  1860   594   621   609   598   782   990   965   956   998   909          
GLB47i  1870   996   803   652   575   509   579   646   667  1056   840          
GLB47i  1880  1290  1069  1399  1148  1218  1194  1267  1470  1195  1414          
GLB47i  1890  1220  1046   894  1081   905   864   856   934   963   842          
GLB47i  1900   923   986   791   998  1096   853   745   587   713   676          
GLB47i  1910   804   960   578   566   574   595   707   659   586   716          
GLB47i  1920   478   537   462   621   579   606   661   492   211   284          
GLB47i  1930   453   544   407   294   380   467   486   739   913  1018          
GLB47i  1940   721  1183  1110   877   682   431   558   464   581   737          
GLB47i  1950   746   561   539   669   662   781   609   612   592   555          
GLB47i  1960   574   411   649   603   691   593   599   752   449   604          
GLB47i  1970   735  1214  1030   827   480   604   596   585   732   700          
GLB47i  1980   517   440   463   410   416   437   575   666   706   555          
GLB47i  1990   636   672   648   577   528   676   633   530   392   580          
GLB47i  2000   552   666   570   466   360   469   644   591   581 -9999          
GLB48   1793   619   553   599   493   489   635   636                            
GLB48   1800   605   519   729  1063  1426  1701  1246   978   991  1082          
GLB48   1810   876  1011   846  1089  1014   945   716   715   730   879          
GLB48   1820   693   617   765   836   967  1001   944  1361  1732  1149          
GLB48   1830  1166  1574  1306   941  1059  1097   738   881   841   749          
GLB48   1840   730   889   845  1097  1029   995  1164  1189   790   672          
GLB48   1850   752   803   814   638   666   538   743   858   899   681          
GLB48   1860   853  1031   853   767   603   492   578   400   582   534          
GLB48   1870   404   417   507   508   651   780   366   461   648   492          
GLB48   1880   736   502   745   488   485   458   430   427   615   483          
GLB48   1890   423   505   530   569   777   440   534   578   398   597          
GLB48   1900   608   648   457   382   520   659   418   303   339   418          
GLB48   1910   571   770   686   517   426   418   596   625   796   613          
GLB48   1920   514   406   476   669   761   697   751   504   142   442          
GLB48   1930   473   543   509   234   521   504   614   529   583   644          
GLB48   1940   403   483   599   645   549   480   524   722   711   668          
GLB48   1950   740   639   495   651   548   579   490   538   588   463          
GLB48   1960   570   320   410   414   544   684   509   585   383   377          
GLB48   1970   534   754   671   508   479   480   597   411   333   455          
GLB48   1980   394   528   364   358   423   394   418   496   554   620          
GLB48   1990   318   490   454   417   315   273   399   346   262   492          
GLB48   2000   322   511   472   377   374   319   557   517   406 -9999          
GLB49   1778  1999  3444                                                          
GLB49   1780  3396  2774  2464  2646  2733  2652  2864  3383  3178  3118          
GLB49   1790  2122  1995  2352  1552  1634  1828  1825  1262  1588  1425          
GLB49   1800  1685  1960  2522  2151  2053  2385  2290  2016  1542  2124          
GLB49   1810  1621  1571  2207  2260  2193  1609  1499  1230  1401  1316          
GLB49   1820  1328  1170  1157   835   964  1044  1303  1415  1510  1594          
GLB49   1830  2045  2363  2437  2438  2617  1927  1074  1332  1382  1496          
GLB49   1840  1751  1639  1633  2092  2055  1738  1597  1517  1512  1522          
GLB49   1850  2074  1966  1959  2145  2084  2061  1802  2285  2044  1455          
GLB49   1860  1134  1404  1701  1646  1622  2140  1922  1350  1974  1792          
GLB49   1870  2006  1752  1677  1493  1605  1874  1359   764  1149  1038          
GLB49   1880  1172  1158  1708  1494  1815  1897  1820  2117  2165  2028          
GLB49   1890  1844  1543  1196  1391  1560  1262  1454  1657  1604  1375          
GLB49   1900  1827  2975  1295  1207  1284  1447  1173     0   658  1016          
GLB49   1910   899  1178  1089   689   643   684   651   722  1030   998          
GLB49   1920   572   690   643   745   599   949   900   850   422   763          
GLB49   1930   876  1007  1034   952  1143  1284  1321  1193  1183  1270          
GLB49   1940  1133  1254  1289  1087   968   704   730   610   553   651          
GLB49   1950   766   667   559   796   803  1077   868   960   929   924          
GLB49   1960  1292   719   767   924  1051  1111  1113  1130   778   880          
GLB49   1970  1104  1478  1389  1045   913  1008  1018  1037  1085  1034          
GLB49   1980  1173  1490  1346   953  1029   821  1060  1233  1336  1273          
GLB49   1990  1197  1434  1014  1053  1120  1087  1090   760   689   894          
GLB49   2000   941   862   827  1185   960   780  1131  1263  1057 -9999
GLB50   1800  2563   702  1170  2195  1983  1888  1740  1339  1277  1455          
GLB50   1810  1503  1601  1882  2055  2082  1468   826   840   717  1281          
GLB50   1820  1557  1287  1623  1390  1516  1578  1532  1303  1311  1424          
GLB50   1830  1374  1360  1261  1438  1495  1259   965   882   978   774          
GLB50   1840   570   626   719   894  1051  1052  1313  1336  1712  1559          
GLB50   1850  1914  1505  1648  1158  1320  1100  1001  1092  1236  1481          
GLB50   1860  1197  1266  1097   964   803   917   864   557  1276  1226          
GLB50   1870  1433  1194  1426  1066   995   878   756   478   546   320          
GLB50   1880   628   536   740   450   468   645   573   617   797   780          
GLB50   1890   601   710   532   705   709   632   668   771   800   749          
GLB50   1900   681   575   379   370   559   656   581   521   532   535          
GLB50   1910   440   538   550   533   443   311   398   340   263   249          
GLB50   1920   190   343   365   198   292   373   475   367   107   276          
GLB50   1930   425   321   323   244   346   551   456   281   313   349          
GLB50   1940   186   443   673   896   511   235   369   393   513   493          
GLB50   1950   374   414   334   319   366   514   570   691   688   558          
GLB50   1960   530   605   662   529   749   696   554   721   336   448          
GLB50   1970   560   974   889   615   407   634   508   440   482   527          
GLB50   1980   539   629   500   698   694   617   624   722  1027  1420          
GLB50   1990  1066   964   780   732   789   848   801   770   649  1152          
GLB50   2000   978   896  1179  1138  1166   955  1106  1155  1060 -9999
GLBD01  1740  1843  1716  1647  1611  1814  1570  1519  1760  1897  1709          
GLBD01  1750  1799  1440  1231  1411  1239  1595  1156  1111  1097  1504          
GLBD01  1760  1483  1670  1434  1603  1631  1877  1768  1603  1828  1867          
GLBD01  1770   846   732   830   819   959  1327  1320  1018   972   939          
GLBD01  1780  1021  1487  1283  1179  1130  1336   911   890  1099  1058          
GLBD01  1790   747   824  1008   693   555   551   696   740   758   803          
GLBD01  1800   750  1075  1398  1493  1442  1343  1308  1583  1628  1395          
GLBD01  1810  1222  1339   891  1064  1687  1856  1302  1347  1449  2182          
GLBD01  1820  1877  2237  1984  1558  1562  1627  1322  1803  1941  1643          
GLBD01  1830  1688  1947  1459  1251  1875  1677  1220  1418  1517  1256          
GLBD01  1840   950   893   977  1053  1624  1922  1446  1189   773   780          
GLBD01  1850   717   755   787   881  1092  1019  1220  1542  1264  1133          
GLBD01  1860   959   769   775   856  1010  1375  1384  1070   981   839          
GLBD01  1870   746   757  1037  1037  1022  1140  1191   771  1237   789          
GLBD01  1880   795   909  1056   798   922   849   794  1128  1405  1234          
GLBD01  1890  1420  1181  1169  1305  1028   984  1275  1103   939   969          
GLBD01  1900   991   916   806   591   795  1212   819   620   622   784          
GLBD01  1910   681   989   911   509   658   496   636   634   607   648          
GLBD01  1920   641   476   425   423   624   794   772   637   569   639          
GLBD01  1930   787   638   647   663   543   479   326   486   485   653          
GLBD01  1940   550   889   987   859   811   508   498   626   806 -9999          
