ML01    1835  3148  3681  3176  3213  2794                                        
ML01    1840  2327  2687  2208  4096  3092  3457  2093  2755  2267  2963          
ML01    1850  3113  3001  3048  2711  2459  1550  1446  1990  1910  1999          
ML01    1860  1731  1673  1672  1558  1695   986  1065   827  2126  1159          
ML01    1870   893   545   913  1182   826   786   737   286   245   271          
ML01    1880   677   542   514   447   349   255   294   209   255   275          
ML01    1890   342   471   417   374   418   525   679   752   737   798          
ML01    1900   757   703   448   531   537   405   611   398   287   197          
ML01    1910   357   357   276   257   225   190   394   357   644   558          
ML01    1920   471   428   341   456   491   426   334   306    67   144          
ML01    1930   158   155   136   120   106   136   179   118   191   127          
ML01    1940    71    95    71   168   209   142    87   186   123   103          
ML01    1950   173   169    88    49   206    96   119   150   310   266          
ML01    1960   348   409   726   713   508   498   553   457   547   396          
ML01    1970   378   307   356   218   165   248   666  1890  1727  1755          
ML01    1980  1255  1210  1153  1183   576   404   469   483   374   323          
ML01    1990   354   393   228   182   315   393   222   161   133    67          
ML01    2000   110   141   154   263   239   400 -9999                            
ML02    1838  4085  3323
ML02    1840  4370  2966  3429  3672  2843  2933  4408  3781  3401  4796
ML02    1850  3673  2872  3602  3704  5105  3489  2751  2629  2813  2579
ML02    1860  3288  2622  3138  3509  3358  2844  2226  1058  1756  1632
ML02    1870  1737  1526  1810  1462  1904  1903  1799  1426  1416   993
ML02    1880  1667  1348  1483   757   571   730   946   814  1316  1543
ML02    1890  1827  2674  2175  2098  2288  1879  2500  2472  2007  2075
ML02    1900  2690  3301  2381  1750  2100  2141  2140  1930  1520   920
ML02    1910  1591  2363  2316  2222  1671  1223  1630  1760  2394  2650
ML02    1920  1640  1611  2020  2390  2550  2390  1200  1011   902   944
ML02    1930  1066  1161  1584  2273  2963  2844  2141  2026  2163  1943
ML02    1940  1950  1270  1110  1541  1672  1576  1656  1335  1331  1491
ML02    1950  1633  1742  1684  2336  2386  2619  1626  1835  1493  1608
ML02    1960  1755  1634  2162  1888  1984  1410  1193  1366  1015   772
ML02    1970  1002  1102  1134  1137  1593  1755  2177  1344  1622  1673
ML02    1980  1745  1554  1079  1382  1265  1287  1468  1621  1346  1009
ML02    1990  1580  1972  1964  2542  2260  1500  1012  2351  3291  2641
ML02    2000  2010  1530  1690  1490  1210  1260   911  1091  1112 -9999
ML03    1864  1735  2113  2180  2030  1794   908                                  
ML03    1870   812   835   993  1119   899   855   761   457   337   482          
ML03    1880   974   856  1124   607   624   471   744   781  1090  1151          
ML03    1890  1493  1358  1285  1586  1600  1351  1533  1916  2298  2424          
ML03    1900  1963  1672  1267  1518  1557  1545  1496  1009   734   494          
ML03    1910   509   537   321   575   639   559  1028  1711  1818  1316          
ML03    1920   720   713   594   874   824   967   587   398   384   493          
ML03    1930   328   326   397   310   381   652   844   767  1121  1300          
ML03    1940   972  1028   978  1303  1482  1822   991   628   364   684          
ML03    1950   556   711   553   931   945  1272  1054  1130   974   825          
ML03    1960   374   215   377   406   365   383   309   487   458   245          
ML03    1970   276   431   365   447   404   678  1002   869   917  1025          
ML03    1980   974  1210  1094  1139   816   662   948  1626  1452  1101          
ML03    1990   737   726   961   931   789   775   681   891   668   851          
ML03    2000   925   929   885   790   934   965   870  1015 -9999                
ML04    1841  1195  1876  2639  2963  2263  1241  2558  3119  3712
ML04    1850  3009  3064  3400  2979  2635  2707  3006  3354  3148  4542
ML04    1860  4593  5151  3338  4674  3326  3327  3197  2316  5036  4534
ML04    1870  3426  2767  2318  2545  2961  2713  2317  2074  2083  1699
ML04    1880  1942  1746  1724  1185  1252  1122  1465  1521  1843  1843
ML04    1890  2032  2213  1972  1730  1928  1363  1711  2094  1904  1942
ML04    1900  1745  1834  1386  1347  1504  1149   984   915  1341   781
ML04    1910   829  1261   834   598   713   728  1018   963   866  1344
ML04    1920   890  1041  1036  1082  1364  1740  1166  1167   868   860
ML04    1930   853  1157  1383  1536  1363  1980  1674  1640  1440  1501
ML04    1940   661   581   390   780   920  1760   880   470   350  1061
ML04    1950   760   840   881  1101  1325  1545   934  1012   981  1305
ML04    1960   911   610  1083  1063  1654  1692  1294  1685  1617  1264
ML04    1970  1289  1000  1240  1290  1362  1748  1416  1361  1273  1564
ML04    1980  1665  1714  1321  1020  1150   960   820  1460  1667  1471
ML04    1990  1924  1771  1682  1436  1420  1402  1083  1204  1122  1454
ML04    2000  1245  1126  1224  1001   901   861  1103  1241  1312 -9999
ML05    1831  2519  4019  4399  4811  3823  3840  3226  2606  2118                
ML05    1840  2260  1933  2379  3530  3441  3612  3723  3603  4101  2763          
ML05    1850  3707  3654     0  3431  2776  1919  1886  1791  1312  1584          
ML05    1860  1509  1269  1290  1334  1139  1001  1108   659   823   556          
ML05    1870   759   742   798   734   543   662   510   278   193   207          
ML05    1880   177   252   364   311   251   247   274   424   540   653          
ML05    1890   736   737   599   662   545   556   595   785   919  1111          
ML05    1900   905   775   611   786   821   649   560   393   423   279          
ML05    1910   341   354   432   541   490   565  1079  1149  1279  1201          
ML05    1920  1093  1000  1045  1191   903   789   520   382   216   316          
ML05    1930   251   206   266   393   578  1102   889   713   939   608          
ML05    1940   394   415   348   488   478   851   557   461   570  1916          
ML05    1950  1850  1839  2294  1769  2009  1896   930  1162   748   447          
ML05    1960   399   351   468   267   281   152    79    62   101   156          
ML05    1970   125    99   154   283   450   392   499   357   461   498          
ML05    1980   723   703   822   562   485   547   535   509   447 -9999          
ML06    1834  7218  5713  4589  4376  3376  3429                                  
ML06    1840  4168  4045  3630  4748  3549  3580  4122  3568  3481  4156          
ML06    1850  3750  3960  3286  2047  2118  1853  2081  2974  2543  2697          
ML06    1860  2368  2317  2711  3301  2904  2787  2502  2081  2348  1384          
ML06    1870   881   688  1025  1387   836   861   647   393   308   377          
ML06    1880  1110   730   791   347   214   222   355   286   466   265          
ML06    1890   550   603   540   428   539   456   413   578   429   408          
ML06    1900   261   363   344   540   479   555   871   744   516   386          
ML06    1910   753   591   229   421   355   308   971  1067   872   642          
ML06    1920   341   301   368   611   572   675   351   228   173   175          
ML06    1930   308   429   434   340   429   907   555   808  1138  1118          
ML06    1940   682   996   907  1021   954   735   319   393   398   583          
ML06    1950   357   628   478   513   461   564   347   339   442   417          
ML06    1960   277   154   222   250   424   406   949  1732  1148   815          
ML06    1970   925  1171   897  1106   988  1262   777   707   960   766          
ML06    1980   627   553   402   487   349   263   419   938   659   646          
ML06    1990   501   874   893   623   550   906   680   836   990  1482          
ML06    2000  1168   918  1162   708   324   461   577   785 -9999                
ML07    1839  3310
ML07    1840  2710  3300  3790  3870  4500  4420  3570  3210  4040  4260
ML07    1850  3640  3680  3490  4180  3730  2740  2000  2690  2950  2800
ML07    1860  3080  2720  2490  2940  2930  3020  2870  3290  2140  1220
ML07    1870  1520  1300  1440  1080   540   550   670   590   540   490
ML07    1880   630   440   610   250   160   340   460   440   800   730
ML07    1890   720   730   730   660   980   730   610   940  1010  1010
ML07    1900   780  1040   810   730   830   930  1270  1170  1080   700
ML07    1910   890   750   650   870   760   570   980   980   980   880
ML07    1920   580   690   760   960  1200  1170   750   560   560   450
ML07    1930   330   500   560   440   430   570   510   650   610   540
ML07    1940   380   440   500   550   740   540   310   160   320   480
ML07    1950   550   460   370   580   600   540   300   430   400   540
ML07    1960   380   310   490   590  1080   650   440   440   300   400
ML07    1970   260   220   350   270   230   840   860   590   540   440
ML07    1980   480   560   370   350   460   220   490   800   630   660
ML07    1990   450   470   450   300   340   390   220   240   200   250
ML07    2000   240   190   210   240   390   490   320   460 -9999
ML08    1837   309   351   329
ML08    1840   280   252   302   339   248   336   364   307   279   244
ML08    1850   255   238   339   262   233   207   305   299   243   213
ML08    1860   256   177   195   154   200   134   151   156   138    90
ML08    1870   130   110   139   127    84   111   109    54    45    26
ML08    1880    61    57    60    41    55    42    47    53    56    70
ML08    1890    59    72    75    79    85    70   114   116   138   106
ML08    1900    94   103   126    98   105   140   123   153   160    64
ML08    1910   129   136   142   108   137   130   175   162   166   128
ML08    1920    81   149   117   138   188    83    90    98    59    57
ML08    1930    51    58    44    41    70   111   103   106    73   112
ML08    1940    86   101   107   138   186   134    99    50    76    87
ML08    1950    84    88    75   113    87    88    92   115    86   113
ML08    1960   113    91    90    93   104   103    92    97    76    45
ML08    1970    57    71    62    78    96   105   115   118   133   143
ML08    1980   137   108    99   122    81    86    87    99    71   103
ML08    1990    70    59    60    61    88   125   113   132    82   118
ML08    2000    97    78    78    97    97    88   105   156   111   999
ML10    1845   433   366   296   241   380
ML10    1850   376   369   439   322   417   317   307   265   271   324
ML10    1860   316   321   250   233   207   243   179   169   198   157
ML10    1870   155   143   148   121   117   142    99    57    56    51
ML10    1880    63    62    52    51    58    65    76    99    99    79
ML10    1890   114   108    81    90    68    64    72   104   107   103
ML10    1900   120   102    67    74    92   120   110    88    90    96
ML10    1910    78    86   102    88    64    79    79    62    80   104
ML10    1920    99   114    90    93   108   117    83    89    64    55
ML10    1930    44    71    84    57    90   117   107    91   150   129
ML10    1940    84    77    90   103    96   103   102    73    86   201
ML10    1950   161   157   163   196   234   264   217   197   159   125
ML10    1960   110    87   126   131   124    98    86    98   105   105
ML10    1970    74    93    98    93   115   144   212   143   205   168
ML10    1980   158   175   161   155   154   117   131   134   141   138
ML10    1990   127   149   113   119   100   125   113    89    77    92
ML10    2000    98   110    95    83    72    69    97   125    86   999
ML11    1843   391   365   322   229   301   295   300
ML11    1850   290   329   322   276   206   224   270   286   207   258
ML11    1860   234   217   191   223   219   192   151    72   101    90
ML11    1870   120   111   110   124    97    93    89    56    56    69
ML11    1880    79    74    67    53    45    41    62    58    97   110
ML11    1890   132   129    98   118   124   118   128   155   130   141
ML11    1900   142   161   113   100   130   108    94    69    64    47
ML11    1910    59    53    28    46    46    32    51    49    61    75
ML11    1920    50    68    74    76    81   105    80    79    44    41
ML11    1930    42    63    56    43    54    88    85    82    46    77
ML11    1940    69    93    92   113   103    97   120    69    75    93
ML11    1950   125   133   129   146   172   172   177   148   161   156
ML11    1960   169   104   115   127   162   165   109   113    82    90
ML11    1970    77    54    64    82    99   102    78    97   138   155
ML11    1980   162   183   103    98    99   100   131   195   138   131
ML11    1990   123   152   130   161   135   185   167   204   179   134
ML11    2000    89    78    88    70    48    52    96   143   146   999
ML12    1832   377   349   457   465   404   357   312   182
ML12    1840   177   211   224   315   339   333   277   302   289   351
ML12    1850   428   347   423   342   299   305   230   298   311   362
ML12    1860   314   273   292   280   223   241   226   111   145   125
ML12    1870   125   139   158   144   157   125   122    87   106    73
ML12    1880    84    60    62    33    26    28    31    49    71    89
ML12    1890    87   105    80    88    81    86   106    93    98    96
ML12    1900    52    72    81    76    63    60    45    36    38    28
ML12    1910    37    51    29    22    32    26    29    27    37    47
ML12    1920    36    49    37    44    44    72    60    84    66    80
ML12    1930   110   112   116   135   131   182   185   228   171   169
ML12    1940    97    97    95   104   138   162   102    86    52    99
ML12    1950    99    84    68   122   162   144   107   149   161   171
ML12    1960   213   202   244   179   206   131    66   101    80    70
ML12    1970   111   108   112   114   106   142    91    90   108   106
ML12    1980   131   159   127   135   128   121   160   245   234   294
ML12    1990   305   208   159   127   120   117    86   109    93   139
ML12    2000   134   134   168   148   131   149   143   182   214   999
ML13    1840   197   182   105    90    76   131   111   111    87   110
ML13    1850   121   104   104   141   160   147   154   128   121   126
ML13    1860   165   167   212   237   130   137   136    84   139   126
ML13    1870   130    86    97   104    79    60    41    22    27    16
ML13    1880    35    30    34    18     0     0     7    10    21    21
ML13    1890    29    30    41    33    63    48    45    54    61    69
ML13    1900    73    68    46    38    53    60    39    41    36    25
ML13    1910    24    30    22    24    23    22    50    59    60    50
ML13    1920    29    66    44    40    50    43    45    41    15    22
ML13    1930    31    42    44    54    38    88   102   111   147   173
ML13    1940   118    83    80   123   135   122    96    71    47   109
ML13    1950   102   103   110   154   120   146    92   123   126   137
ML13    1960   116   116   187   168   140   115    86   134    89    52
ML13    1970    33    51    47    60    74    79    83    86   116   123
ML13    1980   182   181   103   129    97    71   115   151   131   168
ML13    1990   199   170   222   274   271   190   115   131   125   196
ML13    2000   162   145   151   135    92   121   187   221   224   999
ML14    1830  3521  2829  3544  3786  3503  2419  3091  2457  1607  1914                
ML14    1840  2034  3107  3674  3729  2974  3809  3236  3310  3118  3421          
ML14    1850  3281  4104  2638  3793  2721  3156  2930  2377  3007  3065          
ML14    1860  3689  3072  3837  4092  3102  2797     0  1789  3494  2289          
ML14    1870  2838  2308  1663  1576  1308  1144   863   562   663   444          
ML14    1880   603   466   523   300   227   200   232   289   300   470          
ML14    1890   326   454   408   650   741  1175  1219  1143  1299  1354          
ML14    1900  1486  1967  1214  1280   879   529   437   425   483   233          
ML14    1910   267   259   128   182    99    97   112   184   221   172          
ML14    1920    90    48   171   235   391   159   132   147   120   130          
ML14    1930   170   238   128    90   164   194    91   124   185   104          
ML14    1940    39   146   104    86    69     0   329   180   173   321          
ML14    1950   512   617   658  1636  1589  1983  1454  1703  2022  1571          
ML14    1960   890   670   537   628   660   649   609   669   496   408          
ML14    1970   130   170   200   423   225   217   351   553   956  1132          
ML14    1980   745   739   659   695   638   751   627  1105  1306  2724          
ML14    1990  3307  2831  2672  2265  1512  1398  1647  1786  1514 -9999          
ML15    1833  5818  6423  5060  5990  5482  5056  5571
ML15    1840  6061  6024  6280  5902  5047  4242  4200  4432  4266  3885
ML15    1850  3321  3363  3655  3574  2423  1902  2361  3170  3160  2720
ML15    1860  2480  2200  2381  2353  2435  2273  2110  1573  1450  1250
ML15    1870  2030  1840  1561  1261  1942  2835  2040  1511  1310  1150
ML15    1880  1552  1110  1302   851   881  1011  1341  1151  1490  1173
ML15    1890  1270  1160   780  1080   921   630   591   680   603   950
ML15    1900   960  1000   601   580   850   980   740   551   540   420
ML15    1910   761   621  1001   971   660   542   620   591   854   713
ML15    1920   776   522   495   651   471   370   453   294   212   328
ML15    1930   253   355   758   625   582   638   671   573   714  1013
ML15    1940   559   669   585   932   943  1132   757   820   938  1689
ML15    1950  1286  1148  1439  1447  1477  1464  1605  1871  1931  1550
ML15    1960  1041   740  1171  1220  1440  1190   970  1390  1221  1001
ML15    1970   731   590   641   590   583   551   461   576   651   711
ML15    1980   462   395   362   493   373   483   564   915   940  1130
ML15    1990   761   710   720   800   581   530   390   490   561   540
ML15    2000   600   620   591   430   400   400   520   532   542 -9999
ML16    1833  4212  4187  3669  3870  3603  3153  2461
ML16    1840  2552  3042  2657  3443  3529  2981  2034  2271  2969  2599
ML16    1850  2799  2673  3467  2901  2745  2255  3300  3362  2849  3869
ML16    1860  3115  3028  2004  2542  2140  2190  1980   854  1493  1121
ML16    1870  1344  1046  1399   998   907   928   584   361   382   301
ML16    1880   473   369   444   211     0   132   214   224   342   502
ML16    1890   398   277   182   304   363   410   277   247   326   212
ML16    1900   308   403   252   311   372   395   354   422   475   320
ML16    1910   465   556   253   372   335   328   567   554   877   901
ML16    1920   582   716   868   897  1082  1037   765   602   526   412
ML16    1930   212   452   644   573   491   682   620   660   830   761
ML16    1940   462   660   560   713   701   660   490   350   340   594
ML16    1950   600   621   500   710  1020   906   731   670   560   620
ML16    1960   642   470   832   790   871   591   441   480   320   270
ML16    1970   400   370   410   570   460   720   750   730   741   660
ML16    1980   651  1010   960  1080   911   950  1052  1300  1504  1442
ML16    1990  1301  1664  1701  1350  1040  1430  1260  1371   530   801
ML16    2000   851   920  1161  1031  1060  1320  1160  1332  1320 -9999
ML17    1828  1681  2874                                                          
ML17    1830  3434  5675  6946  5798  5549  4142  4239  4832  3452  2333          
ML17    1840  2850  2913  3290  5565  3330  3184  2471  2699  2484  2858          
ML17    1850  2314  2130  2553  2299  1811   966  1366  1210  1060  1123          
ML17    1860  1247  1240  1417  2010  1717  1508  1357  1116  1411  1160          
ML17    1870  1156  1112  1560  1564  1401  1454  1122   687   910   653          
ML17    1880  1161   841  1195   821  1025  1121  1339  1276  1812  1739          
ML17    1890  1670  1796  1262  1096   976   819  1054  1212  1144  1095          
ML17    1900  1163  1447   938  1240  1160  1078   694   577   617   457          
ML17    1910   582   618   588   892   520   469   523   408   574   837          
ML17    1920   395   589   669   800   852   789   542   547   722   964          
ML17    1930   892  1025   976   743   642   987   575   562   442   416          
ML17    1940   258   367   303   252   308   249   169   248   495  1294          
ML17    1950  1361  1930  2488  1898  1800  1404  1265  1726  1287   872          
ML17    1960   492   617   609   623   615   472   336   391   282   278          
ML17    1970   234   351   387   349   374   713   917   840  1125   605          
ML17    1980  1053  1348  1106  1224  1113  1033  1392  1785  1323  1309          
ML17    1990  1337  1622  1257  1186   955   858   522   775   720  1000          
ML17    2000   873   617   616   501   380   439   463   523 -9999                
ML18    1831  5343  4971  5380  5924  5485  5407  4809  4828  4738
ML18    1840  4904  4542  4944  5136  3846  3618  3935  3421  3391  4461
ML18    1850  4632  3856  4042  4655  4386  3249  2562  2218  1756  1938
ML18    1860  1984  2353  1686  1242  1868  1744  1246  1002   963   932
ML18    1870  1302  1411  1634  1917  1989  2238  1254   613   660   470
ML18    1880  1098   624   592   328   377   532   633   469   919   830
ML18    1890  1221  1078   805   975   841   899   887   973   833  1102
ML18    1900  1237  1006   653   924   550   472   383   381   250   282
ML18    1910   653   633   805   791   644   490   682   561   750   692
ML18    1920   710   531   600   541   431   320   290   380   310   421
ML18    1930   402   480   320   560   550   611   471   440  1031   742
ML18    1940   400   410   426  1264   825  1154   658   412   587   881
ML18    1950   640   549   567  1028   933   823   855   853   786   745
ML18    1960   562   635   973   962   872  1147   913  1360  1460   480
ML18    1970   450   550   700   730   700  1232  1130   911   730   590
ML18    1980   610   542   562   701   351   450   610  1070   810   730
ML18    1990   810   953   950   960   470   361   410   710   741   650
ML18    2000   880   810   891   454   370   512   440   782   650 -9999
ML19    1842  1838  2044  2411  3460  3639  3261  2477  2379
ML19    1850  2373  3573  2869  4195  1850  2967  3166  2894  3238  2775
ML19    1860  3931  3934  3277  2260  2356  2761  2300  2786  2186  1427
ML19    1870  2226  3068  2991  2233  2244  2259  2214  1794  1938  1904
ML19    1880  2208  1814  1555   958  1024  1081  1175  1518  1660  1847
ML19    1890  1863  1851  1452  1955  1452   724  1102  1700  1404  1871
ML19    1900  1463  1549  1400  1111  1065   962   816   896  1000   918
ML19    1910  1605  1990  1562  1717  1509  1350  1576  1453  1506  1279
ML19    1920   979  1150  1226  1177  1051   995   767   745   852   995
ML19    1930  1014  1034   819   733   987  1332  1269  1445  1478  1314
ML19    1940   894  1134  1324  1322  1385  1563  1385   886  1206  1369
ML19    1950  1292  1087  1220  1435  1393  1259  1194  1563  1621  1434
ML19    1960  1230  1047  1107  1161  1721  1482  1321  1611  1363  1010
ML19    1970  1101  1451  1760  1701  1730  2004  1775  1783  2312  2074
ML19    1980  1464  1552  1632  1411  1146  1263  1323  1872  1921  1613
ML19    1990  1904  2002  1660  1521  1982  2030  1644  2012  1790  2410
ML19    2000  2080  2080  2025  1940  1742  1405  1496  1755  1563 -9999
ML20    1858  3112  3199
ML20    1860  3930  4716  3031  4171  3335  3055  3265  2563  3171  2384
ML20    1870  3132  2229  3006  2764  2550  2587  1888  1770  2424  2021
ML20    1880  2608  1670  2313  1450  1148   952  1193  1462  2083  2354
ML20    1890  2163  2466  1853  2305  2519  1991  3288  3956  3442  3944
ML20    1900  2193  1810  1067  1506  2428  2585  2283  2047  2207  1766
ML20    1910  2186  1965  2580  3240  3720  3620  3593  3340  3580  2990
ML20    1920  2450  2950  2652  2720  2000  2720  2380  1491  1320  1790
ML20    1930  1631  1671  2493  2455  2402  2421  2579  2731  3295  2095
ML20    1940  1271  1142  1383  1596  2601  2397  1325  1441   918  2666
ML20    1950  2326  2056  2255  2586  2082  2771  1551  2280  2420  2071
ML20    1960  1720  2050  2220  2455  2810  1742  1400  1720  1141  1135
ML20    1970   816  1081  1211  1160  1492  1810  2230  1770  1731  1752
ML20    1980  1500  2260  1750  2080  1220  1340  1660  1870  1800  1540
ML20    1990  1010  1200  1251  1340  1253  1260  1081  1602  1250  2002
ML20    2000  2090  2065  2283  2559  1943  2122  2029  3428  2587 -9999
ML21    1857  2463  2361  1486
ML21    1860  1341  2025  2576  2881  2223  1896  1685  1315  2160  1296
ML21    1870  1546  1502  1396  1400  1385  1344   965   856  1108   820
ML21    1880  1011   675   858   634   542   595   471   461   540   590
ML21    1890   351   617   691   703   642   710   762   681   921   871
ML21    1900   671   676   452   654   681   671   833   720   753   511
ML21    1910   681   761   512   552   650   543  1003  1171  1643  1880
ML21    1920  1581  1614  1457  1836  1974  2032  1616  1478  1191  1320
ML21    1930  1240  1280  1632  1810  1390  1610  1490  1380  1701  1820
ML21    1940  1621  1690  1616  1825  2008  2117  1912  1846  1624  1686
ML21    1950  1230  1085  1175   937   755   808   761   781   692   792
ML21    1960   712   569   653   732  1136  1075   765   675   618   668
ML21    1970   526   632   543   404   484   658   463   342   801   618
ML21    1980   644   664   404   424   426   303   685  1021   931   563
ML21    1990   563   532   551   786  1048  1213   872  1308  1096  1350
ML21    2000  1310  1090  1156  1181  1058   946  1169   934   927 -9999
ML24    1916  1061  1037  1253   953
ML24    1920   624   753   744   859   845   958   835   818   770   653
ML24    1930   552   668   774   879  1132  1462  1455  1474  1854  1755
ML24    1940   884   987  1609  1848  1386  1235   884   607   721  1174
ML24    1950   963   782  1384  1779  1815  1906  1521  1858  1690  1435
ML24    1960  1383  1607  2018  1352  1827   960   452   447   479   264
ML24    1970   220   418   581   449   546   872  1351  1065  1346  1749
ML24    1980  1834  1583   931  1293  1297   864  1089  1363  1326  1183
ML24    1990   808  1242  1161  1354  1455  1676  1057  1401  1266  1961
ML24    2000  1900   864   772   718   500   718   937  1439  1582 -9999
ML25    1855  3041  3236  3616  3287  4021
ML25    1860  3848  3815  3408  4020  3328  2729  2228  1364  1756  1599
ML25    1870  1668  1417  1618  1655  1157  1074   735   529   479   359
ML25    1880   579   275   487   204   103   158   188   294   411   416
ML25    1890   418   332   228   209   335   253   275   251   206   298
ML25    1900   326   452   372   361   554   653   908  1034   652   458
ML25    1910   534   659   208   283   316   328   524   336   420   470
ML25    1920   252   417   475   654   608   501   192   197   228   175
ML25    1930   162   162   228   210   150   304   161   117   130    78
ML25    1940   170   220   189   130   158   225    78   172   153   282
ML25    1950   328   458   882  1193  1200  1793  1023   804   772   573
ML25    1960   607   669   971  1244  1437  1171  1042  1172   783   507
ML25    1970   516   614   721   664   604   570   784   601   650   544
ML25    1980   643   494   437   440   340   231   430   453   425   474
ML25    1990   653  1208  1952  2917  2196  2030  1165   914  1226  1503
ML25    2000  1450  1448  1325   697   452   430   520   685   738 -9999
ML26    1841  2264  2480  2452  2819  2961  3358  1693  3969  3139
ML26    1850  3420  3238  3944  3028  2138  2273  2142  1964  1905  2701
ML26    1860  2436  2747  3139  3321  2421  2385  2030  1785  1998   963
ML26    1870   969   921  1529  1906  1816  1815  1263   742  1100  1261
ML26    1880  1480  1061  1570   600   810   520   520   610   810   741
ML26    1890   820   650   450   541   480   430   420   600   761   912
ML26    1900   822   930   702   560   601   671   670   690   430   270
ML26    1910   340   291   120   120   260   130   170   420   542   304
ML26    1920   281   372   473   610  1258   535   402   608   347   398
ML26    1930   266   342   459   277   447   696   381   386   651   436
ML26    1940   301   530   459   485   714   773   354   173   361   518
ML26    1950   492   479   630   728   604   839   928   679   878   852
ML26    1960   651   341   574   673   959  1070  1100  1211  1160   611
ML26    1970   470   463   561   740  1040  1581  1757  1297  1265  1030
ML26    1980  1291  1632  1161   971  1162   960  1270  1533  1366  1646
ML26    1990  1373  1756  1894  2084  2102  2081  1790  1992  1980  2210
ML26    2000  2140  1960  2070  1670  1451  1593  1811  1741 -9999
ML27    1847  4502  4622  4689
ML27    1850  4225  3963  4526  2610  2241  1750  2114  2707  2523  1599
ML27    1860  1086  1304  1566  2518  2379  2201  2286  1484  1659  1379
ML27    1870  1720  1321  1732  1737  1579  1279  1207   335   403   255
ML27    1880   680   827  1118   640   389   348   500   405   693   678
ML27    1890   807   996   573   618   620   570   361   394   446   403
ML27    1900   358   444   358   465   461   411   443   515   528   340
ML27    1910   443   466   242   275   197   288   368   379   479   837
ML27    1920   416   368   613   893  1237  1306   942  1092   845   475
ML27    1930   224   416   342   328   322   502   498   500   867   864
ML27    1940   537   676   859  1150  1576  1909  1234   979   801  1222
ML27    1950  1049   924   819  1091   870  1309  1264  1436   723   885
ML27    1960   763   516   481   745   891   857   896  1090  1036   926
ML27    1970   740   717   672   804   577  1045  1384  1133  1392  1540
ML27    1980  2774  2418  1533  1352   970   875   963  1361  1499  2300
ML27    1990  1950  2061  1700  1980  1490  2160  1560  1720  1580  1491
ML27    2000  1880  1451  1521  1121   742   664   624   970  1232 -9999
ML28    1841  3442  4109  5350  4168  4380  3983  4252  3501  2864
ML28    1850  3080  2848  3286  3397  2814  1784  2146  2143  2229  2288
ML28    1860  2684  3341  3281  2701  1980  1750  1940  1800  1930  1364
ML28    1870  1370  1360  1670  1891  1590  1825  1416   669   898   434
ML28    1880  1200   998  1297   985   948   908  1284  1743  2151  1847
ML28    1890  2086  2097  1744  2174  2281  2108  2928  3027  2827  2789
ML28    1900  3028  2305  1903  1877  2050  2130  1763  1861  1821  1600
ML28    1910  2210  2332  1823  1581  1522  1541  2130  2046  2270  1801
ML28    1920  1060  1502  1374  1823  2151  2371  1520  1370  1301  1470
ML28    1930  1330  1420  1430  1240  1330  1750  1540  1721  2121  2180
ML28    1940  1361  1480  2050  3220  2720  2142  1610  1280  1250  1660
ML28    1950  1593  1370  1570  1592  1851  1920  1810  1770  1552  1440
ML28    1960  1940  1290  1470  1670  2072  1580  1150  1161  1060   920
ML28    1970  1100  1500  1200  1011  1070  1100  1170   930  1350  1421
ML28    1980  1340  1110   912   980   900   760  1011   860   771   571
ML28    1990   250   580   620   610   610   842   851  1222  1136  1746
ML28    2000  1381  1330  1664  1691  1350  1451  1731  2011  1803 -9999
ML29    1842  5476  6708  4171  4254  4382  4881  4972  5806
ML29    1850  4857  4830  4986  3695  3482  3065  2907  3095  3632  3846
ML29    1860  3310  2956  2800  2925  2460  2675  2542  1911  2385  2312
ML29    1870  2111  2603  2488  2671  2772  2530  2269  2084  2111  1428
ML29    1880  2371  1566  1837  1115  1092  1539  1458  1528  1805  1482
ML29    1890  1876  1870  1658  1792  1516  1493  1531  1807  1482  1581
ML29    1900  1452  1257   897   988  1008  1148  1252  1031  1151   965
ML29    1910  1346  1289  1266  1066  1189   839   915   998  1279  1196
ML29    1920   873  1281  1138  1405  1701  1876  1648  1663  1477  2221
ML29    1930  1882  1923  1686  1715  1660  1746  1606  1455  1199  1180
ML29    1940   920  1094   990  1183  1063  1572  1199   864   842  1076
ML29    1950  1356  1294  1235  1414  1328  1316  1180  1218  1423  1291
ML29    1960   985  1017  1383  1604  1562  1500  1301  1444  1142   662
ML29    1970   998  1176  1569  1444  1453  1647  1412  1477  1211  1110
ML29    1980   766   812   789   910   732   818  1003  1392  1250  1085
ML29    1990  1213  1878  1416  1126  1263  1207  1236  1494  1065  1144
ML29    2000  1511  1230  1869  1636  1360  1065  1034  1442  1636 -9999
