MEG04A  1835  2848  2061  2447  2344  2293
MEG04A  1840  2095  1722  2068  2660  2147  2870  2857  2431  3127  3314
MEG04A  1850  2778  2618  1894  1662  2138  2095  2371  2878  2805  2562
MEG04A  1860  2413  2246  2582  2995  3419  2942  2371  2080  1822  1599
MEG04A  1870  1303  1439  1621  1737  2165  2046  1833  1546  1637  1448
MEG04A  1880  1744  1062  1289  2006  2538  3084  3377  3095  3021  2386
MEG04A  1890  1846  1401  1111  1019   922   700   740  1027  1155  1209
MEG04A  1900  1710  1838  2035  2546  3022  2443  1895  1800  1469  1389
MEG04A  1910  1339  1178  1058  1145   921   950  1085   968  1140   889
MEG04A  1920  1544  1785  1580  1627  1951  1888  1771  1303  1131  1272
MEG04A  1930  1428  1125  1464   945  1362  1435  1415  1580  1941  1897
MEG04A  1940  1483  1631  1878  2260  2130  1585  1694  1291  1910  2465
MEG04A  1950  2315  2020  2385  2015  1891  2161  1887  2192  2390  2454
MEG04A  1960  1961  1789  1634  1360  1445  1508  1366  1796  1443  1347
MEG04A  1970  1390  2215  2129  2015  1694  1726  1743  1300  1208  1291
MEG04A  1980  1733  1849  1587  1215  1125   887  1068  1531  1687  1884
MEG04A  1990  1787  1707  1594  1815  1949  1959  1760  1778  1597  1864
MEG04A  2000  1659  1276  1055  1203   998  1050   816   748   783   711
MEG04A  2010   730   629 -9999
MEG04B  1866  2904  1895  1600  1901
MEG04B  1870  2026  2031  2431  2967  3103  4049  3354  2912  3263  2269
MEG04B  1880  2208  1107  1174  1700  1714  1944  2816  2555  2321  2239
MEG04B  1890  2123  2459  2510  2630  2082  2134  2264  2439  1948  1476
MEG04B  1900  1612  1681  1487  1855  1530  1251  1175  1084  1113  1070
MEG04B  1910  1005  1217  1110  1271   824   737   915   917  1004   954
MEG04B  1920  1366  1838  1502  1685  1467  1394  1059   835   737   686
MEG04B  1930   840   980  1169   753   826  1051   996   671   832   776
MEG04B  1940   689  1034  1161  1282  1354  1092   961   673   850  1134
MEG04B  1950  1133   922   941   783   724   701   658   582   666   695
MEG04B  1960   706   459   702   286   436   382   579   590   536   450
MEG04B  1970   458   808   634   632   490   564   563   506   575   407
MEG04B  1980   487   692   863   709   822   737   862   866   919   511
MEG04B  1990   288   266   468   320   426   493   375   326   291   386
MEG04B  2000   310   485   385   420   249   108   170   107   277   105
MEG04B  2010    53    86 -9999
MEG07A  1832  2289  2388  2698  2756  2244  2424  2269  2386
MEG07A  1840  2160  2185  1661  1792  1431  1649  1995  2618  3108  2642
MEG07A  1850  3886  3932  2848  2762  2448  2125  2213  1849  2133  1512
MEG07A  1860  1636  1741  2236  2265  2108  2627  2043  1906  1894  1546
MEG07A  1870  1751  2071  2064  2525  3255  4527  2977  2661  2928  2220
MEG07A  1880  2783  2192  1467  1538  1336  1138  1105  1215  1430  1167
MEG07A  1890  1600  1599  1650  1711  2106  1543  1624  1195  1162  1030
MEG07A  1900  1316  1747  1601  1551  1582  1460  1220  1349  1354  1357
MEG07A  1910  1153  1300  1069  1142   982   958  1122  1029   785   978
MEG07A  1920  1056  1335  1288  1766  1629  1576  1724  1800  1411  1505
MEG07A  1930  1177  1465  1547  1247  1218  1153  1046  1153  1253  1290
MEG07A  1940  1356  1411  1855  2114  1530  1811  1568  1793  1618  1711
MEG07A  1950  1377  1222  1389  1305  1401  1502  1353  1078  1130  1276
MEG07A  1960  1383  1300  1315  1488  1626  1602  1432  1295  1171  1043
MEG07A  1970  1027  1062  1000   893   759   938   944   660  1144  1474
MEG07A  1980  1592  1963  1775  1495   984  1197  1400  1687  1362  1446
MEG07A  1990  1167  1101   973   921   922   847   910   846  1081  1249
MEG07A  2000   889   869  1079   774   920   794   847   730   646   698
MEG07A  2010   741   667 -9999
MEG07B  1800  2014  2365  2270  2429  2051  1567  2344  2315  1568  1281
MEG07B  1810  1361  1547  1647  1776  1794  1618  1441  1419   930   771
MEG07B  1820   862   494   563   773  1345  1685  1814  2226  2106  1861
MEG07B  1830  2449  3101  2905  2606  2392  2055  1595  1694  1884  2329
MEG07B  1840  2167  1970  1647  1269  1056  1549  1431  1969  3010  3049
MEG07B  1850  2643  2611  2413  1503  1660  1583  1214  1172  1237   916
MEG07B  1860  1017  1047  1083  1505  1781  1799  1523  1241  1275  1318
MEG07B  1870  1446  1703  2026  2285  2699  2790  2699  2370  2249  1711
MEG07B  1880  1895  1224  1275  1062   908   955  1053   729  1095  1038
MEG07B  1890  1178  1091  1070  1424   779   853   628   522   619   647
MEG07B  1900   752   952   709   733   833   713   705   705   738   866
MEG07B  1910   759   738   726   641   823   917  1025   876  1025  1297
MEG07B  1920  1312  1779  1710  2233  1729  1873  1361  1373  1188  1355
MEG07B  1930  1558  1706  1603  1240  1196  1154  1217  1397  1111  1069
MEG07B  1940   826   730   783  1005  1070  1291  1090   900  1153  1270
MEG07B  1950   996   900  1143  1037  1175  1240  1151  1248   973  1079
MEG07B  1960  1035   884   785   734   790  1057   970   889   804  1084
MEG07B  1970   900   924  1159   866   763   868   920   698   706   709
MEG07B  1980   600   806   623   790   814   823   767   961   844   679
MEG07B  1990   693   682   559   583   592   505   496   509   513   614
MEG07B  2000   495   462   614   472   583   466   477   584   379   444
MEG07B  2010   467   487 -9999
MEG09A  1836  2909  3844  2987  2133
MEG09A  1840  2464  2323  2520  3685  3028  4000  4190  3814  4950  5041
MEG09A  1850  4507  4096  3761  2057  1792  1775   323   851  1084  1443
MEG09A  1860  1800  1543  1887  2060  2008  1974  1959  1183  1502  1114
MEG09A  1870  1349  1435  1860  2107  3086  3473  3154  2301  2393  1937
MEG09A  1880  2266  1619  1683  1181  1128  1094  1041  1008  1286  1720
MEG09A  1890  2140  1762  1735  1686  1411  1022  1042  1232  1417  1325
MEG09A  1900  1352  1385  1066  1522  1684  1698  1599  1718  1345  1440
MEG09A  1910  1518  1661  1547  2146  1968  1744  1738  1351  1415  1038
MEG09A  1920   963  1485  1724  1452  1261  1874  2134  2030  1909  1658
MEG09A  1930  1886  1805  1632  1473  1883  2077  1863  2235  2341  1993
MEG09A  1940  1471  1655  2063  2412  2681  2530  2231  2226  2168  2898
MEG09A  1950  1930  2281  2385  1893  1557  1737  1515  1456  1898  2702
MEG09A  1960  2303  1750  2220  1696  2279  2851  2730  3080  2172  1867
MEG09A  1970  2170  1895  1818  2168  2077  2452  2117  1465  1416  1485
MEG09A  1980  1443  1404  1194  1127  1161   931   935  1003   859   891
MEG09A  1990   746   734   757   586   841   807   916   809   733   871
MEG09A  2000  1012  1176  1308  1230  1365  1323  1513  1240  1342  1466
MEG09A  2010  1397  1162 -9999
MEG09B  1789  2224
MEG09B  1790  2087  2272  2665  2485  2272  1694  2305  1513  1544  1583
MEG09B  1800  1914   416   378   549  1231  1352  1280  1284   888   827
MEG09B  1810   992  1001  1145  1058   838  1454  1478  1792  1758  2168
MEG09B  1820  2286  1243  1512  1291  1376  1387  1312  1366  1728  1545
MEG09B  1830  2244  2125  1717  1517  2152  2192  1713  2198  1799  1109
MEG09B  1840  1215  1550  2082  2798  2031  2801  2991  2867  3127  3171
MEG09B  1850  2408  2131  2085  1496  1935  2064  1834  1729  2228  2306
MEG09B  1860  2130  1532  1752  2069  1831  1893  1793  1577  1532  1330
MEG09B  1870  1802  1596  1688  2096  2133  2412  2236  1813  1940  1443
MEG09B  1880  1952  1424  1371  1042   899   945  1119  1268  1358  1505
MEG09B  1890  1505  1505  1320  1671  1427  1190  1085  1340  1357  1650
MEG09B  1900  1748  2196  1951  2140  2130  2019  1708  1634  1357  1496
MEG09B  1910  1609  1862  1524  1615  1504  1620  2311  2147  1820  2124
MEG09B  1920  1884  2455  2392  1926  1873  2032  2085  1831  1429  1345
MEG09B  1930  1259  1568  1855  1240  1422  1710  1601  1769  1661  1726
MEG09B  1940  1716  1960  2561  2572  2402  2223  1852  1429  1608  1970
MEG09B  1950  1587  1482  1524  1154   973   963  1016   794   868  1059
MEG09B  1960  1008   867  1165   943   784  1018  1053  1462   956   882
MEG09B  1970  1228  1121  1188  1072   836   952   986   666   667   582
MEG09B  1980   540   656   804   700   604   688   624  1048   859   733
MEG09B  1990   690   763   902   553   903   707   525   577   420   793
MEG09B  2000   905   830   936   531   822   632   830   702   679   515
MEG09B  2010   730   573 -9999
MEG10A  1888  4559  5036
MEG10A  1890  5097  4956  5342  3504  2023  1959  1630  1483  1358  1102
MEG10A  1900  1146  1039   734   830  1064  1051   713  1281  1435  1248
MEG10A  1910   987   587   616   478   432   809   753   733   780   703
MEG10A  1920   530   329   276   256   299   440   494   314   254   590
MEG10A  1930   597   680   700   830   783  1118  1188   917  1005  1014
MEG10A  1940  1286  1628  1589  1751  1587  1576  1724  1744  2053  2848
MEG10A  1950  2026  2451  2351  2201  2939  3150  2588  2908  3564  3979
MEG10A  1960  3763  3354  3239  3365  3737  3630  3325  3743  3536  2859
MEG10A  1970  3245  3238  2857  2532  1923  2173  2313  1178  1409  1566
MEG10A  1980  1613  1771   992   839   992   914  1097  1723  1370  1360
MEG10A  1990   775   759   721   774   997   953  1017  1400  1270  1242
MEG10A  2000  1059  1006  1220  1144   531   603   751  1006   799   786
MEG10A  2010   877   837 -9999
MEG10B  1895  4656  4169  3285  2868  2299
MEG10B  1900  2380  2948  2178  2251  2662  3244  3949  3909  3997  4536
MEG10B  1910  5195  5893  5412  5950  5157  5969  4682  4043  4108  4139
MEG10B  1920  3387  4382  3491  2815  2917  3855  3620  3148  2585  2643
MEG10B  1930  3584  3381  3482  3270  2741  2827  2616  2564  2389  2968
MEG10B  1940  2058  2622  3934  4030  4635  3810  3013  1640  1564  2775
MEG10B  1950  2073  1093  1070  1391  1345  1405  1283  1038  1548  1754
MEG10B  1960  1555  1424  1327  1002  1707  1447  1183  1866  2242  2634
MEG10B  1970  2156  2439  2785  2689  3143  3392  3123  2095  2199  1945
MEG10B  1980  2309  2629  1869  1240  1482  1702  1886  2309  2005  1709
MEG10B  1990  1491  1467  1274  1164  1572  1648  1313  1524  1625  2228
MEG10B  2000  2027  1960  1625  1425   809   588   798   688   800   749
MEG10B  2010   640   673 -9999
MEG11A  1883  1176  1106  1247  1459  1749  2173  1676
MEG11A  1890  2062  2091  2245  2649  2826  1994  1651  2050  1949  1918
MEG11A  1900  1737  2253  2119  2469  2395   851  1314  1398  2490  2849
MEG11A  1910  3313  3538  2677  3014  1847  2208  2156  2305  2873  3457
MEG11A  1920  3147  3352  2633  2916  3207  3690  3206  3856  3236  3700
MEG11A  1930  3493  3282  3335  3387  3251  3729  2684  2971  2609  2295
MEG11A  1940  1995  2489  2302  3051  2314  1519  1129  1178  1312   982
MEG11A  1950  1499  1251  1287  1184  1108   965  1213  1236  1744  1562
MEG11A  1960  1539  1159   924  1122  1472  1077   849   940   996  1175
MEG11A  1970  1043  1085   873   703   776  1564  1223   710  1114  1392
MEG11A  1980  1040  1351  1502  1107  1416  1247  1329  1597  1337  1105
MEG11A  1990  1303  1176  1122  1038  1145  1180   873   903   989  1264
MEG11A  2000  1062  1071  1093  1016   880   986   989  1193  1231  1271
MEG11A  2010  1261  1258 -9999
MEG11B  1873  2652  2173  2127  2005  1910  2377  2168
MEG11B  1880  2753  2076  2376  1884  1859  1631  1851  1997  2088  2073
MEG11B  1890  2586  2369  1847  2893  2629  1845  1820  1772  1748  1852
MEG11B  1900  1958  2350  1640  1947  2509  1291  1293  1679  1842  1729
MEG11B  1910  2424  2240  1941  2450  2616  2760  3047  2287  2519  2699
MEG11B  1920  2445  2656  2540  2562  2391  2474  2269  2296  1802  1885
MEG11B  1930  2169  2159  2244  2085  1894  1969  1630  1883  2191  1852
MEG11B  1940  1429  1759  2192  2565  2365  1525  1091   985   923  1071
MEG11B  1950  1185   784   963   730   751   678   867   889  1133  1037
MEG11B  1960  1249   582   901   624   773   614   571   625   497   435
MEG11B  1970   470   498   445   381   466   402   754   256   436   423
MEG11B  1980   681   765   383   319   318   278   381   615   437   382
MEG11B  1990   488   486   509   466   455   541   437   543   660   847
MEG11B  2000   806   545   748   567   405   403   435   730   604   455
MEG11B  2010   359   330 -9999
MEG14A  1917  5065  4905  5291
MEG14A  1920  5325  4808  3379  3053  2627  3820  4762  6129  4590  4342
MEG14A  1930  2581  2406  2071  2506  2765  3120  2684  2011  2873  2450
MEG14A  1940  3325  3863  3935  3297  2904  3548  3383  2826  2092  2269
MEG14A  1950  1654  1674  2884  2644  2026  2915  1834  1473  2000  2927
MEG14A  1960  2274  2148  2799  2940  2650  1828  1410  1344   975  1042
MEG14A  1970  1065  1223   906  1120   897  1150  1455  1455  1978  1781
MEG14A  1980  2457  2796  2578  1942  1657  1459  1897  2780  2177  2360
MEG14A  1990  2118  1476  1518  1357  1595  1704  1484  1593  1367  1519
MEG14A  2000  1379  1472  1845  2089  1485  1640  1663  1468  1422  1399
MEG14A  2010  1206   959 -9999
MEG14B  1884   458   603   696   625   511   809
MEG14B  1890  1781  2020  2694  2232  1736  1695  1748  1685  1495  1281
MEG14B  1900  1313  1526  1370  1610  2042  1748  2048  1990  1862  2265
MEG14B  1910  2011  1989  2416  2713  2815  3334  3217  3314  3473  3338
MEG14B  1920  2970  2973  2993  2842  2944  5301  5211  4148  4148  4556
MEG14B  1930  2499  2452  2895  4004  2375  2407  1985  1725  3826  3582
MEG14B  1940  2263  2441  2655  4035  4053  6249  4105  2123  1519  1612
MEG14B  1950  1348  1209  1311  1869  1586  2097  1814  1658  1685  1954
MEG14B  1960  1623  1540  3186  2722  2201  1856  1358  1117   961   828
MEG14B  1970   673   786   942  1198  1113  1372  1567  1024  1034  1391
MEG14B  1980  2573  2861  3241  2152  1014   730   715   928   748  1028
MEG14B  1990  1762  1849  1254  1165   910   819   426   431   567   579
MEG14B  2000   599   638   599   488   438   584   870   977   825   658
MEG14B  2010   781   396 -9999
MEG17A  1849  3016
MEG17A  1850  3141  3196  3298  2265  2537  2033  2119  2106  2832  1680
MEG17A  1860  2703  2081  2742  2421  2556  2649  2553  2458  1672  2136
MEG17A  1870  2855  3291  4213  4242  3109  3309  2520  1822  1713  1288
MEG17A  1880  1409  1339  1550  1091  1155  1051  1065   789   924   769
MEG17A  1890  1017   924   719  1025  1101  1141  1449  1423  1242  1165
MEG17A  1900  1453  1580  1406  1566  1778  1031   937  1096  1076  1347
MEG17A  1910  1250  1479  1312  1392   930  1379  1986  1753  1692  1586
MEG17A  1920  1683  2273  2446  1892  1811  1811  2110  2043  1675  1482
MEG17A  1930  1485  1409  1429  1154  1164  1429  1333  1568  1979  1845
MEG17A  1940  1462  1495  1686  2040  2139  1927  1687  1578  1235  2039
MEG17A  1950  1772  1352  1493  1515  1746  1077  1154  1440  1716  1766
MEG17A  1960  1606  1009  1073  1198  1291  1154  1154  1132   847  1132
MEG17A  1970  1111  1239  1333  1429  1123  1640  1852   942  1281  1090
MEG17A  1980  1588  1515  1188  1583  1345   995  1291  1662   952  1270
MEG17A  1990   943  1164  1081   953   827   984   857   721  1058  1048
MEG17A  2000   995   837   890   878   900   857  1154  1005   953  1026
MEG17A  2010   762   668 -9999
MEG17B  1860  3777  2330  2840  2304  2500  2870  3576  3982  3145  3350
MEG17B  1870  4033  4794  4730  5049  4827  5474  4287  3536  3084  2236
MEG17B  1880  2959  2463  2946  2622  2793  1402  1458  1295  1804  1755
MEG17B  1890  2269  2111  1834  2364  1742  2450  2874  2898  2580  2795
MEG17B  1900  2933  3387  2743  2898  3342  2526  2634  2304  2183  2949
MEG17B  1910  2551  2929  3015  2557  2527  2504  2536  2100  2334  2785
MEG17B  1920  2965  3147  3365  2847  2806  2680  2615  2703  2005  2025
MEG17B  1930  2164  2235  2256  2173  2045  2260  2221  2189  2409  2129
MEG17B  1940  1606  1533  1759  2286  2173  1950  1484  2099  1530  1939
MEG17B  1950  1607  1505  1671  1386  1526  1274  1239  1538  1745  1716
MEG17B  1960  1424  1291  1194  1435  1408  1425  1327  1263  1268  1155
MEG17B  1970  1343  1128  1319  1199   991  1329  1306   462   696   674
MEG17B  1980   727   966   800   778   995   818   786   804   987  1112
MEG17B  1990   848   986   735  1017   853  1053   926   959  1295  1235
MEG17B  2000  1139  1140   864  1223  1170  1062  1283  1025  1181   924
MEG17B  2010   903   716 -9999
MEG20A  1894  1998  2163  1610  1829  1297   951
MEG20A  1900  1547  1902  1601  1894  1994  1580  1439  1080   870  1010
MEG20A  1910  1228  1290  1010  1325   916  1014  2231  2971  3403  3588
MEG20A  1920  4356  3683  3946  3510  2920  2088  1487  1318   720   910
MEG20A  1930  1336  1408  1672  1568  1316  1793  2189  1822  2166  2177
MEG20A  1940  2289  2728  2593  2775  2829  2158  1625  1343  1317  1914
MEG20A  1950  1832  1503  1720  1958  2257  2749  1972  1181  1230  1344
MEG20A  1960  1425   858   719   857  1314  1487  1685  1884  1528  1493
MEG20A  1970  1516  1889  1624  1300  1520  2044  1392   847  1061  1088
MEG20A  1980  1146  1587  1297   991  1248   771   877  1258   937  1195
MEG20A  1990   919   963   965   891  1228  1563  1947  1874  1669  1600
MEG20A  2000  1319  1157  1484  1330  1510  1500  1403  1689  2052  1591
MEG20A  2010  1377  1322 -9999
MEG20B  1888  1227  1183
MEG20B  1890  1268  1691  1763  2056  1442  1362  1341  1415  1569  1988
MEG20B  1900  1890  2247  1538  1388  1797  2130  1691  1270  1198  1047
MEG20B  1910  1338  1172  1202  1160   785   910  2296  3257  3525  3502
MEG20B  1920  3454  3780  3008  3306  2969  2568  2133  2039  1888  1524
MEG20B  1930  1375  1171  1514  1561  1181  1158  1340  1317  2091  2231
MEG20B  1940  2364  2670  2916  2930  2693  3106  1538  1640  1657  1332
MEG20B  1950  1544  1145  1900  1991  1966  2687  2550  2536  1988  2088
MEG20B  1960  2094  1769  1510  1845  2325  2910  3031  2301  1992  1463
MEG20B  1970  1355  1471  1397  1630  1337  1835  1720  1323  1653  1432
MEG20B  1980  1362  1995  2581  2178  1850  1662  1600  1665  1565  1482
MEG20B  1990  1467  1329   880   910   928   931  1038  1001   983  1263
MEG20B  2000  1579  1226  1401  1209  1593  1635  1287  1559  1566  1308
MEG20B  2010  1233   866 -9999
MEG21B  1815  3945  3127  2908  4806  1920
MEG21B  1820  3402  3055  3892  3887  2999  3112  2390  3370  2694  2372
MEG21B  1830  3022  3957  2453  2444  2535  2230  2428  1991  1876  1467
MEG21B  1840  2117  2349  2513  3514  1581  2624  3057  2486  3012  3491
MEG21B  1850  2778  2398  1933  1640  1775  1551   925  1388  1666  1430
MEG21B  1860  1568  1123  1615  1376  1260  1342  1007   790   724   683
MEG21B  1870   785  1322  1435  1469  1678  1807  2129  1534  1478  1305
MEG21B  1880  1803  1068   939   914   911   711   808   815   984  1155
MEG21B  1890  1381  1484  1370  1892  1552  1238  1046  1176  1095   900
MEG21B  1900   913   924  1086   938   852   981  1069   982   700   928
MEG21B  1910   812  1028   825  1002   750   610  1184   920   988   917
MEG21B  1920   965  1103  1143  1080  1430  1468  1212   823   633   768
MEG21B  1930   682  1028  1042  1161  1104  1510  1202  1277   917   987
MEG21B  1940  1040  1146  1044  1217  1012  1054   774   850   807   690
MEG21B  1950   796   627  1093  1008   833   769  1052   762   658  1167
MEG21B  1960   945   674   776   681   807  1004  1020   925   723   844
MEG21B  1970   806   805  1184   717   572   606   914   645   783   719
MEG21B  1980   847   937   522   566   411   543   646   809   797   758
MEG21B  1990   767   783   645   596   605   960   820   677   529   902
MEG21B  2000   853   939   852   873   754   590   491   606   759   804
MEG21B  2010   765   655 -9999
MEG31A  1871  3240  3187  2328  2118  1977  2328  1730  1730  1529
MEG31A  1880  1566  1354  1215  1034   946  1151  1154  1019  1423  1192
MEG31A  1890  1292  1247  1190  1035   960  1044  1350   885  1063   953
MEG31A  1900   744   759   812   977  1071   892   697   697   898   623
MEG31A  1910   618   598   434   655   271   531   860   569   572   763
MEG31A  1920   590  1069  1285  1509  1740  2158  2189  1928  1544  1840
MEG31A  1930  1696  1707  1689  1663  2339  2127  1676  1216  1317  1148
MEG31A  1940   965   994  1109  1304  1329  1405  1198   737   810  1165
MEG31A  1950   901   724   805   824   856   843   772   668   606   862
MEG31A  1960   591   479   534   294   388   497   617   861   677   488
MEG31A  1970   597   716   720   621   488   678   725   356   303   308
MEG31A  1980   355   388   252   279   384   261   331   402   379   426
MEG31A  1990   459   374   355   223   304   374   350   360   246   309
MEG31A  2000   369   366   228   247   162   184   252   252   231   214
MEG31A  2010   282   244 -9999
MEG31B  1845  1646  2240  1897  2060  1668
MEG31B  1850  1932  2499  2249  2376  2246  1813  2490  2552  3138  2784
MEG31B  1860  3601  3000  3694  2753  2943  3802  3378  3537  3104  3053
MEG31B  1870  4048  4809  3941  2915  2885  2558  2319  2181  1780  1821
MEG31B  1880  2272  1877  1926  1672  1445  1427  1572  1490  1923  1780
MEG31B  1890  2167  1618  1317  1738  1559  1623  1805  1641  1380  1243
MEG31B  1900  1207  1137  1344  1129   945   925   886   703   957   803
MEG31B  1910   733   937   532   844   759  1026   967   716   847   674
MEG31B  1920   952   962  1194  1253  1509  1747  1443  1432   903  1259
MEG31B  1930  1018  1105  1524   927  1316  1277  1079  1044  1154  1058
MEG31B  1940   625   686   866   960   919   894   898   785   861  1089
MEG31B  1950   874   670   775   580   466   576   654   592   712   873
MEG31B  1960   736   794   798   600   597   746   777  1061   649   654
MEG31B  1970   717   951   713   847   579   667   419   275   274   220
MEG31B  1980   275   379   288   372   274   252   257   355   362   228
MEG31B  1990   229   104     0     0   104   124    64   119   107   108
MEG31B  2000   119   118   118   106   121   118   121    96    97   175
MEG31B  2010    87    54 -9999
MEG32A  1909   733
MEG32A  1910  1019  1949  2151  2150  1846  2192  1918  2623  2576  2147
MEG32A  1920  2141  2142  1690  1958  1932  2578  3000  4379  3708  4051
MEG32A  1930  2884  2273  1822  2666  2546  3497  3668  3464  4303  3644
MEG32A  1940  2414  2926  3280  3840  3498  4693  3434  2671  2082  2991
MEG32A  1950  2126  1864  1662  1924  1697  2426  2008  1841  2596  3355
MEG32A  1960  2124  1436  2587  2588  2433  2247  1965  2138  3190  2492
MEG32A  1970  2786  2387  2387  2439  2313  2641  2738  1828  1992  1630
MEG32A  1980  1403  1800  1615  1193  1146   785  1132  1351  1031  1085
MEG32A  1990   981  1035   811   881   908  1021   596   671   774   881
MEG32A  2000   808   890   758   753   575   560   682   626   441   617
MEG32A  2010   713   607 -9999
MEG33A  1840   679   727   734  1146  1135  1570  1529  1498  1423  1094
MEG33A  1850   873  1036   954  1074   933   446   806   783   881   811
MEG33A  1860   680   836   931   521   854   651   808   692   699   310
MEG33A  1870   659   763  1091  1050   593   615   753   665  1094   533
MEG33A  1880   920   590  1531   917   663   574   604   816   701   424
MEG33A  1890   255   521   797  1027   728  1046   674   696  1106   722
MEG33A  1900   864   786   585  1021   699   731  1016   551   656   338
MEG33A  1910   424   361   307   338   361   594   742   603   615   593
MEG33A  1920   561   508   371   402   350   338   382   203   105   117
MEG33A  1930   127    75   171   191   254   286   222   222   318   190
MEG33A  1940   191   201   307   286   254   318   212   264   254   307
MEG33A  1950   169   212   169   201   233   409   235   383   379   273
MEG33A  1960   219   163   262   258   248   267   302   388   363   265
MEG33A  1970   278   308   509   346   248   270   342   171   172   226
MEG33A  1980   293   271   329   316   370   313   303   328   270   604
MEG33A  1990   611   508   286   542   291   208   188   312   291   448
MEG33A  2000   411   325   445   255   339   452   362   372   359   393
MEG33A  2010   275   228 -9999
MEG33B  1840   698   699   699  1121  1311  1221  1465  1215  1277   825
MEG33B  1850  1069  1060  1539  1846  1351  1146  1491  1543  1778  1109
MEG33B  1860  1373  1440  1449   741  1169  1374  1512  2265   946  1401
MEG33B  1870  1899  1887  1823  1822   866  1096  1328   573  1180   719
MEG33B  1880   982   924  1105   675   653   544   855  1119  1055   532
MEG33B  1890   372   616   936  1268  1537  1900  1127  3337  2182  1588
MEG33B  1900  1439  1220  1106  1740  1181   894  1266   892   966   542
MEG33B  1910   775   616   467   638   693   745   859  1103  1093  1201
MEG33B  1920  1285  1125   741   614   487   550   616   552   657   847
MEG33B  1930   667   677  1103  1772  1377  1241  1153  1017  1239  1133
MEG33B  1940   975  1058  1122  1440  1653  1655  1484  1886  1102  1179
MEG33B  1950   774   732   754   925   851  1189   850   954   955  1153
MEG33B  1960  1119   648   868   809  1103  1396  1118  1752  1440  1220
MEG33B  1970  1345  1194  1417  1049   870  1048   824   460   573   639
MEG33B  1980   831   781   485   475   637   701   544   894   701  2060
MEG33B  1990  2418  1147  1543  2025  1416   870   536  1242  1236  1558
MEG33B  2000  1137   607   694   572   743   543   526   482   412   357
MEG33B  2010   432   348 -9999
MEG36A  1837  1643  1131  1152
MEG36A  1840   815  1170  1103  1275   998  1195  1156  1269   979   637
MEG36A  1850   603   701   774   746   778   722   872   683  1381  1023
MEG36A  1860  1102   813   753   639   964   796   986  1145   945  1368
MEG36A  1870  1686  2241  1564  1332   790   854   682   616   696   644
MEG36A  1880   742   501   536   457   473   420   524   462  1073   941
MEG36A  1890   998   780   920   605   728   747   703   862   700   763
MEG36A  1900   905   862   720   627   650   782   931  1008   728   891
MEG36A  1910   991   982  1182  1271  1147  1234  1304  1194  1447  1320
MEG36A  1920  1375  1712  1438  1235  1176  1007  1258  1484  1091  1603
MEG36A  1930  1300  1384  1529  1456  1266  1850  1489  1477  1714  1274
MEG36A  1940  1062  1226  1418  1563  1437  1771  1309  1061  1187  1115
MEG36A  1950   961   906   877   822   909   919  1005  1200  1243  1063
MEG36A  1960  1011  1070   956   897  1038   988   801   934   834   847
MEG36A  1970  1004  1079   947  1022   925  1162  1077   709  1308  1243
MEG36A  1980  1227  1389   740   671   943   993   788  1007   818   686
MEG36A  1990   752   841   760   709   704   752   549   573   696   827
MEG36A  2000   774   676   749   604   556   497   559   794   683   676
MEG36A  2010   567   483 -9999
MEG36B  1839  1284
MEG36B  1840   923  1356  1718  1782  1946  1153  1250  1226  1096   669
MEG36B  1850   647   846  1084   872   452   501   697   586  1186   695
MEG36B  1860   961   741  1129   978  1108  1286  1222  1252  1522  1724
MEG36B  1870  2322  2175  1831  1237   927  1137   679   637   786   723
MEG36B  1880  1160   605  1001   709   582   540   572   560  1038   846
MEG36B  1890  1014   974   857   593   753   859   701  1030   837   889
MEG36B  1900  1482  1132  1038   931   815  1006  1069  1031   980  1018
MEG36B  1910  1011  1383  1186  1146  1000  1068  1313  1122  1271  1070
MEG36B  1920  1132  1567  1377  1218   964  1102  1080  1196   995  1048
MEG36B  1930  1079  1006  1079   827   849  1177   955   986  1402  1094
MEG36B  1940   837   945  1051  1535  1643  1807  1276  1049  1387  1577
MEG36B  1950  1101   920   921   942  1037   869   869  1072  1067   939
MEG36B  1960  1033   916   823  1041  1202  1068   949  1225  1178   773
MEG36B  1970   786  1200  1397   984  1132  1382   961   636   854   891
MEG36B  1980   867  1086   643   552   572   689   626   650   510   460
MEG36B  1990   472   509   508   550   526   612   523   548   505   770
MEG36B  2000   670   484   783   455   392   452   405   562   519   414
MEG36B  2010   347   341 -9999
MEG38A  1831  1382  2608  2597  3890  3748  2742  2599  2419  1642
MEG38A  1840  1401  1522  1720  1821  2085  1915  1906  2629  2136  1590
MEG38A  1850  1699  1754  2122  2299  1828  1725  1927  1937  2359  2037
MEG38A  1860  1471  1436  1662  1387  1407  1598  1156  1035   973   800
MEG38A  1870  1295  1292  1075  1067   886  1121  1164  1002   909   868
MEG38A  1880  1252   795   559   678   723   927  1025   915  1224  1181
MEG38A  1890  1032   976   701   750   734   781   813   733   876   954
MEG38A  1900   986  1161   808   939  1045   901   855   627   508   617
MEG38A  1910   810   744   676  1061   858  1139  1405  1483  1373  1463
MEG38A  1920  1233  1348  1020   741   967   977   830   602   342   601
MEG38A  1930   621   729  1099   976  1132  1335  1144   951  1121  1275
MEG38A  1940  1396  1855  1572  1472  1677  1834  1553  1276  1254  1400
MEG38A  1950  1170  1129  1226   884   725  1013   927  1163  1326  1526
MEG38A  1960  1283   991  1866  1836  1708  1601  1396  1337  1198  1017
MEG38A  1970  1135  1302  1164  1146  1028  1273  1460  1291  1249  1355
MEG38A  1980  1301  1546  1164   984  1207   910  1069  1111   731  1059
MEG38A  1990  1291  1377  1218   933   954  1134  1176  1048   816  1081
MEG38A  2000  1145  1338  1254  1202  1280  1195  1288  1111  1058  1256
MEG38A  2010  1225   822 -9999
MEG38B  1843  1949  1713  1550  1658  2345  1565  1222
MEG38B  1850  1525  1341  1732  1292  1265  1186  1111  1124  1708  1079
MEG38B  1860   918   715   762   932  1174  1700  1303  1139   945  1022
MEG38B  1870  1335  1324  1196  1339   911  1414  1120   961  1069  1070
MEG38B  1880  1263   893   710   783   667   860  1066  1180  1565  1472
MEG38B  1890  1361  1214   786   979  1169  1198  1127  1601  1975  1861
MEG38B  1900  1761  1517  1222  1373  1164  1102  1195   910   893   989
MEG38B  1910  1166  1017   829   847   813   981  1377  1212   953  1516
MEG38B  1920  1170  1170  1035  1125   722   757   971   743   476   844
MEG38B  1930   696   633   817  1077  1091  1439  1232  1012  1068  1014
MEG38B  1940   989  1094  1019  1316  1518  1821  1446  1769  1526  1472
MEG38B  1950  1309  1259  1045  1024   969  1368  1158  1082  1162  1342
MEG38B  1960  1673  1138  1389  1060  1320  1172  1081  1231  1054   909
MEG38B  1970  1112  1145  1033   909   786  1108  1148  1262  1304  1163
MEG38B  1980  1232  1106   938  1110  1245  1099  1133  1063   882  1057
MEG38B  1990  1374  1468  1443  1113  1179  1476  1227  1222  1289  1578
MEG38B  2000  1392  1508  1261  1365  1514  1389  1342  1506  1572  1396
MEG38B  2010  1175   940 -9999