GLM01A  1766  1557  1075  1079   817
GLM01A  1770   718   829   822  1097  1333  1240  1439  1204  1398  1090
GLM01A  1780   967  1166  1189   939   790   507   712   571   300   443
GLM01A  1790   617   369   481   366   563   670   587   511   389   701
GLM01A  1800   603   578   713   582   837   911   819   599   933  1069
GLM01A  1810   859  1219  1141   764   862  1225  1046  1020   865  1354
GLM01A  1820  1166  1299  1094   937   886   692   710   834  1110  1145
GLM01A  1830   751   838   930  1071  1162  1010   778   804   686   615
GLM01A  1840   652   800   741   980   614   661   747   959   777   750
GLM01A  1850   807   831   920   939   682   877  1177  1043   976   969
GLM01A  1860   851   673   851   591   451   495   356   294   177   227
GLM01A  1870   329   284   321   275   319   414   520   672   525   590
GLM01A  1880   602   650   728   545   764   813   603   520   691   649
GLM01A  1890   752   736   778   643   710   689   704   744   956   852
GLM01A  1900   873   716   588   598   704   843   535   658   568   593
GLM01A  1910   745   643   515   531   594   515   546   658   621   800
GLM01A  1920   577   481   547   511   740   771   625   637   311   618
GLM01A  1930   513   620   516   482   663   620   480   469   395   554
GLM01A  1940   501   647   461   446   606   575   624   396   328   461
GLM01A  1950   669   472   410   387   378   343   314   188   219   230
GLM01A  1960   326   162   218   297   325   468   660   796   571   445
GLM01A  1970   393   385   405   382   338   456   446   303   272   263
GLM01A  1980   325   349   392   309   235   179   253   323   283   287
GLM01A  1990   259   329   460   366   266   246   296   280   317   356
GLM01A  2000   481   476   355   372   306   176   344 -9999
GLM02A  1764  1304  1152  1026   895   725   671
GLM02A  1770   475   538   417   528   462   284   454   436   341   289
GLM02A  1780   285   318   520   739   696   460   355   522   506   577
GLM02A  1790   682   618   703   543   548   708   590   505   609   672
GLM02A  1800   570   296   438   429   539   748   671   706   710   615
GLM02A  1810   563   648   640   908   712   969   816   880   743  1105
GLM02A  1820  1096   897   911   799   840   789   709  1014   919  1198
GLM02A  1830  1161  1084  1205  1030  1370   895   708   747   535   580
GLM02A  1840   645   692   577  1025   707   844  1095  1086   958  1019
GLM02A  1850   861  1044  1567  1026  1140   830  1057  1119  1134  1183
GLM02A  1860   837   816   824  1066   928   705   708   517   557   445
GLM02A  1870   525   407   433   590   944   711   775   616   871   481
GLM02A  1880   688   573   631   395   498   574   500   648   612   531
GLM02A  1890   737   569   422   432   580   442   359   566   744   762
GLM02A  1900   557   760   466   630   667   693   506   633   411   391
GLM02A  1910   460   421   490   391   514   437   458   371   384   569
GLM02A  1920   494   519   530   538   502   626   592   469   378   554
GLM02A  1930   469   515   468   451   361   467   420   401   326   361
GLM02A  1940   307   386   219   374   467   351   331     0     0   213
GLM02A  1950   181   238   296   192   154   240   191   209   277   385
GLM02A  1960   110     0   222   295   112   309   474   388   407   316
GLM02A  1970   255   323   319   285   291   361   281   362   358   389
GLM02A  1980   331   306   242   306   260   196   307   354   237   459
GLM02A  1990   545   528   427   421   234   322   319   376   286   430
GLM02A  2000   429   376   424   521   535   388   456 -9999
GLM03A  1802   825   930   991  1050   786   726   659   679
GLM03A  1810   520   721   946   974   663   961   732   835   819   886
GLM03A  1820  1040   803   740   705   657   415   534   839  1248  1191
GLM03A  1830  1150   830   754   918  1258   928   798   901   880   622
GLM03A  1840   296   431   611   969   653  1000  1318  1059   896   784
GLM03A  1850   907   998   877   729   305   337   526   713   568   623
GLM03A  1860   425   459   619   828   667   454   402   353   347   406
GLM03A  1870   761   485   730  1002  1679  1398  1032  1049   805   367
GLM03A  1880   519   436   461   271   275   504   349   343   552   530
GLM03A  1890   543   428   515   548   494   413   394   514   610   460
GLM03A  1900   427   384   276   325   332   367   246   246   312   252
GLM03A  1910   243   374   340   432   534   447   447   449   415   611
GLM03A  1920   402   444   494   654   825  1254  1279  1037   992   935
GLM03A  1930   661   615   574   497   645   525   358   311   253   407
GLM03A  1940   437   362   275   592   661   730   473   467   450   684
GLM03A  1950   481   588   634   915   827   799   512   365   371   846
GLM03A  1960   679   354   500   593   535   573   836   936   826   723
GLM03A  1970   613   949   724   754   815  1204   946   798   670   499
GLM03A  1980   530   719   792   446   362   362   384   464   509   667
GLM03A  1990  1174   933   827   486   284   298   254   240   214   254
GLM03A  2000   236   350   607   861  1025   679  1188 -9999
GLM04A  1788   803   955
GLM04A  1790   642   529   503   507   507   498   634   745   636   628
GLM04A  1800   804   779  1002  1012  1827  1553  1476  1467  1270  1384
GLM04A  1810  1387  1301  1591  1242  1392  1313  1363  1352  1292  1086
GLM04A  1820   896  1077  1174   889  1002  1069   701   973   939  1089
GLM04A  1830  1121   998   822  1024  1112  1083   853   901   862   646
GLM04A  1840   489   417   464   693   476   623   707   692   682   830
GLM04A  1850   639   769   879   753   626   756   746   808   693   989
GLM04A  1860   825   834   741   960   927   693   481   474   524   469
GLM04A  1870   465   364   264   196   292   315   341   371   501   361
GLM04A  1880   441   355   255   206   212   326   406   438   529   362
GLM04A  1890   477   582   639   667   684   472   424   533   780   798
GLM04A  1900   620   678   620   779   761   691   549   631   717   652
GLM04A  1910   689   746   840   771   531   457   627   597   896   936
GLM04A  1920   839   743   533   583   522   745   638   643   554   622
GLM04A  1930   476   463   513   529   418   400   341   303   263   293
GLM04A  1940   280   274   235   382   427   479   404   378   295   438
GLM04A  1950   450   357   499   537   461   471   517   374   362   375
GLM04A  1960   451   238   273   293   346   352   487   464   326   326
GLM04A  1970   325   426   406   339   209   475   319   306   272   283
GLM04A  1980   200   286   189   323   230   313   261   315   278   376
GLM04A  1990   488   435   325   313   184   264   317   324   226   287
GLM04A  2000   331   325   327   416   318   336   431 -9999
GLM05A  1775  1737  1774  1652  1824  1682
GLM05A  1780  2026  2063  1613  1765  1684  1753  1370  1074  1094  1177
GLM05A  1790  1441  1171  1307   882  1026  1204  1082   992  1124  1027
GLM05A  1800  1137   686   852   858   970   873  1138  1091   929  1101
GLM05A  1810   945  1047   985   911   880   863   697  1162  1185  1113
GLM05A  1820  1284  1498  1343  1263  1370  1172   929  1201  1295  1220
GLM05A  1830   863  1175  1033   936  1355   921   855  1056  1128   867
GLM05A  1840  1014   931   992  1134   767   690   877   687   567   382
GLM05A  1850   395   521   816   612   738   487   803   714   831   604
GLM05A  1860   672   680   819   911   638   469   448   427   309   433
GLM05A  1870   413   429   388   382   435   452   469   471   484   411
GLM05A  1880   475   463   438   353   415   454   336   399   393   384
GLM05A  1890   434   427   504   486   539   317   318   358   428   322
GLM05A  1900   295   244   211   200   253   284   254   409   276   419
GLM05A  1910   307   234   407   350   494   283   391   370   421   329
GLM05A  1920   353   335   368   332   362   383   584   527   282   397
GLM05A  1930   315   355   234   227   205   198   107   109   103    71
GLM05A  1940    91   195   133   154   239   211   285     0     0   223
GLM05A  1950   159   176    95    94    93   108    81    71   154   152
GLM05A  1960   184   106   188   112   174   212   215   308   340   283
GLM05A  1970   312   470   311   154   248   118   136   166   151    94
GLM05A  1980   124   212   123   154   154   130   166   288   136   203
GLM05A  1990   279   248   192   252   150   195   166   182   191   146
GLM05A  2000   249   203   186   154   126   162   147 -9999
GLM06A  1740   637   777   873   704   685   701   851  1075   789   960
GLM06A  1750   855   892  1013   612   566   827   436   635   648   844
GLM06A  1760   943   949   858   943   948  1016  1339   773   478   562
GLM06A  1770   190   124   188   242   171   173   396   357   395   395
GLM06A  1780   463   444   285   452   375   241   172   103   107   121
GLM06A  1790   150   251   195   360   640   580   877   473   518   323
GLM06A  1800   274   114   220   188   304   120   146   260   333   149
GLM06A  1810   275   438   520   727   848   829   575   721   762   805
GLM06A  1820   615   415   414   473  1353  1027   934   850   553   775
GLM06A  1830   804  1012  1110  1065  1470  1103   863   831   535   406
GLM06A  1840   896  1182   801  1004   530   836  1311   920   948   931
GLM06A  1850   685   696   701   706  1226   866   685   904   705   798
GLM06A  1860  1169  1368  1398  1106   975   695   484   459   795   749
GLM06A  1870   598   461   500   729   994   705   494   416   810   437
GLM06A  1880  1211   576   753   468   787   708   720   616   587   660
GLM06A  1890   461   418   459   633   465   398   387   510   585   538
GLM06A  1900   395   521   499   790   682   548   447   398   563   361
GLM06A  1910   598   523   388   446   495   348   447   402   443   479
GLM06A  1920   391   287   277   296   447   513   456   386   179   287
GLM06A  1930   312   352   437   462   348   519   312   220   219   201
GLM06A  1940   158   267   140   158   258   109    94     0     0   215
GLM06A  1950   167   154   122   113   120   209   201   173   164   270
GLM06A  1960   336     0   214   212   318   117   226   483   523   447
GLM06A  1970   471   643   443   355   396   498   420   406   369   201
GLM06A  1980   230   339   395   439   326   313   450   536   356   405
GLM06A  1990   563   511   473   500   303   296   196   381   299   333
GLM06A  2000   518   525   441   596   477   312   605 -9999
GLM07A  1775  2360  2308  1948  2130  2023
GLM07A  1780  1431  1338  1539  2112  1427  1116  1141  1412   887  1432
GLM07A  1790  1216  1010  1467  1311   932   812  1046  1170   686  1094
GLM07A  1800  1070   721  1007   940   912   796   981   948   838   525
GLM07A  1810   565   732   914  1206  1144  1076   947  1037  1003  1202
GLM07A  1820   829  1096  1131  1167  1089   902   837   822   618   889
GLM07A  1830   926   784   922   735   938   681   454   880   825   561
GLM07A  1840   635   465   494   665   342   555   607   458   544   570
GLM07A  1850   593   738   712   583   565   493   527   663   606   624
GLM07A  1860   467   728   675   867   659   559   586   556   703   627
GLM07A  1870   684   639   537   581   820   920   755   477   685   369
GLM07A  1880   501   280   308   213   431   531   436   571   512   555
GLM07A  1890   534   392   435   481   516   334   445   526   779   879
GLM07A  1900   595   544   603   556   740   784   596   611   625   720
GLM07A  1910   942  1051   715   689   698   470   605   499   754   697
GLM07A  1920   589   482   487   634   588   845  1205   846   352   724
GLM07A  1930   626   443   574   477   571   467   454   336   340   352
GLM07A  1940   298   500   560   903   862   853   603   311   481   979
GLM07A  1950   737   470   708   859   656   627   624   676   719   718
GLM07A  1960   750   424   493   498   370   441   575   602   713   810
GLM07A  1970   864  1084  1223   814   549   555   543   601   683   509
GLM07A  1980   491   540   488   627   361   441   512   539   465   590
GLM07A  1990   819   690   560   287   170   332   351   374   326   281
GLM07A  2000   528   518   553   640 -9999
GLM08A  1763   797   881  1319  1079  1448  1917  1931
GLM08A  1770  1223  1777  1588  1675  1405  1517  1361  1165  1134   937
GLM08A  1780  1063  1495  1404  1808  1262  1282   815   955   804  1587
GLM08A  1790  1375   928  1126   970  1252  1445  1455  1153  1175  1045
GLM08A  1800  1020   738   913   857  1374  1407  1244   997  1091  1084
GLM08A  1810   812   948   750   957   678   703   553   806   803  1103
GLM08A  1820   951  1018   902  1008  1049   923   676   715  1008  1455
GLM08A  1830  1562  1231   883  1173  1470  1173  1015  1019  1077   702
GLM08A  1840   897   920   874  1157   852   941  1249  1120   876   949
GLM08A  1850   986  1021  1522  1150   977   854  1023  1363  1564  1250
GLM08A  1860  1168  1306  1089  1231  1119  1042   679   649   822   779
GLM08A  1870   800   690   902   928  1144   952   891   823   998   843
GLM08A  1880  1256   829  1050   716   887   922   890   994   943   677
GLM08A  1890  1146  1023   995   938  1060   662   606   772   816   818
GLM08A  1900   619   527   548   656   579   722   582   494   356   417
GLM08A  1910   606   663   595   628   707   480   342   393   562   587
GLM08A  1920   533   406   550   614   565   669   681   709   566   957
GLM08A  1930   654   731   826   783   673   864   577   595   569   636
GLM08A  1940   508   568   689   777   906   579   520   311   345   423
GLM08A  1950   372   348   443   633   516   532   466   537   559   657
GLM08A  1960   623   324   361   451   361   246   423   686   658   560
GLM08A  1970   601   860   723   658   484   788   534   356   427   484
GLM08A  1980   506   573   477   429   503   514   438   484   539   389
GLM08A  1990   444   621   483   326   286   345   293   301   430   342
GLM08A  2000   334   344   375   335   346   210   390 -9999
GLM09A  1833  1693  2046  1777  1659  2221  2178  1861
GLM09A  1840  2541  2296  1725  3025  1932  2035  3098  2463  3139  2311
GLM09A  1850  2626  2795  4559  3896  3932  2486  3396  3309  3352  3605
GLM09A  1860  2943  3376  2740  3154  1862  1631  1417  2053  3071  2377
GLM09A  1870  2745  2526  2231  2275  2447  2296  2317  2072  2250  1487
GLM09A  1880  2247  1253  1747  1603  2169  1769  1375  1284  1342  1434
GLM09A  1890  1532  1271  1182  1316  1207   934   963  1212  1218   869
GLM09A  1900   982  1185  1209  1293  1131  1260  1223  1038  1095  1273
GLM09A  1910  1543  1692  1253  1771  1919  1561  1539  1317  1290  1205
GLM09A  1920   925   871   715   903  1039  1244  1579  1121   798  1158
GLM09A  1930  1182  1126  1076   957   733  1055   942   779   612   543
GLM09A  1940   560   372   305   354   377   403   357   374   372   448
GLM09A  1950   450   575   430   499   387   446   458   394   408   540
GLM09A  1960   437   328   287   533   238   212   385   521   443   571
GLM09A  1970   481   574   553   412   437   499   358   316   482   452
GLM09A  1980   461   502   454   349   250   346   366   369   356   398
GLM09A  1990   485   357   445   293   259   370   330   628   462   384
GLM09A  2000   408   416   436   516   372   318   608 -9999
GLM10A  1749   945
GLM10A  1750  1422  1172  1376  1435  1864  2077  1191  1180   659   776
GLM10A  1760  1399  1224   906   952  1181  1011  1403  1539  1694  1417
GLM10A  1770   751   829   756   980   974  1000  1121   773   757   882
GLM10A  1780   738   744   725   744   560   915   448   392   283   710
GLM10A  1790   794   541   641   760   907   768   859   488   978   970
GLM10A  1800   740   542   833   645   576   789   862   747   631   357
GLM10A  1810   438   547   688   570   592   596   480   702   712   734
GLM10A  1820   488   211   203   182   369   406   324   432   331   504
GLM10A  1830   502   619   648   370   453   526   351   356   247   262
GLM10A  1840   227   321   272   245   537   301   263   413   503   227
GLM10A  1850   247   228   331   237   207   215   378   417   306   213
GLM10A  1860   261   237   290   320   251   224   209   164   130   242
GLM10A  1870   266   217   386   346   457   705   969   840  1265   493
GLM10A  1880   719   671   812   925  1006  1025   790  1092  1131   787
GLM10A  1890   954  1139   974  1031   964   732   738   956  1092  1073
GLM10A  1900   925   865   854   756   875   837   766   993   891   882
GLM10A  1910  1055  1102   918   944  1129   785  1096   816   993   697
GLM10A  1920   677   686   581   605   860   896  1044   821   699   974
GLM10A  1930   816   919  1035   734   689   810   782   550   579   667
GLM10A  1940   485   515   475   656   644   710   688   219   172   290
GLM10A  1950   371   333   503   680   556   494   579   436   610   777
GLM10A  1960   580   499   678   666   257   231   399   598   730   877
GLM10A  1970   578   997   798   786   623   634   833   760   936   714
GLM10A  1980   599   572   450   449   497   653   846  1012   927   654
GLM10A  1990   702   698   716   628   573   578   468   577   443   529
GLM10A  2000   571   527   636   630   609   507   510 -9999
GLM11A  1887  2051  1776  1512
GLM11A  1890  2570  2094  1962  2175  1905  1274  1309  1393  1527  1431
GLM11A  1900  1468  1590  1338  1575  1794  1409  1387  1386  1221  1423
GLM11A  1910  1337  1827  1942  2129  2069  1489  1406  1315  1762  2097
GLM11A  1920  1834  1456   994  1342  1481  1334  1487  1265  1082  1568
GLM11A  1930  1044  1148  1342  1184   968  1016   789   949  1143  1213
GLM11A  1940   976   924   921  1158  1235  1128  1235   698   860  1583
GLM11A  1950  1338   908   894  1003   931   870   738   698   798   754
GLM11A  1960   939   631  1078   959  1083  1185  1330  1342   746   721
GLM11A  1970   607   891   850   774   624   740   527   401   535   633
GLM11A  1980   620   795   604   537   385   356   332   485   429   360
GLM11A  1990   305   739   470   436   315   257   170   265   190   193
GLM11A  2000   226   170   286   308   144   128   209 -9999
GLM12A  1780   678   473   252   553   426   407   239    75   186   178
GLM12A  1790   808   576  1212  1261  1519  1202  1305  1265  2140  1769
GLM12A  1800  1212  1838  1500   881  1262  1228  1587  2496  1693  1296
GLM12A  1810  1868  2421  2325  2422  1696  1778  1092  1352  1952  2293
GLM12A  1820  2383  1122  1099  1332  1842  2004  1170  2019  1388  1162
GLM12A  1830   831  1365  1058  1210  1838  1950  1640  2120  1766  1163
GLM12A  1840   972  1129  1386  1696  1667  2036  2217  2248  1808  1616
GLM12A  1850  1498  1731  2795  2292  2896  2123  2264  2510  1586  2113
GLM12A  1860  2078  1716  2240  2427  2051  1366  1244  1241  2226  1394
GLM12A  1870  1752  1841  1730  1441  2067  2260  2076  1586  1223  1333
GLM12A  1880  1561   917  1230   979  1414   930  1032  1277  1105  1037
GLM12A  1890  1169   962  1140  1352  1240   771   936  1183  1565  1256
GLM12A  1900  1309  1323   982  1517  1747  1228  1061   961  1019   992
GLM12A  1910   965  1290  1305  1221  1017   877   595   732  1008   866
GLM12A  1920   810   673   689   640   784  1266   753   877   858  1042
GLM12A  1930  1209  1079  1086  1108   677  1002  1046   861   497   664
GLM12A  1940   656   826   900   621  1113  1169  1051   702   510   590
GLM12A  1950   661   602   667   792   837   875   643   474   430   613
GLM12A  1960   684   449   653   812   621   575   626   824   938   917
GLM12A  1970   774  1106   758   553   546   427   545   530   622   603
GLM12A  1980   561   715   500   679   415   565   578   603   569   517
GLM12A  1990   679   736   616   612   659   715   406   663   595   600
GLM12A  2000   915   924  1307  1296  1081   606  1048 -9999
GLM13A  1802  1251   912  1553  1655  1405  1599  1705  1636
GLM13A  1810  1169  1476  1371  1616  1506  1770  1697  1854  1819  1754
GLM13A  1820  1671  1843  1819  2113  2025  1520   959  1970  1852  1887
GLM13A  1830  1765  1798  1819  1459  1582  1306  1024  1707  1844  1308
GLM13A  1840  1390  1020   807   993  1137  1363  1729  1386  1381  1635
GLM13A  1850  1200  1335  1634  1159  1472  1049  1059   972   635   887
GLM13A  1860   643   615   721   740   742   410   713   745  1234   867
GLM13A  1870   889   944   976  1143  1483  1281  1252  1009   838   650
GLM13A  1880  1191   606   562   389   506   565   591   824   858   680
GLM13A  1890   819   767   682   840   655   481   490   503   586   900
GLM13A  1900   821   722   593   670   716   496   463   552   533   506
GLM13A  1910   518   630   554   510   604   421   432   494   537   699
GLM13A  1920   672   473   377   355   572   585   505   523   343   536
GLM13A  1930   457   456   531   427   389   311   419   274   325   325
GLM13A  1940   295   394   249   295   333   403   411   193   186   631
GLM13A  1950   478   472   533   563   501   324   456   301   282   430
GLM13A  1960   421   192   306   300   217   319   381   611   421   452
GLM13A  1970   511   506   547   423   312   487   347   332   330   334
GLM13A  1980   246   373   463   405   215   288   286   262   207   233
GLM13A  1990   240   297   305   277   205   255   235   253   255   279
GLM13A  2000   381   353   417   489   469   369   687 -9999
GLM14A  1808   954   487
GLM14A  1810   549   618  1232  1439  1444  1967  1946  1966  2235  1751
GLM14A  1820  1258   465   229   210   559   407   401   920  1048  1575
GLM14A  1830  1566  1858  1949  1576  1272   985  1152  1217  1087   401
GLM14A  1840   148   266   662  1068  1313  1356  1463  1347  1205  1044
GLM14A  1850   691   805  1029   956   847   878   957  1155  1001  1117
GLM14A  1860  1058  1221  1105  1037  1628   978   676   517   721   759
GLM14A  1870   593   678   861   666   807   709   612   549   503   471
GLM14A  1880   459   413   462   297   425   679   496   560   577   523
GLM14A  1890   639   413   512   478   448   477   535   513   639   837
GLM14A  1900   778   761   674   781   881   748   488   579   729   580
GLM14A  1910   666  1021   952   887   826   788   783   792   703   789
GLM14A  1920   705   635   538   382   543   683   870   763   469   692
GLM14A  1930   670   657   743   645   527   760   759   719   555   628
GLM14A  1940   540   661   523   572   544   609   764   215   303   249
GLM14A  1950   386   508   544   394   574   594   491   630   801   966
GLM14A  1960   477     0   872  1145   319   423   550   726   753   916
GLM14A  1970   965  1370  1048   665   546   676   621   587   617   427
GLM14A  1980   422   653   703   726   594   613   714   799   609   549
GLM14A  1990   580   469   799   769   823   697   441   308   509   765
GLM14A  2000  1326  1889  2168  2124  1670  1393  2001 -9999
GLM15A  1898   882   785
GLM15A  1900   601   900   859   979  1041  1039   922  1096   850  1084
GLM15A  1910  1021  1200  1482  1364  1466  1705  1585  1681  2317  1659
GLM15A  1920  1146   566   735  1200  1169   918   931   881   763   740
GLM15A  1930   553   929   774   835  1025  1764  1724  1506  2042  1535
GLM15A  1940  1140  1588  1712  2670  2444  2455  1830  1269  1212  3074
GLM15A  1950  1661  1732  2073  1947  1517  1404  1073  1162  1325  1477
GLM15A  1960  1268  1040  1271  1271  1530  1257  1483  1817  1480  1441
GLM15A  1970  1426  1577  1357   924  1094  1422  1455  1046  1579  1719
GLM15A  1980  2293  2103  1366  1123  1141  1274  1322  1775  1329  1194
GLM15A  1990  1444  1453  1007  1211  1243  1472  1166  1365  1389  1774
GLM15A  2000  2075  1521  1464  1252   821   711  1274 -9999
GLM16A  1775   921   830  1117  1128  1130
GLM16A  1780  1283  1392  1331  1255  1259  1178   901   955   889  1311
GLM16A  1790  1330   924  1068  1287  1296  1113  1183  1036  1322  1148
GLM16A  1800  1028   731  1400  1349  1259  1276  1124   904   816   820
GLM16A  1810   975   985  1411  1288  1052  1095   884  1409  1631  1844
GLM16A  1820  1536   965  1048   810  1396   878   831   786  1301  1329
GLM16A  1830   880  1253  1042   981  1187  1049   839  1035   865   581
GLM16A  1840   605   706  1293  1443   782  1372  1714  1434  1054   973
GLM16A  1850   689   914  1141  1164   935  1074  1214  1714  1694  1515
GLM16A  1860  1293  1105  1208   970   997   861   666   698   875   660
GLM16A  1870   654   977   969   973  1278   808  1017  1038  1133   720
GLM16A  1880  1095   830  1170   796   923   805   702   679   866   884
GLM16A  1890  1294   859   972  1143   973   847   935   891  1142  1085
GLM16A  1900  1226  1207  1030   932  1148  1030   817   697   940  1065
GLM16A  1910  1064  1242   666   728   831   667   562   665   677   755
GLM16A  1920   601   788   760   801  1005  1205  1128   994   819   990
GLM16A  1930   886   819  1117   728   715   823   840   564   400   425
GLM16A  1940   500   605   408   511   645   360   653   183   205   454
GLM16A  1950   461   541   658   490   705   863   584   545   666   850
GLM16A  1960   713   579   750   673   391   223   633   983   968   786
GLM16A  1970   779   949   651   506   586  1021   700   651   755   485
GLM16A  1980   484   746   856   847   633   537   696   728   793   810
GLM16A  1990   799   891   589   574   572   607   287   496   630   607
GLM16A  2000  1000   995   728   704   779   753   978 -9999
GLM17A  1874   517   424   508   539   384   280
GLM17A  1880   560   406   775   798  1836  1584   793  1779  1666  1775
GLM17A  1890  1714  1464  1771  1679  1459  1588  1450  2727  2198  2320
GLM17A  1900  2141  2532  1832  2697  1829  1955  1965  1626  1930  1649
GLM17A  1910  2286  1394  1060  1536  1665  1484  1455  1189  1905  2137
GLM17A  1920  1497  1034   903   786  1145   847   905   599   755   973
GLM17A  1930   862  1067   995   857   636   941  1124   759  1009   760
GLM17A  1940   229   234   273   197   194   234   265   322   355   468
GLM17A  1950   456   489   559   526   493   785   771   890  1050  1247
GLM17A  1960   690   448   653   392   531   670   916   718   852   785
GLM17A  1970   807   931  1061   553   460   487   459   291   296   354
GLM17A  1980   353   325   263   326   348   299   404   614   341   483
GLM17A  1990   698   605   509   476   417   330   324   534   386   637
GLM17A  2000   751   466   733   644   483   503   612 -9999
mor20   1782  1118  1467   749  1194   781   303   347   670
mor20   1790  1090   704   587   500   780   841   832   918   970   768
mor20   1800   692   629   395   437   583   636   720   574   678   508
mor20   1810   689   308   509   625   858   966   806   955   805   815
mor20   1820   603   571  1006   508   550   466   328   709   773   889
mor20   1830   243   254   594  1262  1559  1548  1654  1760  1410   403
mor20   1840   158   254   277   459   477   605   606   563   680   702
mor20   1850   893   754  1572  1382  1126   905   698   730   371   487
mor20   1860   423   529   678   910   804    43   582   508   434   424
mor20   1870   478   526   331   459   469   752   632   523   440   472
mor20   1880   278   385   343     0   278   151   174   320   289   449
mor20   1890   440   375   374   357   214   193     0   141   258   249
mor20   1900   278   390   301   323   430   237     0   395   365   506
mor20   1910   613   779   653   844   625   532   326   424   480   444
mor20   1920   238   530   289   224   267   277   222   237   159   161
mor20   1930   278   244   224   330   447   606   469   371   203   206
mor20   1940   332   172   111    90   172    95    24     0   134   204
mor20   1950   125   138   143   183   258   281   172     0   243   545
mor20   1960   711   352   580   977   168   211   197   232   274   259
mor20   1970   425   650   616   512   498   589   443   334   288   244
mor20   1980   285   392   502   465   412   398   580   452   503   900
mor20   1990  1597  1336   641   659   503   386   442   497   365   282
mor20   2000   548   613   569   937   769  1071  1359  1205  1452  1595
mor20   2010 -9999
mor21   1819  1460
mor21   1820  1196  1069   714   669   545   760  1194  1249  1281  1140
mor21   1830   882   856   910  1123  1385  1474  1239  1258  1623   772
mor21   1840   620   461   682  1524  1574  1977  1556  1565  1034   884
mor21   1850   891   843  1369  1537  1196  1042   871   643   870  1158
mor21   1860  1264  1803  1736  1862  1481  1104  1075  1166  1474  1648
mor21   1870  1397  1403  1313  1346  2004  1790  1629  1159  1473  1251
mor21   1880  1544  1166   957   635   616   814   720  1056  1393  1762
mor21   1890  2054  1518  1238  1101   809   635   600   580   518   523
mor21   1900   790  1280  1223   904   884   690   714  1074   961  1166
mor21   1910  1198  1091   937  1143  1329  1003   745   917   751   874
mor21   1920   673   729   586   475   674   840  1179  1183   786   971
mor21   1930   834   937   934  1081  1071  1001   736   805   924   980
mor21   1940   682   613   623   622   623   603   454   335   262   371
mor21   1950   435   468   512   389   416   513   422   402   512   645
mor21   1960   526   455   491   857   546   415   550   630   418   496
mor21   1970   586   726   509   452   429   563   454   408   657   526
mor21   1980   375   516   516   502   399   426   436   627   863   645
mor21   1990   754   962   724   698   439   655   821  1088   783   622
mor21   2000   955   664   521   619   695   880   839   727   675   742
mor21   2010 -9999
mor24   1817   740   677  1135
mor24   1820   935   906  1013  1799  1525   778  1020   224   313   342
mor24   1830   470   609   657   833   469   465   669   572   669   857
mor24   1840   803   814   402   239   275   227   368   690   629   540
mor24   1850   168   292   643   774   573   429   529   529   697   925
mor24   1860   616   639   682   725   800   523   608   587   639   949
mor24   1870  1085   783  1089   800   611   966   876   566   855   297
mor24   1880   351   223   197     0   276   399   374   641   803  1186
mor24   1890  1571  1298  2342  1989  1278   505   601   655   840   882
mor24   1900   656   946   828   506   947   905   903  1334   792  1171
mor24   1910  1480  1200   950  1220  1644  1304  1186   953  1150  1127
mor24   1920   981  1178   763   826  1491  1417  1742  1523   623   901
mor24   1930   970  1089  1001   652   810   658  1122  1102  1286  1606
mor24   1940  1182   734   468   671   786   969   968   596   692   680
mor24   1950   769   788  1107  1055   925  1119   786   646   698   969
mor24   1960  1193   714   826   898   529   680   876  1076   867  1135
mor24   1970  1266  1406   923   746  1028   912  1142  1128  1080  1218
mor24   1980  1157  1248  1313  1419  1394  1077   840  1177  1040  1063
mor24   1990  1183  1466  1319  1372  1372  1213  1512  1775  1408  1160
mor24   2000  1669  1611  1517  2464  1879  1541  1984  1970  1446  1493
mor24   2010 -9999
mor25   1835  1799  1368  1658  1395   426
mor25   1840   831   381   582   689   857   910  1230  1857  1497  1497
mor25   1850   690   956  1210  1103   741   773   731   393   624  1058
mor25   1860   699   995  1058   987  1164   656   466   308   466   614
mor25   1870   793   985  1461  1042  1489  1081   835   517   899   326
mor25   1880   358   277   215     0   141   258   274   645   928  1068
mor25   1890  1175   907   864  1110   712   702   648   776   861  1019
mor25   1900  1017  1166  1092  1371  1329   965  1009  1241  1383  1272
mor25   1910  1771  1455  1092  1239  1156  1022   749   879  1060  1686
mor25   1920  1302  1769  1610  1800  2509  2466  2815  2170  1704  1566
mor25   1930  1016   825  1059   889   719  1217   995  1006  1398  1270
mor25   1940   889   487   603   688   984  1302  1640   815   963  1281
mor25   1950  1217  1477  1872  1806  1477  1816  1387  1078  1126  1751
mor25   1960  1585  1212  1548  2039  1295  1054  1172  1167  1181  1067
mor25   1970  1087  1238  1285  1101  1215  1161   957  1086   990  1185
mor25   1980  1511  1821  1615  1418  1119  1232  1502  2148  1473   998
mor25   1990   880  1377  1069  1103  1140  1155  1118  1018  1392  1633
mor25   2000  1643  1869  2054  1998  1789  2623  2413  2241  2560  2305
mor25   2010 -9999
mor26   1819  2019
mor26   1820  1441   658   499   124   227   362   324   616   593   639
mor26   1830   291   395   767   618   563   474   485   744   655   294
mor26   1840   204   212   370   462   756   840  1547  1374  1367   937
mor26   1850   614   816  1100  1011  1250  1273  1100   931   677   769
mor26   1860   813   937  1116  1192   908   719   860  1074  1589  1483
mor26   1870  1397  1218  1213  1873  2311  1700  1354  1173  1258   455
mor26   1880   690   476   409   292   350   555   385   346   608   813
mor26   1890   684   822   846  1032   822   509   476   511   612   848
mor26   1900   919  1009  1063  1111  1314  1240   918   863   696   654
mor26   1910   734   942   711   701   601   663   578   733   896   904
mor26   1920  1085  1099   696   785  1166  1352  1320   996   557   702
mor26   1930   716   840   856  1183   842  1265  1280  1381  1503  1479
mor26   1940  1312  1008   707   911   916  1150   973   323   669  1125
mor26   1950  1135  1029  1344  1212  1107  1259   928   622   885   922
mor26   1960  1151   655   759  1258   915   876   810   948   843  1019
mor26   1970  1234  1513  1666  1368  1358  1345  1074   909  1013   875
mor26   1980   932   986  1098   753   767   801   820  1103   986   763
mor26   1990   777  1144  1020   947  1047  1108   923  1175  1240  1459
mor26   2000  1885  1574  1892  1926  2348  2028  2413  1871  1936  2306
mor26   2010 -9999
mor31   1863  1802  1949   991  1610  1617  1587  1626
mor31   1870  1800  1377  1324  1496  1565  1250  1071  1025  1048   629
mor31   1880   466   443   535   303   364   723   946  1144  1180   864
mor31   1890   984   826   872   847   734   435   398   468   445   483
mor31   1900   616   645   639   794  1006   859   792   732   708   688
mor31   1910   873   879   745   787  1075   763   725   848   478   714
mor31   1920   711  1075  1165   949  1171  1302  1277  1237   801   998
mor31   1930   790   806   834   588   531   706   621   692   612   644
mor31   1940   607   736   778  1215  1439  1191   975   629   349   501
mor31   1950   731   790   763   839   648   588   513   517   485   426
mor31   1960   506   220   362   318    91    87   168   231   248   220
mor31   1970   309   298   211   148   234   452   617   891  1048  1058
mor31   1980  1508  1231   696   442   628   499   719   942   690   804
mor31   1990   731   836   360   467   424   433   307   392   296   350
mor31   2000   677   646   529   562   402   508   931  1005  1494  1354
mor31   2010 -9999
mor31b  1863  1166  1072   412   745   985  1333  1370
mor31b  1870  1219  1001  1156   764  1088   961   836   572   513   233
mor31b  1880   269   256   211     0    68   197   240   460   474   377
mor31b  1890   271   217   419   644   683   330   285   487   640   578
mor31b  1900   640   608   593   692   959   697   697  1020  1110   847
mor31b  1910   735   840   711   719   876   801   712   540   422   582
mor31b  1920   626   733   506   371   550   733   740   682   636   703
mor31b  1930   620   748   644   389   403   412   427   426   657   619
mor31b  1940   391   520   429   557   658   561   445   251   256   536
mor31b  1950   810  1070  1042  1003   793   581   406   252   390   242
mor31b  1960   277    98   284   353   246   320   405   329   167   182
mor31b  1970   195   190   115   138   176   229   329   365   356   394
mor31b  1980   446   309   247   236   313   247   303   351   369   493
mor31b  1990   672   629   332   384   379   427   403   510   251   214
mor31b  2000   416   294   339   357   211   214   353   384   465   440
mor31b  2010 -9999
mor35   1829  2166
mor35   1830  1984  2984  2573  1818  1827  1988  1610  1757  1571   857
mor35   1840   895   885  1359  2106  1656  1728  2319  2177  1974  2337
mor35   1850  2526  1953  1820  1569  1642  1315  1227  1439  1444  1810
mor35   1860  1676  1854  1743  2384  2133  1855  1661  1433  2305  2087
mor35   1870  2024  1359  1470  1365  1573  1122   978   759   874   503
mor35   1880   723   718   721   514   824   945   682   895  1009  1221
mor35   1890  1254  1149   827   987  1105   695   823   849  1099  1343
mor35   1900  1021  1244   935   892  1214  1053   806   592   720   698
mor35   1910   781   848   531   734   946   648   436   478   576   650
mor35   1920   493   758   577   653   769  1272  1197   876   605   648
mor35   1930   827   818   928   893   638   808   885   806   636   711
mor35   1940   487   542   319   382   629   478   451    42   118   480
mor35   1950   566   491   459   609   394   578   450   515   586   820
mor35   1960   709   437   601   898   185   262   308   326   378   368
mor35   1970   478   663   485   472   398   506   214   226   154   162
mor35   1980   131   250   218   118   142   149   208   272   249   314
mor35   1990   326   407   289   313   349   359   131   293   185   305
mor35   2000   501   532   459   379   265   288   552   452   370   472
mor35   2010 -9999
mor36   1789  1980
mor36   1790  1521  1715  1442  1320  1194  1521  1282   609   739  1066
mor36   1800  1422  1325  1311  1486  1803  2402  2411  2201  2038  1420
mor36   1810  1541  1353  1246  1160  1071   963  1031  1282  1509  1803
mor36   1820  1284  1179  1488  1127  1085  1075   824  1137  1287  1983
mor36   1830  1591  1737  1411  1534  2302  2131  1555  1645  1612  1295
mor36   1840  1346  1232  1063  1581  1008  1170  1723  1393  1359  1588
mor36   1850  1455  1480  1456  1135  1044   877   903   891  1088  1023
mor36   1860   968  1129  1166  1153  1058   872   862  1333  1419  1178
mor36   1870  1024   783   847   682   684   759   769   650   902   459
mor36   1880   683   388   521   279   533   461   511   554   672   992
mor36   1890  1035   746   898  1076   618   652   726   649   684   672
mor36   1900   672   693   480   523   597   607   329   415   447   745
mor36   1910   894   746   404   511   778   606   616   988  1253   880
mor36   1920   627   817   736   964   966   965   985   541   413   945
mor36   1930   754   678   806   478   541   606   476   530   497   435
mor36   1940   541   636   647   858   912   815   550   519   571   656
mor36   1950   519   361   476   381   424   371   286   444   593   476
mor36   1960   561   444   519   710     0   774   518   911   425   561
mor36   1970   297   614   550   529   508   434   372   306   519   614
mor36   1980   550   582   488   436   604   574   566   805   701   425
mor36   1990   361   575   407   533   542   607   404   461   398   343
mor36   2000   490   448   515   334   319   324   434   436 -9999

