PB1     1833  1603  1352  2954  3093  2424  2120  1565                            
PB1     1840   836  1068  1381  1354  1439  1937  2301  2971  3028  2394          
PB1     1850  2428  2188  2247  1960  2293  1339  1148  1129  1223  1576          
PB1     1860  1819  1577  1810  1554  1553  1173  1228   456   627   691          
PB1     1870  1107  1320  1421  1413  1288  1425  1017   741   912   518          
PB1     1880  1110   802   916   516   555   480   705   827   845   801          
PB1     1890  1109  1144  1048  1270  1153  1060  1322  1411  1476  1375          
PB1     1900  1293  1241  1022  1272  1124  1093   726   776   885   807          
PB1     1910   839  1241   750   470   507   527   796   783   686   620          
PB1     1920   565   740   878  1042   901  1173   803   809   991   951          
PB1     1930   874  1072  1302  1281  1026  1255  1030   464   427   562          
PB1     1940   468   638   463   655   609   434   508   280   301   559          
PB1     1950   606   462   591   692   672   765   613   652   759   588          
PB1     1960   493   348   665   613   609   659   794   614   473   281          
PB1     1970   645  1063  1231  1335  1297  1028   897   645   832   901          
PB1     1980  1141  1111  1045  1121   784   626   624   631  1118  1039          
PB1     1990  1005  1076   896   868  1040  1480  1482  1488   874  1145          
PB1     2000  1059   963   986   613   792   494   433   645   571 -9999          
PB2     1876  3831  2568  2537  1932                                              
PB2     1880  2664  1873  2945  3188  3928  3266  2883  2823  2963  2941          
PB2     1890  3818  3209  3662  3540  3599  3490  3619  3590  3581  2871          
PB2     1900  3122  2914  2633  2446  2826  3014  2327  2666  2887  2937          
PB2     1910  2539  2415  2986  3058  3199  2510  2739  2111  2990  2795          
PB2     1920  2702  2679  2949  2860  2793  2674  2271  1937  1615  1417          
PB2     1930  1513  1668  1873  1846  1574  1982  1942  2373  2627  3006          
PB2     1940  2478  2872  2885  3203  2750  2515  1825  1998  2164  2432          
PB2     1950  2408  2464  2521  2460  2363  2289  1927  2193  2082  2382          
PB2     1960  1923  1423  1701  1451  2150  1753  1508  2119  1758  1557          
PB2     1970  1218  1675  1347  1205  1036  1242  1401  1080  1244  1396          
PB2     1980  1128  1558  1361  1421  1115   973   968  1244  1283  1354          
PB2     1990  1016  1164   777   928  1007   932   890  1101   895  1095          
PB2     2000  1015   965   950   807   683   721   665   873   882 -9999          
PB3     1852  2060  1908  1652  1534  1583  2063  2893  3072                      
PB3     1860  3333  3099  3330  2551  2802  2766  2372  2084  2700  2843          
PB3     1870  3184  3553  3370  2915  3476  3243  2202  1743  2259  1461          
PB3     1880  2202  2008  2589  1948  2359  2018  1841  2586  2587  2732          
PB3     1890  2519  2482  2305  2716  1253  1415  1622  1960  1647  1337          
PB3     1900  1133  1095   974  1331  1433  1374   926   749  1102  1186          
PB3     1910  1033   927  1169   923  1025   912  1418  1353  1498  1631          
PB3     1920  1541  1461  1291  1344  1849  1636  1157   852   582   750          
PB3     1930   944  1027  1377  1512  1509  1829  1721  1632  1581  1832          
PB3     1940  1163  1315  1321  1338   975   585   531   348   354   356          
PB3     1950   213   239   425   421   413   524   387   598   598   433          
PB3     1960   445   274   302   400   556   694   728  1089   731   691          
PB3     1970   917   937   828   882   859   815   770   712   762   861          
PB3     1980   817  1023  1164  1300  1118  1036  1160  1627  1399  1455          
PB3     1990  1266  1697  1924  2350  2625  2078  1480  1785  1929  2126          
PB3     2000  1898  1122  1620  1538  1361  1106  1177  1143  1346 -9999          
PB4     1713  3320  3409  3012  2067  2315  2105  2205                            
PB4     1720  2292  1540  1660  1501  1388  1589  1528  1202  1386  1233          
PB4     1730  1361  1164   992  1231  1660  2156  1857  1802  2221  1560          
PB4     1740  1203  1469  1420  2080  2272  2109  2012  2383  2498  2125          
PB4     1750  2497  1869  1643  2047  2193  2257  2090  1606  1702  1931          
PB4     1760  2012  2494  2395  2055  2123  1512  1715  1574  1415  1309          
PB4     1770  1160   806   974   887  1219  1056  1091   892   474   751          
PB4     1780   764   802   406  1077   727   757   848  1267  1011  1016          
PB4     1790   947   864   617   460   491   373   288   239   471   429          
PB4     1800   539   397   549   728   841   608   463   592   774   598          
PB4     1810   551   657   874   877   834   691   421   635   876  1051          
PB4     1820   903   700   745  1285  1124   983   882  1102  1314  1080          
PB4     1830  1064   951   900   954  1557  1449   773  1139   938  1154          
PB4     1840   908   715   715   724   814  1184  1285  1094   909  1099          
PB4     1850   980  1155  1210   998   733   679   725   893   776   779          
PB4     1860   718  1053   861  1147  1375  1418   810   490  1039   832          
PB4     1870  1117  1198   991  1009  1327  1315  1273   718   856   425          
PB4     1880   776   778   996   605   536   511   677   957   872  1014          
PB4     1890   753   928   599   908   363   511   456   606   544   440          
PB4     1900   528   438   379   501   516   505   303   406   379   375          
PB4     1910   531   574   444   428   322   362   689   583   589   512          
PB4     1920   466   470   543   657   662   597   604   319   372   448          
PB4     1930   353   572   667   554   385   533   420   505   461   499          
PB4     1940   364   516   606   435   504   559   425   304   297   219          
PB4     1950   313   355   449   413   553   917   806   820   802   809          
PB4     1960   846   694   623   592   666   582   693   781   640   695          
PB4     1970   728   733   688   431   489   480   367   441   733   520          
PB4     1980   578   615   416   525   290   364   318   509   541   495          
PB4     1990   521   473   454   545   511   605   371   353   258   311          
PB4     2000   271   242   250   215   223   300   356   248   291 -9999          
PB5     1769  2435                                                                
PB5     1770  2028  1597  2279  1829  1781  1597  1788  1506  1446  2134          
PB5     1780  2356  2324  2046  2372  2160  2153  1874  1971  2145  2436          
PB5     1790  1793  2018  2217  1655  2155  2209  2155  1557  1895  1843          
PB5     1800  2550  2977  2127  3166  2811  2587  2201  2336  1873  1843          
PB5     1810  1738  1970  1646  1467  1693  1321  1262  1327  1655  2062          
PB5     1820  1465  1617  1769  1765  1899  1844  1970  2016  1928  2098          
PB5     1830  1935  2391  2484  2179  2989  2548  2031  1919  1737  1845          
PB5     1840  1900  1732  2255  2227  1697  1626  1696  1763  1456  1445          
PB5     1850  1359  1239  1685  1388  1450  1080  1142  1414  1433  1306          
PB5     1860  1315  1167  1497  1898  2136  1965  1300   990  1205  1048          
PB5     1870  1218  1114   966   875   908   975  1102  1020   971   720          
PB5     1880   786   962  1063   664   739   694   840   954   910  1074          
PB5     1890   921   750   800   985   845   669   838   750   752   747          
PB5     1900   714   662   403   510   587   523   410   500   588   849          
PB5     1910   798   745   571   660   838   814   754   753   758   766          
PB5     1920   669   893   938  1005   871   837   888   859   774   934          
PB5     1930  1000   954   994  1240  1208  1133  1035  1022   937   934          
PB5     1940   837   982   754   684   724   775   877  1052  1120  1289          
PB5     1950  1285  1162  1171  1167  1330  1691  1289  1618  1420  1764          
PB5     1960  1609  1197  1022   796  1124   997   967   834   829   873          
PB5     1970   926  1067  1154  1171  1144  1248  1209  1026   982   977          
PB5     1980  1173  1148  1193  1276  1149   853   744   706  1074  1216          
PB5     1990  1020  1123   889   984   967  1118  1091   971   626   796          
PB5     2000   770   692   850   644   672   521   747   619   728 -9999          
PB8     1764  1324  1287  1092  1215  1050  1121                                  
PB8     1770   630   532   461   560   791  1073  1522  1274   884  1199          
PB8     1780  1915  1918  1796  1574  1031  1166  1592  1055   969  1052          
PB8     1790   968   969  1107   839   697   839   950   904  1133  1127          
PB8     1800  1319  1669  1856  1571  1872  1816  1528  1651  1095  1218          
PB8     1810  1394  1483  1746  1646  2023  1993  1785  1549  2054  2551          
PB8     1820  1989  1864  2184  2239  2491  2993  3204  3361  4306  4250          
PB8     1830  3482  3538  1900  1955  2336  2190  1791  2345  2062  1892          
PB8     1840  1796  1644  1505  1508  1375  1478  1351  1309  1217  1220          
PB8     1850  1034  1266  1403  1790  1820  1722  1937  2187  2100  2237          
PB8     1860  2048  2162  2058  2047  2266  2428  2271  1799  1641  1829          
PB8     1870  1799  2581  1781  2011  1727  1509  1487  1028  1152   889          
PB8     1880  1078   995  1185   837   962   772   833  1113  1328  1432          
PB8     1890  1598  1382   998  1365   796   626   749   776  1145  1147          
PB8     1900  1104  1347  1067   892  1022  1047   501   673   870  1151          
PB8     1910  1149  1495  1063   756   840  1373  1730  1617  1616  1426          
PB8     1920   940  1051   921   896  1261  1587  1297  1379  1010  1426          
PB8     1930  1888  1799  1310  1852  1748  1193  1482  1521  1209  1091          
PB8     1940   858  1152  1233  1062   951   603   863   608   508   617          
PB8     1950   664   656   596   788   910   963   775   573   647   744          
PB8     1960  1085   905   972   967  1179   943   983  1189   815   769          
PB8     1970  1070  1017   984  1067  1050  1058  1190  1020  1080  1148          
PB8     1980  1065  1016  1136  1065   931   843   889   956  1361  1374          
PB8     1990  1459  1523  1456  1229  1331  1493  1237  1120   879  1046          
PB8     2000  1099  1196   862 -9999                                              
PB9     1844   868  1659  2400  2705  1932  2214                                  
PB9     1850  1946  1819  2130  1798  1723  1241  1584  1458  1915  2085          
PB9     1860  1902  2043  1530  1206  1386  2092  1865   869   597   724          
PB9     1870  1262  1681  1563  1658  1644  1212   798   683   816   518          
PB9     1880   547   601   504   391   684   678   936  1165  1422  1158          
PB9     1890  1205  1214  1085  1155   880   767  1168  1050  1382  1079          
PB9     1900  1376  1180  1289  1323  1385  1077   498   404   446   497          
PB9     1910   682   735   813   791   649   888   748   618   736   564          
PB9     1920   617   612   886  1109   948   705   736   582   431   408          
PB9     1930   565   588   700   591   663   982   858   575   756   713          
PB9     1940   473   483   565   602   538   504   524   450   750   820          
PB9     1950   765   664   727   654   782   816   677   686   696   765          
PB9     1960   722   655   822   823   911  1003   747   843   452   406          
PB9     1970   776  1294  1141  1384  1131   928  1075  1018   880  1103          
PB9     1980  1014  1096  1321  1257  1149   934   890  1143  1444  1605          
PB9     1990  1475  1474  1236  1108   851  1030   693   947   665   764          
PB9     2000  1047   882   809   577   501   467   766   957  1413 -9999          
PB10    1845  1938  2595  3249  3113  3149                                        
PB10    1850  3614  3821  4282  3219  3081  3174  2720  2206  2584  3335          
PB10    1860  2680  2480  2293  2573  2738  2427  2021  1015  1172  1621          
PB10    1870  1917  2250  2701  2202  1792  1590   925   447   352   258          
PB10    1880   343   274   369   213   367   299   442   670   717  1050          
PB10    1890  1065   946   635  1109  1294  1724  1472  1496  1573  1401          
PB10    1900  1381  1466  1123  1551  1837  1452  1133   523   453   452          
PB10    1910   590   638  1375  1292  1132  1248  1240   723  1052   725          
PB10    1920   742  1050  1134  1282  1472   967   783   733   483   415          
PB10    1930   710   752   753   484   706   902   550   747  1023   799          
PB10    1940   622   809  1102  1216  1395  1252  1117   592   674   906          
PB10    1950   514   485   580   535   888  1178   748   848  1038   950          
PB10    1960   644   716   915   705   802   767   728   755   560   245          
PB10    1970   386   535   653   634   715   994  1203   811   793   683          
PB10    1980  1209  1597  1316  1434  1767  1869  2065  2312  2075  1987          
PB10    1990  1705  1625  1658  1192   946  1145   868  1057   801  1413          
PB10    2000  1380  1002   972   997   884   758   695   857  1502 -9999          
PB11    1857  1720  1195  1069                                                    
PB11    1860  1251  1122  1171  1104  1443  1068  1050   581  1081   821          
PB11    1870   921   932  1446  1494  1078   810   591   677   455   194          
PB11    1880   634   566   542   517   607   528   599   646   722   858          
PB11    1890   696   678   666   725   543   602   886   954   854   639          
PB11    1900   442   741   912  1200  1243  1024   586   450   560   526          
PB11    1910   722   723   574   556   565   459   742   587   793   367          
PB11    1920   634   718   787  1022   814   773   548   532   423   593          
PB11    1930   865   770   845  1050   830   991   971   701   776  1519          
PB11    1940  1019  1213  1339  1373  1336   986  1035   476   644  1231          
PB11    1950   775   658  1191  1191  1647  1934  1170  1505  1630  1286          
PB11    1960  1006   762  1091  1106  1284  1040  1008  1132   690   645          
PB11    1970   894  1386  1453  1614   987  1236  1301  1040  1233  1139          
PB11    1980  1481  1723  1037   898   500   859  1011  1054  1249  1075          
PB11    1990   736  1247  1162  1158  1279  1764  1141  1324  1079  1826          
PB11    2000  1738  1470  1266  1247  1102   877   813   894  1324 -9999          
PB12    1845  1228  1203  1462   954  1681                                        
PB12    1850  1573  2364  2420  2560   756   745  1001   979  1265  1311          
PB12    1860  1381  1074  1188  1344  1385   830  1142   843   892   891          
PB12    1870  1244  1644  1531  1443  1192  1115   852   701   775   701          
PB12    1880   811   860   961   739  1019   998   912  1227  1436  1533          
PB12    1890  1747  1653  1250  1225   976   750   948  1332  1518  1292          
PB12    1900  1071  1039  1148  1111  1343  1158   636   771   714   706          
PB12    1910   672   829   892   569   909   697   906   761   782   592          
PB12    1920   631   834   729   843   647   710   547   459   468   521          
PB12    1930   483   630   638   604   459   739   633   487   278   338          
PB12    1940   348   425   299   436   382   406   502   314   339   388          
PB12    1950   286   241   304   341   344   593   524   547   713   696          
PB12    1960   551   394   604   524   940   660   720   904   581   561          
PB12    1970   691   947   896   847   712   740   795   748  1023  1225          
PB12    1980  1468  1170  1046  1027   850   701   855  1093  1059  1109          
PB12    1990   902  1027   935   921   617   697   633   754   536   440          
PB12    2000   483   413   309   295   338   238   437   496   673 -9999          
PB13A   1855   763   893   638   990  1500                                        
PB13A   1860  1357  1074  1115  1010   745   704   545   535  1056  1149          
PB13A   1870  1445  1232  1555  1568  1341  1294   947   727  1256   552          
PB13A   1880   969   700   904   507   701   571   860   874   769   970          
PB13A   1890   869   715   803  1026   662   493   767   885   692   943          
PB13A   1900  1094   998   933  1413  1118  1080   727   550   625   693          
PB13A   1910  1338   978  1222  1223  1156   977  1424  1107  1370   791          
PB13A   1920  1006   851   976  1350  1102   996   761  1245   849   634          
PB13A   1930   655   566   832   597   538   532   386   217   428   443          
PB13A   1940   296   419   576   565   600   430   621   258   534   790          
PB13A   1950   653   568   643   755   831  1100   742   741  1282  1121          
PB13A   1960   547   505   772   639   577   367   438   485   422   169          
PB13A   1970   215   293   292   287   300   286   393   300   292   370          
PB13A   1980   725   663   418   394   288   378   394   503   800   931          
PB13A   1990   832   636   544   586   572   503   467   410   381   379          
PB13A   2000   773   486   286   285   230   171   215   279   462 -9999          
PB13B   1855   743   911   663   740  1134                                        
PB13B   1860   950   980   864   915   719   741   671   622  1048   878          
PB13B   1870  1046   893   799  1014  1223   756   722   681  1012   561          
PB13B   1880   764   604   879   441   475   635   785   976   848  1019          
PB13B   1890   984   769   796   983   873   540   722   925   639  1035          
PB13B   1900   899  1253   851   960   742   670   476   576   363   469          
PB13B   1910  1031   887   816   737   663   748   996   646   803   465          
PB13B   1920   549   692   711   867   832   601   370   652   561   453          
PB13B   1930   446   534   634   565   349   549   487   292   369   380          
PB13B   1940   263   455   408   379   419   333   492   187   561   968          
PB13B   1950   554   380   456   616   487   693   427   540   428   553          
PB13B   1960   322   196   414   324   408   389   361   438   344   122          
PB13B   1970   387   423   315   266   294   281   330   417   468   477          
PB13B   1980   649   652   535   560   380   518   404   391   541   395          
PB13B   1990   178   318   407   465   318   551   341   303   338   374          
PB13B   2000   581   424   371   297   222   159   260   214   425 -9999          
PB14A   1839  1312                                                                
PB14A   1840  1406  1499  1655  1234  1177  1257  2285  2524  2292  3520          
PB14A   1850  2949  3028  3199  2510  2160  1566  2121  2086  2136  1847          
PB14A   1860  1692  1677  1419  1589  1461   953   975   682   996  1072          
PB14A   1870  1408  1194  1329  1197  1102  1069  1016   790  1338   826          
PB14A   1880  1276   651  1102   896   835   831   678   903   659   686          
PB14A   1890   923   880   797   785   836   826  1271  1215  1275   862          
PB14A   1900   964  1106  1231  1242  1160   905   539   517   443   323          
PB14A   1910   676   667   897   877   740   344   545   560   570   453          
PB14A   1920   543   639   644  1194  1978  1397  1084  1018   693   662          
PB14A   1930   605   575   554   464   426   631   657   781  1234  1135          
PB14A   1940   728  1142  1079  1299  1186  1336  1069   353   672  1211          
PB14A   1950  1123   739   647   778  1003   846   718   603   719   634          
PB14A   1960   479   418   517   350   376   317   297   425   267   147          
PB14A   1970   214   486   350   386   384   430   517   619   853   863          
PB14A   1980  1162   817   536   643   451   299   352   645   720   699          
PB14A   1990   549   374   185   266   251   283   174   196   163   240          
PB14A   2000   312   248    58   110   182    87   258   233    77 -9999          
PB14B   1839  1510                                                                
PB14B   1840  1355  2209  2049  2346  1977  1845  1554  1783  1671  2045          
PB14B   1850  1570  1821  1645  1145  1521  1137  1191   845   835  1058          
PB14B   1860  1015  1395  1703  2344  2291  1175  1082   989  1394  1238          
PB14B   1870  1104   720   839   810  1103   986   925   551  1085   619          
PB14B   1880  1099   569   874   586   594   709   730  1081   658   677          
PB14B   1890   712   648   784   762   627   643  1020  1089   959   544          
PB14B   1900   500   649   723  1019   970   838   580   454   323   327          
PB14B   1910   276   326   729   787   413   300   272   299   382   435          
PB14B   1920   435   699   660   535   452   373   327   356   211   166          
PB14B   1930   226   251   151   193   224   391   257   250   467   609          
PB14B   1940   474   705   689   339   310   347   393   185   433   488          
PB14B   1950   566   440   314   350   427   459   495   457   587   780          
PB14B   1960   716   521   635   583   424   557   682   798   523   292          
PB14B   1970   264   411   419   298   327   302   323   332   410   298          
PB14B   1980   528   568   548   881   399   457   479   554   509   501          
PB14B   1990   383   363   204   257   221   209   206   151   170   194          
PB14B   2000   437   238   158   120   151   159   212   184   348 -9999          
PB15A   1880   151   201   506   546   719   485   463   803   772   710          
PB15A   1890   937   810   947  1253  1047  1074  1114  1092  1098   926          
PB15A   1900  1257  1003   970  1138  1003   964   661   710   766  1159          
PB15A   1910  1172   911   931   538   711   963  1011   867   771   561          
PB15A   1920   703   939   931   994  1027  1162   745   554   402   582          
PB15A   1930   576   802   988   794   873   913   833   894   922  1329          
PB15A   1940   897  1044  1030  1255  1016   894   830   472   906   974          
PB15A   1950   744   694   961  1014  1584  1116   858  1042   915  1115          
PB15A   1960   961   698   883   602   933   778   715   961   624   379          
PB15A   1970   698  1056  1256  1313  1033  1072  1371  1071  1005  1152          
PB15A   1980  1321  1540   966   987   727   745   801  1045  1158  1175          
PB15A   1990   758  1140  1576  1620  1566  1721  1095  1230   838  1125          
PB15A   2000  1163   950   910   708   700   556  1013 -9999                      
PB15B   1878   357   225                                                          
PB15B   1880   420   525   792   507   473   490   506   490   746   828          
PB15B   1890  1322  1248  1271  1121  1221   826   913   750   709   655          
PB15B   1900   888   859  1027   915   990   911   654   570   731   889          
PB15B   1910   778  1342  1184  1004  1006  1065  1301  1028   678   655          
PB15B   1920   656   848   786   977  1309  1504  1094   992   753   773          
PB15B   1930   961  1205   963   744   730   953  1025  1103  1637  1519          
PB15B   1940  1134  1081  1125  1199  1040   676   788   419   714  1139          
PB15B   1950   734   801   891   803  1223  1228   916  1116   884   845          
PB15B   1960   766   934  1152  1096  1444  1219  1024  1193   807   589          
PB15B   1970   853   993   959  1172  1002   934   742   580   761  1099          
PB15B   1980  1272  1740  1013  1250   914   747   930  1132  1281  1297          
PB15B   1990   757   931  1244  1102  1071  1411   931 -9999                      
PB16    1829  3079
PB16    1830  3060  2454  2769  3111  4690  4347  3325  3636  3623  3038
PB16    1840  2617  1885  2448  3416  3432  3203  3321  3968  3417  3421
PB16    1850  3361  3457  4260  3012  3058  2798  2095  2095  2828  3181
PB16    1860  2582  3240  3542  3349  3155  2766  2135  1348  2201  2279
PB16    1870  2800  2321  2420  2591  2540  3170  1852   637  1067   479
PB16    1880   688   780  1389   838  1227  1237  1680  2085  1832  2097
PB16    1890  2493  2212  2145  2038  1948  1988  2527  2718  1612  1169
PB16    1900   998  1227   957  1057  1234  1210   630   392   326   388
PB16    1910   312   295   792   575   421   422   476   485   377   353
PB16    1920     0     0   421   690   668   693   615   556   282   301
PB16    1930   190   307   296   234   240   175   206   217   188   234
PB16    1940    99   191   193   183   179   114   131   298   178   176
PB16    1950   256   226   235   199   120   288   258   208   194   172
PB16    1960   139   147   156   214   165   160   187   208   126   131
PB16    1970   309   377   268   248   234   290   327   265   283   270
PB16    1980   484   783   841   530   592   262   194   271   276   333
PB16    1990   381   256   263   278   283   372   257   209   184   213
PB16    2000   253   227   219   194   255   286   230   292   315 -9999
PB17    1827  1125   959  1220                                                    
PB17    1830   561   463   624   731   876  1179   793  1015   896   821          
PB17    1840   615   753   734   880  1225  1223   870  1471   986   740          
PB17    1850   986  1161   878   942  1023   551   757   892   964  1198          
PB17    1860  1182  1409  1525  1365  1164   789   832   562   895  1159          
PB17    1870  1495  1353  1536  1267  1305  1145   878   731   922   664          
PB17    1880  1230   920   858   563   700   686   825   836   798   886          
PB17    1890   949   957   784   981   752   535   331   590   611   446          
PB17    1900   591   620   582   735   734   586   498   504   406   440          
PB17    1910   457   504   316   270   428   410   337   278   377   374          
PB17    1920   440   401   444   698   598   677   403   368   334   500          
PB17    1930   483   520   670   543   440   426   394   449   436   546          
PB17    1940   498   537   467   504   545   505   446   430   598   760          
PB17    1950   509   423   548   444   534   722   553   520   461   542          
PB17    1960   428   358   584   644   639   608   702   806   511   412          
PB17    1970   339   532   503   439   529   564   545   508   523   538          
PB17    1980   627   709   580   736   584   455   515   847   981  1063          
PB17    1990   775   772   665   624   585   877   561   544   378   433          
PB17    2000   669   551   522   467   593   386   633   584   479 -9999          
PB19    1681   676   666   690   568   453   450   523   346   338                
PB19    1690   261   337   324   356   388   328   392   338   252   168          
PB19    1700   317   432   420   425   310   412   479   550   521   844          
PB19    1710   735   622   694   546   645   676   560   497   538   607          
PB19    1720   651   480   452   526   691   728   891   986   735   851          
PB19    1730   908   803   662   858   813   645   656   610   605   607          
PB19    1740   769   728   728   697   675   560   528   459   484   580          
PB19    1750   601   647   809   871  1023  1200   989  1057  1107   795          
PB19    1760   884   872   913  1066   892   899   879   787   684   602          
PB19    1770   467   431   534   559   530   577   703   583   604   621          
PB19    1780   814   711   514   666   711   689   464   442   384   432          
PB19    1790   434   340   312   342   445   332   290   209   299   234          
PB19    1800   250   170   162   202   235   197   183   286   242   279          
PB19    1810   313   338   435   464   372   383   396   430   448   542          
PB19    1820   376   265   244   216   327   433   430   404   321   551          
PB19    1830   385   531   512   515   643   654   626  1032  1135   904          
PB19    1840   707   395   435   400   431   460   543   545   516   525          
PB19    1850   564   555   546   543   451   359   595   479   495   566          
PB19    1860   467   524   498   532   668   808   754   361   502   487          
PB19    1870   506   654   580   506   500   423   422   359   395   265          
PB19    1880   345   349   313   213   209   240   277   297   274   309          
PB19    1890   407   471   230   397   293   194   190   264   236   211          
PB19    1900   333   368   237   338   311   308   158   192   279   312          
PB19    1910   314   346   398   277   310   252   431   371   401   311          
PB19    1920   232   299   282   297   223   232   143   179   112   135          
PB19    1930   203   244   228   259   297   248   314   354   279   322          
PB19    1940   364   446   408   403   426   349   328   226   321   326          
PB19    1950   325   276   415   397   473   468   455   446   483   643          
PB19    1960   542   391   504   521   669   522   570   623   507   567          
PB19    1970   746   710   888   956   729   689   565   576   608   702          
PB19    1980   602   704   724   741   620   595   791   809   728   650          
PB19    1990   641   659   700   699   788   762   654   445   391   459          
PB19    2000   580   666   619   578   549   387   505   467   539 -9999          
PB20    1892  2141  2268  2236  2100  2684  3358  2945  2672                      
PB20    1900  1636  1679  1132  1475  1570  1553  1589  1392  1566  1979          
PB20    1910  2129  2812  2046  1885  2366  2132  1843  1477  1698  1524          
PB20    1920  1347  1550  1876  2247  2496  2151  1390  1254   932  1180          
PB20    1930  1506  1770  1620  1436  1048  1459  1282  1277  1393  1468          
PB20    1940  1371  1937  1993  1352  1140   881   977   764   987  1298          
PB20    1950  1291  1006  1466  1458  2038  2557  1743  1555  1643  2097          
PB20    1960  1328  1254  1447  1834  1912  1894  1847  2107  1374  1132          
PB20    1970  1126  1753  1335  1456  1217   914   761   419   240   249          
PB20    1980   401   675   865   637   607   454   453   626   548   601          
PB20    1990   608   887   726   822   949  1031  1058  1222   811   964          
PB20    2000  1476  1142   809   654   504   459   550   765   783 -9999          
PB21    1860  1566  1823   885   668  1466  1489  1766  1877  2243  2115          
PB21    1870  2922  2035  1957  2060  1761  1447  1299  1032  1821  1508          
PB21    1880  1643  1300  1281  1344  1721  1383  1702  1468  1310  1333          
PB21    1890  1826  1590  1701  2049  1039   621   661   711   953   786          
PB21    1900   908   943  1020  1313  1922  1165   902   575   745   907          
PB21    1910  1141  1360  2610  2294  1666  1686  1820  1181  1514   962          
PB21    1920   686  1106  1178  2206  2556  2109  1321  1323  1326  1125          
PB21    1930  1705  1986  1619  1420  1567  2814  2840  2725  2527  2280          
PB21    1940  1727  2253  2549  2006  1558  1193  1499  1221  1390  1917          
PB21    1950  1417  1565  1528  1876  2072  2182  1351  1481  1465  2070          
PB21    1960  1657  1786  2267  1725  2203  1882  1555  2564  2008  1794          
PB21    1970  1490  1897  1721  1856  1907  2063  1571  1464  1950  2036          
PB21    1980  3199  3681  2907  2530  2127  1378  1350  1687  1840  2285          
PB21    1990  1984  1558  1276  2232  2981  3301  2093  2315  1247  2116          
PB21    2000  1567  1316  1152  1090   853   780   753   855  1888 -9999          
PB22    1837  1337  1300  1537                                                    
PB22    1840  1571   867   935   721  1101  1347  1531  2898  2333  2863          
PB22    1850  2928  2697  3537  2910  2590  2060  2004  2025  2374  2181          
PB22    1860  1921  2468  2590  1751  1694  1860  1707  1406  1739  1818          
PB22    1870  2371  2668  2906  2767  2895  2073  1553   850   734   487          
PB22    1880   514   416   774   559   663   888  1045  1573  1735  2001          
PB22    1890  2255  1647  1179  1470  1526  1218  1672  1455  1635  1384          
PB22    1900  1467  1782  1841  2766  3457  2311  1461   936   688   598          
PB22    1910   776  1280  1475  1303   854   936   883   746  1077   732          
PB22    1920   734  1252  1141  1311  1366  1492  1402  1321   974  1115          
PB22    1930  1216  1419  1672  1643  1327  1741  1366  1350  2115  1932          
PB22    1940  1285  1590  1533  1856  1140   630  1108   504   458   747          
PB22    1950   600   698   923   956  1425  1746   973   966  1422  1771          
PB22    1960   991  1162  1123   944  1359   839  1036  1191   819   729          
PB22    1970   836  1198  1174  1202  1686  1840  2554  1521  1700  1603          
PB22    1980  2204  2338  1828  2088  2039  1327  1248  1217  1559  1714          
PB22    1990  1273  1583  1684  1348  1388  1710  1475  1757  1399  1666          
PB22    2000  1951  1609  1898  1800  1926  2180  2016  2330  2741 -9999          
