INL01   1775   445   722   413   432   519
INL01   1780   637   486   419   584   442   452   606   756   768   788
INL01   1790   781   997   898   728   855   865   563   585   465   362
INL01   1800   482   586   640   643   700   683   659   606   334   593
INL01   1810   700  1067  1081  1150  1029   924   497   602   559   701
INL01   1820   459   562   505  1111  1845  2233  1443  1147  1070  1191
INL01   1830  1194  2611  2184  1692  2174  1520  1484  2015  2302  1874
INL01   1840  1734  1897  1673  1654  1319  1389  1264  1845  1848  1167
INL01   1850  1274  1263  1216   951   820   582   743   917   766   712
INL01   1860   571   648   808   787   765   712   690   575   786   670
INL01   1870   543   801  1069  1040  1328  1236  1122  1008  1199   728
INL01   1880   671   551   825   511   672   652   619   683   596   729
INL01   1890   943   891   965  1181   733   529   744   657   636   627
INL01   1900   786  1002   818  1129  1340  1398  1325   570   218   373
INL01   1910   449   482   383   462   745   717   778   618   778   789
INL01   1920   611   667   664   800   990  1161  1046  1142  1040  1449
INL01   1930  1388  1185  1119  1301  1048   978  1087  1301  1115  1462
INL01   1940  1244  1238  1265  1288  1168  1086  1114  1048  1123  1198
INL01   1950  1183  1215  1591  1112   607   815   846   764   464   539
INL01   1960   749   651   704   697  1025   607   772   920   576   742
INL01   1970   947   899  1010   936  1411  1134  1749  1333  1078  1048
INL01   1980   659   778  1035  1178  1291   967  1025  1618  1639  2008
INL01   1990  2139  2270  1625  1124  1209  1161   848   863   877   942
INL01   2000   802  1165  1667  1250  1391  1691   923   947   946  1135
INL01   2010   689   947 -9999
INL02   1677  1582  1309  1918
INL02   1680  2649  3020  2539  2458  1733  1718  1774  1688  1912  2353
INL02   1690  2310  2786  2598  2950  2459  2064  1809  1681  1396  1335
INL02   1700  1324  1123  1017   847   709   540   700  1038  1080  1175
INL02   1710  1525   677   741   646  1164  1715  1145  1312   985  1401
INL02   1720  1713  1565  1973  1218   453   776  1228  1568  1453  1168
INL02   1730  1463  1464  1350  1884  2081  1944  1764  1634  2033  1495
INL02   1740  1454  1523  1838  1541  1421  1379  1216  1271  1338   593
INL02   1750   339   385   375   448   275   426   526   741   799   976
INL02   1760   973  1350  1027   998   860   830   990   788   969  1215
INL02   1770   649   506   783   606   616  1312  1744  1224   954  1125
INL02   1780  1472  1213  1041  1169  1009   881   943   780   538   494
INL02   1790   386   515   494   291   429   343   334   396   457   596
INL02   1800   769   801   906  1057   935   725   672   555   437   620
INL02   1810   736   577   682   843   930   801   639   769   661   715
INL02   1820   571   853  1525  1504  1969  2256  1567  1334  1259  1355
INL02   1830  1503  1375  1270  1027   878  1122  1098  1001   980   916
INL02   1840   756   809   628   617   533   532   612   923   874   669
INL02   1850   827  1175  1177   978   925  1063   990  1128  1041   925
INL02   1860  1009  1223  1117  1541  1530  1287   981   861   880   702
INL02   1870   567   710   728   754  1032  1092   823   515   739   548
INL02   1880   718   482   591   525   634   560   512   484   629   692
INL02   1890   639   990   852  1012   671   610   541   477   414   361
INL02   1900   382   477   382   435   530   746   518     0     0     0
INL02   1910     0     0    96    64   137    64    84   127   149   191
INL02   1920   235   224   288   383   458   522   565   353   192   298
INL02   1930   459   500   588   563   467   468   520   543   449   594
INL02   1940   585   724   767   617   470   341   371   489   489   392
INL02   1950   320   360   395   266    96    86   253   213   307   382
INL02   1960   307   232   212   287   370   223   254   244   169   371
INL02   1970   341   341   361   478   648   489   510   522   552   490
INL02   1980   318   235   287   440   512   493   466   573   667   668
INL02   1990   593   551   604   445   413   519   425   413   403   466
INL02   2000   508   551   540   445   455   414   477   593   785   943
INL02   2010   964   901 -9999
INL03   1689  2273
INL03   1690  2444  2385  1775  2127  1716  1303  1033  1298  1186  1464
INL03   1700  1692  1214  1178  1155  1223  1492  1288  1743  1168  1460
INL03   1710  2050  1886  2097  1696  1724  2082  1714   966   857  1276
INL03   1720  1367  1189  1137  1059   982  1505  2083  2423  1298   983
INL03   1730   841   675   604  1036  1539  1821  1640  1499  1674   793
INL03   1740   509   814   829   876   919  1184  1467  1758  1273  1122
INL03   1750  1440  1164  1052  2138  2521  2651  2216  2197  1566  1967
INL03   1760  1626  1365  1398  1447   913   794  1021  1007  1065  1240
INL03   1770  1283  1178  1222   867   904   938  1165  1296  1154  1888
INL03   1780  1184  1018   754  1008  1005  1111   900   878   680   763
INL03   1790   701   693   596   404   625   743   535   512   561   438
INL03   1800   722   672  1010  1466  1660  1615  1271   951   651   517
INL03   1810   955   933  1039  1057  1031   831   627   829   930   996
INL03   1820   968  1093  1372  1387  1496  1601  2163  2370  2031  1363
INL03   1830  1260  1696  1265  1394  1953  2166  1466  1347   859   673
INL03   1840   509   525   489   580   650   546   400   613   597   710
INL03   1850   961  1060   908   616   352   194   353   546   541   568
INL03   1860   585   926   963  1272  1265  1275  1316  1558  2670  1932
INL03   1870  2207  2079  1412  1103  1201   959  1006   768   908   560
INL03   1880   634   395   678   332   416   470   547   636   542   521
INL03   1890   390   533   629   794   336   282   273   195   490   706
INL03   1900   771   803   578   652   791   542   436   127   180   233
INL03   1910   385   511   543   467   511   361   426   435   383   414
INL03   1920   371   412   244   317   244   317   424   349   243   466
INL03   1930   487   529   402   423   456   656   603   741   899   805
INL03   1940   635   772   656   487   435   573   435   520   319   424
INL03   1950   467   435   478     0     0     0     0     0     0     0
INL03   1960   191   127    84   117   137   149   149   108   139   258
INL03   1970   171   203   218   339   255   382   222   318   298   222
INL03   1980   191   169   222   276   222   201   276   307   308   307
INL03   1990   571   393   297   287   350   414   477   487   169   328
INL03   2000   244   382   338   299   269   298   413   350   350   361
INL03   2010   307   361 -9999
INL04   1777   941  1099  1518
INL04   1780  1596  1654  1869  1974  1850  1891  1872  2431  2500  2036
INL04   1790  1666  1942  1337  1005   689  1114   770   636   566   525
INL04   1800   603   602   717   683   573   549   676   716   657   639
INL04   1810   675   741   933   760   847   763   760  1202  1255  1343
INL04   1820   891   881  1214  1148  1225  1172  1227  1269  1291  1246
INL04   1830  1528  1536   920   878  1094  1332  1219  1276  1252  1350
INL04   1840  1297  1629  1414  1475  1528  1830  2384  2231  1985  1550
INL04   1850  1587  1545  1833  1193  1093  1007   859  1400  1272   998
INL04   1860   912  1123  1176  1706  1653  1336  1190  1175  1810  1312
INL04   1870  1185  1037  1006   825  1154  1323  1059   668  1080  1028
INL04   1880  1027   848   923   901   890   838   859   990   977  1107
INL04   1890  1275   777   755   956   756   596   563   489   631   682
INL04   1900   769   928   641   833  1143  1183  1343   943   670   811
INL04   1910   771   896   845   996   822   938   874   745  1023  1069
INL04   1920   776   808   864   971   986  1178  1207   738   758   844
INL04   1930   801   717   822   908   995   936   893   808   818  1042
INL04   1940  1000   993   889  1143   995   804   720   762   571   657
INL04   1950   773   826   974   720   550   815   730   763   582   816
INL04   1960   614   392   508   593   740   646   667   571   540   614
INL04   1970   645   657   730   773   881   938   964   562   784   848
INL04   1980   699   774   731   879  1017   807   838   997  1071  1008
INL04   1990  1335  1496   996  1083  1166  1283  1147  1236   911  1145
INL04   2000  1049  1007  1262  1166  1028  1049  1028  1092  1133  1092
INL04   2010  1209  1175 -9999
INL05   1666  2758  1992  2319  2791
INL05   1670  1984  2059  1571   957   839   463   452   430   668   879
INL05   1680   945  1095  1380  1594  1413  1467  2230  2561  1955  2051
INL05   1690  1763  2178  1796  1798  1902  1802  1619  1961  2122  2505
INL05   1700  2535  2139  2421  2366  2065  1641  1758  1726  1852  2181
INL05   1710  2118  1514  1716  1726  1811  2456  2466  1514  1555  1831
INL05   1720  1630  1609  1492  1069   710  1165  1748  1622  1080  1038
INL05   1730  1091  1102  1102  1313  1665  1682  1346  1154  1896  1578
INL05   1740  1282  1632  1219  1325  1148  1145  1251  1092   773   679
INL05   1750   689  1144  1378  1293   932   964   784   710   594  1158
INL05   1760  1177  1517  1072  1347  1421  1337  1474  1348  1527  1675
INL05   1770  1166   488   743   710   689   679   776   601   620   567
INL05   1780   674   513   545   750   952  1091   869   973  1005   971
INL05   1790   892   765   829   711  1148   910   846   593   688   593
INL05   1800   561   614   551   798   701   691   786   861   669   783
INL05   1810  1071  1243  1575  1414  1286  1138   940   894   905   937
INL05   1820   617   713   693   926  1405  1370   728   898  1326   844
INL05   1830  1241  1453  1335  1676  1521  1123   786   907  1078  1361
INL05   1840  1556  1557  1291  1099  1143  1046   782   878  1457  1348
INL05   1850  1256  1235  1038   862   939   919   993  1278  1266  1175
INL05   1860  1066  1173   989  1296  1276   976   994   844   982   919
INL05   1870   902   839   765   648   637  1041  1165   929   825   672
INL05   1880   693   509   573   326   470   435   490   459   478   521
INL05   1890   590   575   457   552   488   475   485   334   345   483
INL05   1900   571   776   527   696   937   804   741   696   817   878
INL05   1910   891  1085  1147  1125  1211   955  1202   917   910  1016
INL05   1920   644   877   739   761   546   901   991   777   648   733
INL05   1930   765   786   724   710   604   626   614   933   678   762
INL05   1940   784   805   700   700   763   741   682   667   520   498
INL05   1950   360   509   476   425   487   647   543   513   480   480
INL05   1960   352   235   342   431   610   449   491   482   331   483
INL05   1970   440   465   416   331   353   299   278   277   374   437
INL05   1980   300   353   331   289   266   266   352   427   374   287
INL05   1990   245   204   172   169   180   287   201   191   127   201
INL05   2000   254   213   201   148   137   180   286   233   169 -9999
INL06   1782   533   903   703   766   574   457   426   585
INL06   1790   658   768   864   884  1407  1482   822   405   278   565
INL06   1800  1117   779   729   674   879   773   631   709   543   437
INL06   1810   415   522   586   518   392   529   466   338   498   783
INL06   1820   741   838   880   795   859  1070   732   955   955   849
INL06   1830   750   785  1131   848  1009   886   571   420   347   305
INL06   1840   349   456   588   806   675   637   812   920  1158  1060
INL06   1850   932   897   778   623   886   842   648   822   778   712
INL06   1860   606   626   712   927  1002   925   915   770  1079   920
INL06   1870  1081   761   847   694  1012  1066   863   555  1056   816
INL06   1880   909   404   366    77   191   197   278   399   385   466
INL06   1890   378   374   298   512   620   408   422   432   559   678
INL06   1900   742   932   682  1103  1231  1124   766   486   506   543
INL06   1910   857   924   937   657   752   598   479   340   354   316
INL06   1920   206   162   195   252   226   293   488   424   195   302
INL06   1930   549   511   536   447   398   378   476   562   563   621
INL06   1940   447   622   644   718   756  1049   944  1009   623   998
INL06   1950   758   680   741   597   490   698   501   567   467   722
INL06   1960   506   308   285   386   593   573   493   714   586   620
INL06   1970   551   539   593   540   317   191   181   169   127   222
INL06   1980   180   212   190   254   297   222   201   328   339   487
INL06   1990   349   477   532   405   447   563   394   521   394   746
INL06   2000   865   890   924   838   870   968  1277  1486  1416  2152
INL06   2010  2014  2113 -9999
INL07   1657  3737  3558  3271
INL07   1660  3537  3220  2832  2855  2289  1096  1731  1811  2292  2356
INL07   1670  2861  3246  2392  2049  1698  1573  1094   592  1152  1505
INL07   1680  1301   980  1099  1721  1477  1637  1554  1735  1435  1467
INL07   1690  2200  2599  2434  2103  2112  1555  1843  1861  1864  1887
INL07   1700  2157  1272  1361  1764  1949  1636  1771  1624  1872  2010
INL07   1710  2110  1683  1657  1213  1251  1509  1289  1204  1507  1581
INL07   1720  1439  1045   812   599   696   812  1122  1882   901   679
INL07   1730   552   605   711   827  1104   923   891   911   953   508
INL07   1740   340   445   508   551   561   561   666   593   561   561
INL07   1750   857   773   719   953   921   825   710   731   785  1059
INL07   1760   848  1145   985  1488  1526  1303  1346  1102   870  1027
INL07   1770   794   620   675   416   450   374   658   518   260   441
INL07   1780   376   473   518   732   453   376   582   863   505   722
INL07   1790   773   758   705   682   757   758   695   555   672   747
INL07   1800   832   657   551   688  1060   795   710   710   805   731
INL07   1810   679   700   815   593   952   847   762   709   963   963
INL07   1820   551   571   709   762   731   793   847  1365  1186  1481
INL07   1830  1241  1125   680   522   616   670   594   585   595   670
INL07   1840   841   807  1042  1224  1021  1032   777  1032   990   734
INL07   1850   831   996  1166  1335   997   923  1083  1407  1515  1313
INL07   1860  1165  1123  1080   784   953   954  1059   635   635   593
INL07   1870   656   709   582   508   519   899  1037   773   794   795
INL07   1880   677   772   815   657   825   762   827   910  1026  1060
INL07   1890  1324  1132  1218  1472  1339   794  1166   911   900  1218
INL07   1900  1261  1398   977  1238  1320  1042   889   822   856   984
INL07   1910   814   914   593   583   646   831  1051  1082  1305  1293
INL07   1920  1137  1178   933   855   865  1138  1083  1094   834  1108
INL07   1930  1054   973  1186   982  1121   856   816   765   616   870
INL07   1940  1020  1165  1185   974   825   848   847   658   804   636
INL07   1950   709   508   593   616   758   595   605   414   445   447
INL07   1960   403   222   246   435   488   456   435   318   212   403
INL07   1970   403   276   382   467   476   487   445   391   402   487
INL07   1980   360   254   360   487   349   381   317   392   466   307
INL07   1990   306   455   329   275   233   349   402   550   572   487
INL07   2000   497   546   757   500   638   565   598   617   617   638
INL07   2010   671   707 -9999
INL08   1689   942
INL08   1690  1171  1038  1130  1268  1133   640   421   473   585   984
INL08   1700  1015   691   269   232   232   323   568   659  1041  1007
INL08   1710  1112  1025  1015   778   640   574   346   559   725   844
INL08   1720  1080  1104   568   317   474   805  1204  1331   777   777
INL08   1730   649   421   393   555   787  1203   951   937  1335  1068
INL08   1740   492   601   370   388   454   548   654   675   701   719
INL08   1750   818   842   934   878   775   991   940  1111   939   947
INL08   1760   942  1040   975  1163  1186   858  1371  1442  1318  1091
INL08   1770   908   696   653   588   513   428   877   769   941  1135
INL08   1780  1370  1097   927  1363   671   916   735   576   628   668
INL08   1790   501   595   564   361   541   426   361   371   393   350
INL08   1800   733   712   988  1105  1246  1182  1161  1170  1318   641
INL08   1810   844   769   675   706   661   693   555   790   745   740
INL08   1820   650   837   736   830  1216   961   974  1241  1143   972
INL08   1830  1572  2082  1733  1345  1152  1032  1019   984   715   738
INL08   1840   844  1038  1154   940   634   447   547   720   857   797
INL08   1850   731   732   936   882  1002   800   688   948   527   627
INL08   1860   528   679   755   830   661   374   404   429   534   310
INL08   1870   577   544   582   477   555   717   706   409   527   347
INL08   1880   627   239   465   141   293    97   304   238   265   432
INL08   1890   454   514   416   447   349   329   262   195   265   316
INL08   1900   416   588   601   644   611   446   371   209   351   395
INL08   1910   497   439   319   547   449   395   540   506   539   583
INL08   1920   560   717   418   620   649   691   617   459   318   429
INL08   1930   362   265   416   409   483   570   395   375   331   313
INL08   1940   423   478   455   511   216   272   162   280   285   488
INL08   1950   347   521   411   282   249   442   316   378   400   650
INL08   1960   434   293   359   642   824   819   708   624   416   424
INL08   1970   515   460   601   526   402   548   496   586   813   710
INL08   1980   679   329   357   479   539   487   826  1024   800   878
INL08   1990   944   750   760   784   697   683   576   697   412   508
INL08   2000   304   303   334   353   178   251   378   377   424   442
INL08   2010   357   627 -9999
INL09   1716  2155  2448  2146  3037
INL09   1720  3071  2809  3145  2981  1329  1560  1841  2850  2729  2850
INL09   1730  2397  3148  2549  2721  3062  2786  3009  2150  2732  2340
INL09   1740  1662  1356  1175  1376  1642  1789  1979  2986  2816  2350
INL09   1750  2372  2204  2275  2424  2127  2096  1735  1916  1864  2193
INL09   1760  2225  3157  2914  3220  2716  2441  2556  2005  2152  2195
INL09   1770  1445   823  1060   994  1166  1333  1961  1559  1333  1417
INL09   1780  1752  1524  1597  1647  1263  1394  1333   927  1108  1097
INL09   1790  1043   958  1131  1139  1000  1188  1302  1493  1344  1323
INL09   1800  1376  1418  1165  1377  1081  1229  1187   933   786   923
INL09   1810  1071  1007  1294  1039  1283  1198  1113  1263  1246  1013
INL09   1820   681   692   748   835   779  1012  1108  1226  1066  1525
INL09   1830  1449  1416  1335  1262  1283  1148  1022  1182  1018  1161
INL09   1840  1019   822   842   944   848  1119   837  1122  1109   680
INL09   1850   870   994   894   960   936  1054  1025  1043   847   827
INL09   1860   653   623   576   653   757   733   690   646   691   726
INL09   1870  1010   852   848   692   625   691   715   596   530   568
INL09   1880   691   632   730   511   516   513   563   739   715   715
INL09   1890   606   597   535   677   445   436   493   350   379   417
INL09   1900   341   378   309   506   411   441   520   436   422   497
INL09   1910   601   621   629   502   535   687   629   573   650   578
INL09   1920   454   483   494   454   327   553   536   421   299   346
INL09   1930   370   315   398   476   553   675   452   551   397   441
INL09   1940   601   800   568   408   454   383   374   498   487   444
INL09   1950   394   501   431   371   351   473   512   478   346   625
INL09   1960   616   389   393   416   441   416   370   397   312   582
INL09   1970   394   359   327   374   303   375   312   336   450   383
INL09   1980   360   232   312   398   388   327   236   303   360   350
INL09   1990   379   280   199   222   176   280   319   204   342   428
INL09   2000   366   591   483   434   378   473   636   803   669   582
INL09   2010   523   470 -9999
INL10   1751  1175  1039  1195   800   876  1295  1618  1402  1478
INL10   1760  1133  1688  1763  1886  1455   806   819  1069   995   851
INL10   1770   228   208   519   521   639  1426  1721  1170   876  1151
INL10   1780  1004  1750  1429  1362   780   751   643   817   730   629
INL10   1790   573   677   442   649   899   721   588   621   678   478
INL10   1800   436   537   632   960   588   312   355   301   366   517
INL10   1810   528   504   592   796   655   399   334   420   463   590
INL10   1820   364   486   494   462   591   733   679   828  1262   936
INL10   1830   928   818  1034   818   937   809   416   709   556   557
INL10   1840   424   490   512   599   553   540   814  1024   920   564
INL10   1850   805   631   478   370   625   783   654   910   972   904
INL10   1860   701   783   787   829   754   595   730   830  1339   787
INL10   1870   753   857  1034   850   819   750   748   493   631   599
INL10   1880   835   717  1125   884   762   622   677   860   894  1199
INL10   1890   969   770   727   781   619   511   605   512   508   517
INL10   1900   627   866   768   972  1156  1209  1060   771   836   974
INL10   1910   642   696  1082  1071  1028   696   868   674   750   739
INL10   1920   634   822   578   695   727   860   850   727   511   511
INL10   1930   675   654   814   691   667   625   690   822   701   734
INL10   1940   590   770   788   919  1017   845   657   687   701   854
INL10   1950  1040   907   896   812   550   616   529   714   745   789
INL10   1960   702   493   414   468   679   616   531   701   553   563
INL10   1970   552   680   556   656   593   805   656   677   794   730
INL10   1980   604   666   784   847   688   709   752   941   995  1006
INL10   1990   984   889   742   805   742   901   943  1040   974   849
INL10   2000   722   764   880   870   699   775   934   743   689   880
INL10   2010   828   755 -9999
IV01A   1860  1414  1574  2364  2118   975  2745  2417  2545  3015  2708
IV01A   1870  2364  2440  2549  2226  2291  2141  1543  1525  1890  1459
IV01A   1880  1482   936  1775  2464  2569  1913  1973  2210  1674  1448
IV01A   1890  2213  1857  2013  2484  2014  1343  1386  1129   927  1290
IV01A   1900  1152  1688  1211  1127  1543  1674  1426  1157   817  1040
IV01A   1910  1202  1439  1277  1569  1578  1161  1331   957  1279  1213
IV01A   1920  1021  1193   948   915  1031  1255  1342  1122   755  1096
IV01A   1930  1321  1596  1800  2512  2630  2827  3281  3079  2961  2704
IV01A   1940  1787  1935  2044  2141  2109  2119  1920  2040  1737  1791
IV01A   1950  1619  1366  1627  1437  1223   867   674   792   985  1307
IV01A   1960  1305  1012  1122  1445  1359  1862  1391  1804  1642  1631
IV01A   1970  1835  1644  1569  1157  1007  1157   965   657   859   976
IV01A   1980   689   818   724   882   659   595   756   928  1009   933
IV01A   1990   968  1042   768   995   888  1017   714   939   812   855
IV01A   2000  1078  1038  1628  1263  1069   934   680   934  1040  1246
IV01A   2010  1356  1561 -9999
IV01B   1864  3912  3778  3364  3337  4149  2881
IV01B   1870  2990  2812  3020  2987  3844  3812  2965  2500  3054  2390
IV01B   1880  2562  2319  2722  2376  2551  2734  2637  2447  1687  2119
IV01B   1890  2711  2314  2135  2963  1907  1343  1407  1440  1667  1657
IV01B   1900  1667  2276  1698  1754  2433  2059  1863  1608  1207  1545
IV01B   1910  1418  1736  1610  2006  2112  1846  1964  1911  1890  1549
IV01B   1920  1253  1410  1260  1184  1513  1984  2005  1311  1121  1577
IV01B   1930  1536  1386  1739  2001  1650  1523  1608  1574  1425  1467
IV01B   1940  1135  1586  1943  1641  1545  1436  1478  1728  1513  1858
IV01B   1950  1483  1328  1694  1256   954   966   890  1180  1470  1408
IV01B   1960  1397  1102  1157  1252  1616  1701  1392  1243  1044  1246
IV01B   1970  1424  1178  1232  1125  1082  1273   899   719  1291  1341
IV01B   1980  1161  1262  1133  1341  1021  1030  1271  1639  1653  1352
IV01B   1990  1241  1258  1049  1115  1220  1101  1051  1570  1005   961
IV01B   2000   827  1007  1174  1208   789   911   576   880   867  1045
IV01B   2010   954   721 -9999
IV02B   1673  1175  1242  1069  1291  1335  1143  1175
IV02B   1680  1217  1101   963   911  1264  1360  1201  1286  1201  1774
IV02B   1690  1871  1307   914   881   979   893  1073  1279  1477  1430
IV02B   1700  1726  1673   985   827   848  1239  1313  2373  2329  2817
IV02B   1710  2489  2044  1874  1303  1324  1370  1042  1170   989  1000
IV02B   1720  1118  1003  1040  1549  1803  1560  2164  2375  2578  2384
IV02B   1730  2080   678   486  1420  2096  2425  2774  2625  2860  2032
IV02B   1740  1719  1731  1472  1071  1404  1642  1695  2010  1837  1976
IV02B   1750  2401  2175  2362  2319  1832  1904  1491  1429  1470  2044
IV02B   1760  1921  1983  1782  1814  1751  1707  2355  2025  2270  2333
IV02B   1770  1212  1068  1281   844   822   971  1122  1016  1611  3020
IV02B   1780  2798  1782  1323  1429  1440  1693  1418  1421  1452  1368
IV02B   1790  1177  1060  1062   465   725   990   828   543   616   681
IV02B   1800   882   938   895   821   862   959   873  1038   768   314
IV02B   1810   509   497   476   336   401   506   519   573   560   746
IV02B   1820   699   476   794   706   937   807  1075   954   955   868
IV02B   1830   908  1317   989   637  1042   843   482   693   659   515
IV02B   1840   525   587   661   740   613   562   644   696   531   432
IV02B   1850   661   680   727   603   443   289   341   327   497   464
IV02B   1860   607   961   885  1198  1046   932   922   744  1150   853
IV02B   1870   635   516   667   634   564   612   743   540  1018   828
IV02B   1880   664   426   309   242   319   513   332   385   318   342
IV02B   1890   433   475   275   419   523   194   302   275   339   385
IV02B   1900   318   366   371   436   399   409   298   319   489   332
IV02B   1910   303   614   412   291   478   378   167   212   218   265
IV02B   1920   234   248   254   314   412   386   337   311   128   288
IV02B   1930   314   314   262   386   422   177   214   235   185   297
IV02B   1940   154   165   142    66    98   142   118    54    86   161
IV02B   1950   100   108   108   108   172   185   173   206   204     0
IV02B   1960     0   118   183   183   237   224   208   107   108   174
IV02B   1970   216   277   305   262   248   236   255   235   162   193
IV02B   1980   173   172   237   237   305   239   266   235   246   320
IV02B   1990   213   364   277   288   235   266   277   246   278   287
IV02B   2000   404   446   415   381   498   412   371   519   434   466
IV02B   2010   476   361 -9999
IV03A   1873  1175  1641  1460  1196  1249  1694   935
IV03A   1880  1466   680   692   585   805   964   858   880   773   638
IV03A   1890   734   830   702   750   545   450   458   353   416   566
IV03A   1900   597   705   550   582   656   710   518   561   487   529
IV03A   1910   688   860   585   478   649   627   617   554   675   548
IV03A   1920   439   442   398   399   343   409   625   645   528   528
IV03A   1930   521   703   955  1171  1096  1076   584   532   508   604
IV03A   1940   668   847   658   699   636   805   720   868   836  1037
IV03A   1950   667   805   902   615   509   551   604   499   572   657
IV03A   1960   773   401   745  1017  1004   822   604   606   454   478
IV03A   1970   701   806   839   849   774   700   807   658   636   646
IV03A   1980   445   339   445   699   498   583   583   615   530   541
IV03A   1990   656   790   928   908   685   776   852   858   823   802
IV03A   2000   995  1112  1038   762   783   688   960   960   695  1091
IV03A   2010   802   931 -9999
IV03B   1807  1083  1090   860
IV03B   1810  1042  1324  1724  2168   940   775   520   464   481   616
IV03B   1820   429   489   774  1276  1913  1406     0     0     0     0
IV03B   1830   947   792   441   347   313   382   322   432   446   617
IV03B   1840  1195  1348  1256  1460   925   605  1061  1557  1540  1080
IV03B   1850   673   692   781   507  1131   422   265   222   402   313
IV03B   1860   261   256   525   589   555   720   579   405   542   404
IV03B   1870   372   526   349   614   521   461   482   515  1239  1045
IV03B   1880  1489   746   862   660   736   638   458   588   542   706
IV03B   1890   731   503   601   766   871   444   534   448   421   465
IV03B   1900   303   424   400   412   411   400   368   334   198   378
IV03B   1910   660  1094   908   850   831   850   763   820   700   732
IV03B   1920   470   349   380   272   285   370   437   259   143   185
IV03B   1930   316   249   339   434   378   313   237   269   234   295
IV03B   1940   395   339   362   308   305   352   409   342   429   449
IV03B   1950   397   262   286   294   340   556   341   372   416   509
IV03B   1960   488   206   269   259   268   174   162   248   249   316
IV03B   1970   435   718   898   825   773   501   502   331   278   343
IV03B   1980   267   312   385   534   235   161   234   224   335   426
IV03B   1990   415   523   553   544   508   603   825   688   604   772
IV03B   2000  1122  1133   772   720   328   296 -9999
IV04A   1778  1631  2354
IV04A   1780  2412  2667  1803  2197  1974  1869  1492  1774  1909  2150
IV04A   1790  3010  2888  2429  1014   867   843   783   574   370  1029
IV04A   1800  1666  1501  1319  1956  1995  3009  2873  2626  1523  2012
IV04A   1810  2135  2132  1670  1372  1058  1028  1181  1256  1312  2192
IV04A   1820  2685  3237  3191  2580  2587  2025  1650  1832  2074  1660
IV04A   1830  1883  2404  1969  1759  2089  2229  1641  1855  1649  1931
IV04A   1840  2622  2749  2539  2439  1935  1150  1879  3176  2969  2733
IV04A   1850  2776  1848  1583  1179  1789  1589  1474  1454  2244  1535
IV04A   1860  1307  1366  2120  1751  1422  1543  1543  1486  2480  1230
IV04A   1870  1494  2731  2891  2619  2798  2138  1664  1865  2219  1509
IV04A   1880  1881  1525  1148   564   743   818   949  1240  1038  1085
IV04A   1890  1383  1297  1318  1295   939   667   965   849  1053  1194
IV04A   1900  1154  1424  1034  1194  1363  1290   746   821   756   789
IV04A   1910   756   692   638   480   713   692   467   480  1109  1007
IV04A   1920   710  1017   826  1007   891  1379   989   626   342   489
IV04A   1930   414   383   468   768   677   691   489   371   839  1051
IV04A   1940   565   556   461   536   720   739   793   503   525   935
IV04A   1950   717   502   439   686   417   333   380   510   594  1079
IV04A   1960   929   334   586   556  1050   986   888   864   583   633
IV04A   1970   683   613   691   399   278   224    44   172   205   239
IV04A   1980   120   250   161   409   275   274   196   144   119 -9999
IV04B   1848  3224  2822
IV04B   1850  2607  2883  2118  1676  2331  1800  1730  1394  1895  2249
IV04B   1860  2605  3348  4143  2755  2049  2014  2373  2319  3445  2199
IV04B   1870  1972  2086  2154  2566  4526  3691  2071  1362  1897  1555
IV04B   1880  1779  1646  1622  1460  1658  1448  1378  1695  1420  1214
IV04B   1890  1605  1953  2034  2036  1721   942  1325  1648  2200  2533
IV04B   1900  2843  3038  2215  3111  3060  3080  2044  1425  1358  1456
IV04B   1910  1522  1445  1669  1869  2468  1874  1077  1239  2483  2897
IV04B   1920  1811  2543  1639  1620  1568  2220  2148  1548   946  1341
IV04B   1930  1500  1858  2194  1948  1161  1302   926  1281  1965  1844
IV04B   1940   996  1017  1176  1622  1334   986  1048   721  1028  2477
IV04B   1950  1725  1133  1037  1227   794   836  1143  1588  1809  1535
IV04B   1960  1513  1260  1079   942  1577  1238   784  1590  1081  1274
IV04B   1970  1661  1950  2784  1929  1675  1675  1347   978  1124  1940
IV04B   1980  1781  1684  1389  1420  1180   783  1259  1545  1133  1122
IV04B   1990  1259  1249  1069   868   762   815  1037  1386  1588  1915
IV04B   2000  1493  1196  1494  1493   963  1144  2044  2011  1684  1441
IV04B   2010  1472  1842 -9999
IV05A   1767  2667  2467  2382
IV05A   1770  2053  1896  2063  2215  2065  1418  1610  1354  1503  2457
IV05A   1780  2435  2361  2382  2954  2340  2246  1667  2145  2050  2187
IV05A   1790  2116  2361  2061  1571  1573  1550  1284  1467  1062  1030
IV05A   1800  1752  1965  2114  2008  2164  2066  1990  2044  1661   900
IV05A   1810   765   762   706   598   642   576   588   715  1049   973
IV05A   1820   886   952  1057   913  1042  1135  1105  1132   921   963
IV05A   1830  1291  1736  1185  1313  1725  1653  1249  1143  1397  1079
IV05A   1840  1577  1386  1507  1639  1863  2219  2983  2947  2360  2117
IV05A   1850  1858  1815  1750  1781  2073  1791  1254  1233  1327  1474
IV05A   1860  1753  1853  2189  2159  2243  1816  1638  1563  1651   932
IV05A   1870  1027   974  1402  1324  1456   564   339   382   684   559
IV05A   1880   673   291   526   322   539   462   459   473   461   492
IV05A   1890   751   800   729   995   674   465   553   693   783   726
IV05A   1900   535   535   374   475   532   683   498   475   423   408
IV05A   1910   653   717   642   606   606   560   390   402   478   444
IV05A   1920   316   463   355   540   434   370   297   404   138   265
IV05A   1930   341   353   385   418   245   278   213   268   331   353
IV05A   1940   267   396   431   406   352   364   724   706   789  1042
IV05A   1950   808  1022   905   907  1093   850   752   613   678   762
IV05A   1960   889   688   889  1143  1195  1122   953   878   646   772
IV05A   1970   752  1037  1048   783   836  1090   984   741  1048   868
IV05A   1980   688   709   540   730   666   625   741   730   826   846
IV05A   1990  1027  1376  1005   762   963  1418  1244  1381  1425  1479
IV05A   2000  1375  1443  1730  1496  1229  1132  1283  1569  1367  1678
IV05A   2010  1826  1759 -9999
IV05B   1762  3647  3764  3432  2842  4068  3147  2421  2406
IV05B   1770  2178  2278  2661  2972  2239  1215  1171  1092  1570  4010
IV05B   1780  3016  2881  2682  3255  2460  2294  1563  2141  2297  2244
IV05B   1790  2332  2311  1914  1655  1882  2143  2156  1855  1286  1425
IV05B   1800  2121  2127  2250  2234  1838  1827  2041  2043  1826  1569
IV05B   1810  1015  1185  1304  1387  1205  1161  1062  1063  1252  1126
IV05B   1820   946   893  1030   946  1445  1392  1051  1290  1063  1104
IV05B   1830  1189  1472  1081  1181  1853  1602  1386  1282  1319  1372
IV05B   1840  1590  1305  1064  1215  1469  1756  2470  2035  1858  1757
IV05B   1850  1048  1075  1533   904  1468  1305  1092  1424  1209  1339
IV05B   1860  1478  1749  2366  1810  1529  1308  1520  1316  1798  1146
IV05B   1870  1006  1196  1688  1465  2094  1810  1345  1157  1482   966
IV05B   1880   901   876  1008   696   602   665   696   685   763   770
IV05B   1890   901   862   702   959   982   540   646   583   544   621
IV05B   1900   363   534   439   450   438   545   385   493   426   459
IV05B   1910   685   652   652   630   604   599   695   682   641   684
IV05B   1920   556   576   695   609   672   534   588   512   268   490
IV05B   1930   461   503   682   748   769   555   683   812   908   833
IV05B   1940   599   620   666   646   731   679   763   636   604   784
IV05B   1950   742   550   635   731   815   953   878   806   710   763
IV05B   1960   624   414   553   627   766   677   665   933   776   632
IV05B   1970   536   804  1019   922   804   847   698   428   661   825
IV05B   1980   708   740   718   803   688   660   752  1047   957   830
IV05B   1990  1168  1219  1037  1027   865   839   908  1169  1176  1758
IV05B   2000  1814  1513  1565  1284  1194  1596  1688  1645  1314  1528
IV05B   2010  1149  1133 -9999
Q4      1763  3370  3431  2982  4278  3453  3835  3302                            
Q4      1770  2942  1817  2729  2418  2397  2575  3291  3359  3403  3792          
Q4      1780  2552  2408  1796  2604  2925  3765  3214  2738  2750  2561          
Q4      1790  2561  3359  3280  2611  2947  3662  3252  2846  2571  1927          
Q4      1800  2989  2554  1847  1895  1789  2948  2450  2247  2266  2153          
Q4      1810  2517  3088  2363  2164  1976  1566  1542  1725  2117  2543          
Q4      1820  1834  2325  1901  1710  1907  1966  1432  1940  2469  1801          
Q4      1830  1878  2342  1823  1706  2005  1628  1357  1657  1512  1443          
Q4      1840  1794  1683  1610  1712  2040  1910  2237  2426  2933  2005          
Q4      1850  1563  1040   898   804   890   726   749  1152  1153  1097          
Q4      1860   776   885   816   918  1085   915   945   462   812   668          
Q4      1870   761   849  1032   765   739   957   911   662  1010   812          
Q4      1880  1072   990  1162   758   766   746   602   819   713  1005          
Q4      1890   923   680   732   802   670   672   525   448   544   676          
Q4      1900   627   751   611   655   776   844   597   523   735   804          
Q4      1910  1001  1182   706   548   822   909  1050  1039   887   809          
Q4      1920   722   846   804   860   635   759   833   669   478   690          
Q4      1930   873   899  1039   811   746   884   773   805   911   934          
Q4      1940   715   919   998  1012  1149   768   899   790   642   827          
Q4      1950   856   785   867   806   916   973   779   978   996  1021          
Q4      1960   801   680   818   801  1044  1024   872   954   644   844          
Q4      1970   779   915   909   751   733   724   647   592   651   461          
Q4      1980   515   425   361   575   456   382   323   634   557   535          
Q4      1990   373   530   500   514   596   666   470   411   502   552          
Q4      2000   627   558   578   665   603   608   753   780   820 -9999          
Q5      1782  1808  2452  2278  2550  1955  2331  2322  2260                      
Q5      1790  1748  1924  1749  1707  1548  1263   932  1130  1259  1129          
Q5      1800  1247   612  1097  1791  1669  1923  2250  2441  2261  1604          
Q5      1810  1102  1270  1445  1501  1192  1081  1091  1279  1431  1588          
Q5      1820  1171  1188  1351  1357  2032  2442  1633  1935  1626  2321          
Q5      1830  2816  2988  1700  2020  2442  2400  1968  1723  1476  1618          
Q5      1840  1700  1247  1501  1638  1351  1271  1788  1662  1680  1387          
Q5      1850  1133  1292  1498  1309  1422  1369  1484  1753  1714  1456          
Q5      1860  1516  1973  2086  2865  2547  2245  1573  1358  2139  1718          
Q5      1870  1607  1615  1803  1723  1545  1574  1287   854   913   637          
Q5      1880   835   821   874   697   580   471   515   564   909  1045          
Q5      1890  1205   911   734  1068   947   947   861   794   749   765          
Q5      1900   998  1199   785   876  1294  1361   913   693   754   734          
Q5      1910   798  1094  1025   897   910   935  1217   951   843  1058          
Q5      1920   770   812   534   481   466   728   760   613   650   721          
Q5      1930   823  1042  1241   967  1108  1084  1001  1015   952  1143          
Q5      1940   864   986  1202  1323  1580   846   674   764   683  1075          
Q5      1950   811  1042  1286  1046  1032  1269  1119  1248  1226  1446          
Q5      1960  1025   732   951  1380  2088  1795  1871  1829  1420  1091          
Q5      1970  1038  1120  1392  1174  1273  1421  1274  1245  1351  1767          
Q5      1980  1766  2433  1799  1470  1101   655   887  1144  1201  1101          
Q5      1990   937   884   767   760   655   785   706   763   564   931          
Q5      2000   994   883   803   755   621   679   780   998  1245 -9999          
Q7      1737  2631  2805  1460
Q7      1740  1237  1702  1504  2112  2283  1408   920   956  1233   812
Q7      1750  1150  1278  1216  1261  1449  1957  1430   853   754   982
Q7      1760   707   815   636   832   799   850  1072   876  1123  1147
Q7      1770   916   669   511   264   338   399   923   861   891  1839
Q7      1780  1150  1378   981   814   568   787   660   711   733   747
Q7      1790   584   708   483   379   303   395   229   259   228   217
Q7      1800   151   115     0     0   130   162   212   351   380   378
Q7      1810   678   739   764   732   789  1090  1193  1586  1905  1791
Q7      1820   917  1319  1017  1138  1343  1175   889  1301  1267   903
Q7      1830   969  1038   819  1351  1645  1595  1166   882   720   630
Q7      1840   655   604   675  1081  1178  1045  1204  1209  1337  1193
Q7      1850  1266  1356  1598  1007  1262  1186   953  1326   924   931
Q7      1860   704   752   756   656   665   709   657   420   605   472
Q7      1870   615   768   781   664   799  1001  1049   839  1017   488
Q7      1880   643   463   574   588   360   253   266   308   310   387
Q7      1890   276   381   462   656   832   583   754   705   603   538
Q7      1900   594   772   507   821   942   737   468   438   515   396
Q7      1910   556   760   816   818   797   791   843   759   711   762
Q7      1920   650   795   785   818   887   763   752   737   483   654
Q7      1930   943   987  1039  1578  1065  1164   963  1049  1050   922
Q7      1940   671   682   923  1084  1275   995  1085   981   736  1296
Q7      1950   846   677   597   690   554   618   570   788   856   727
Q7      1960   961   921  1177  1505  1790  1287   956  1172  1119   662
Q7      1970   677   637   983   678   566   674   562   469   595   444
Q7      1980   748   796   623   828   566   420   630   576   848   793
Q7      1990   852   890  1108  1384  1302  1354   757   951   745   923
Q7      2000   862   841   887   787   584   470   911   868  1016 -9999
Q9      1764  3392  2871  4191  3997  3490  3262                                  
Q9      1770  2392  2083  1507  1490  1834  1910  2470  1852  1943  2186          
Q9      1780  2109  2186  1978  2749  2246  2169  2060  1511  1776  1990          
Q9      1790  1835  1315  1091   898  1069  1247  1426   933   654   938          
Q9      1800   934  1090   945   826  1209  1390  1221  1115   912   559          
Q9      1810   367   421   525   452   697   757   679   634   663   743          
Q9      1820   739   555   789   735   953  1376  1197  1093  1127  1027          
Q9      1830  1089  1192   903   882  1378  1176   993  1003   975   944          
Q9      1840  1208   703  1233  1079  1244   953  1210  1032   880  1033          
Q9      1850   840   825  1002   970   980  1012  1020  1553  1472  1572          
Q9      1860  1281  1407  1268  1525  1715  1521  1509   904  1241  1138          
Q9      1870  1557  1257   985  1229  1207  1363  1193  1466  1623  1166          
Q9      1880  1214  1225  1656  1167  1210   924   783   906  1020  1247          
Q9      1890  1552  1047  1409  1660  1154  1094  1392   873   961  1082          
Q9      1900   974  1350   654   739   973  1234   663   720   868   966          
Q9      1910   870   938   669   794  1250   802   839   869   983   691          
Q9      1920   689   909   857   743   696   725   894   799   525   766          
Q9      1930   935  1069  1641  1426  1484  1190  1068  1090   754  1104          
Q9      1940   784   917   937  1276  1415   953   948   903   694   686          
Q9      1950   987   686   719   856   864   802   792   815   925   782          
Q9      1960  1014   740   786   735  1150  1180  1052  1154   553   866          
Q9      1970  1073  1070  1188  1072   990  1172  1500   866  1270   981          
Q9      1980   903  1140   927   960   716   835   751   974  1129   943          
Q9      1990   826  1202   959   925   964  1037   842   791   626   744          
Q9      2000   752   932  1009   884   951   618   814   912   680 -9999          
Q10     1711  2166  3160  2931  2799  1725  2017  2381  2185  2304                
Q10     1720  2942  2798  2923  1427  1840  2383  3409  3324  3135  3739          
Q10     1730  3483  3902  4020  4919  4878  4067  3965  3655  3697  3155          
Q10     1740  2683  2752  2599  2316  2470  2549  2157  3035  3309  2090          
Q10     1750  2480  1725  1780  1409  1317  1709  1509  1162  1819  2686          
Q10     1760  1824  1614  1025  1336   838  1063  1288   867  1370  1371          
Q10     1770  1147   733   489   432   684   815  1223   734   653  1012          
Q10     1780   479   683  1860  1147   908   666   841   591   816   647          
Q10     1790   531   832   509   752   983   532   436   414   409   434          
Q10     1800   416   325   421   432   642   670   518   511   344   302          
Q10     1810   431   480   425   581   538   918  1050  1189  1117   935          
Q10     1820   641   463   593   618   602   864   684   783   602   762          
Q10     1830   738   994   789   498   663   913   549   515   321   380          
Q10     1840   312   406   334   380   295   456   602   805   811   692          
Q10     1850   535   555   861   662   737   442   390   496   380   349          
Q10     1860   311   320   260   369   264   247   343   218   441   482          
Q10     1870   580   815   674   515   503   473   323   276   703   485          
Q10     1880   685   631   677   482   603   605   743   819  1002  1030          
Q10     1890   796   865   507   628   522   264   428   462   422   482          
Q10     1900   472   478   391   367   502   472   384   359   568   467          
Q10     1910   646   993   721   547   526   571   542   458   482   384          
Q10     1920   523   425   365   484   388   401   484   560   404   555          
Q10     1930   506   487   664   584   581   508   512   489   444   604          
Q10     1940   394   359   378   433   389   393   524   462   472   707          
Q10     1950   636   477   455   516   451   535   573   502   615   553          
Q10     1960   596   295   299   317   576   569   441   580   460   403          
Q10     1970   626   945   726   720   636   698   749   611   594   542          
Q10     1980   406   362   352   320   384   300   280   356   383   489          
Q10     1990   433   646   614   510   471   563   466   471   418   527          
Q10     2000   713   616   477   491   474   399   602   572   622 -9999          
Q11     1796  3218  2331  2941  2215                                              
Q11     1800  1918  1866  1974  2134  2501  3024  2476  2485  2584  2069          
Q11     1810  1679  1905  1717  1674  1582  1741  1570  1404  1390  1979          
Q11     1820  1523  1334  1257  1531  1684  1603  1032  1359  1340  1594          
Q11     1830  1651  2034  1574  1483  1925  1521  1349  1575  1349  1281          
Q11     1840  1413  1397  1467  1685  1487  1487  1231  1392  1506  1241          
Q11     1850  1073  1264  1625  1457  1410  1387  1105  1489  1511  1188          
Q11     1860  1176  1145  1353  1252  1172  1107   856   710   980   868          
Q11     1870   937  1049  1135  1001   852   907  1173   892   988   916          
Q11     1880  1207  1146  1343  1010  1030   984  1007  1006  1100  1156          
Q11     1890  1509  1514  1543  1778  1574  1414  1673  1341   955  1165          
Q11     1900  1319  1103   991  1191  1055   949   858   868   899   974          
Q11     1910   930  1138   941   882  1049  1051  1143  1176  1152  1123          
Q11     1920  1147  1139  1313  1193  1311  1406  1116  1337  1063  1452          
Q11     1930  1164  1301  1343  1355  1116  1367  1214  1193  1013  1176          
Q11     1940   894  1124  1133  1332  1142  1065   986  1260  1042  1119          
Q11     1950  1134   975  1094   865  1017  1147  1053   876  1109  1136          
Q11     1960  1060   644   794   891  1068   919   988  1103   734   878          
Q11     1970   986  1093   910   993   890   807   723   856  1070   500          
Q11     1980   429   508   579   848   701   780   808  1104  1151   823          
Q11     1990  1175  1213   902  1038   993  1200   817  1015   958  1006          
Q11     2000  1261  1458  1969  1660  1451  1218  1498  1331  1619 -9999          
Q13     1733  2447  2815  2335  2025  1722  2064  1665                            
Q13     1740  1245  2395  2273  2134  3177  3065  2197  2176  2079  2667          
Q13     1750  3218  2329  2520  2691  2109  2663  2259  2412  2056  2225          
Q13     1760  2295  1982  1646  1948  1839  1434  1849  1754  1646  1767          
Q13     1770  1249  1101  1386  1027  1525  1942  2026  1352  1496  2082          
Q13     1780  2155  1663  1242  1469  1093  1184  1043  1203  1302  1445          
Q13     1790   936  1079  1128   874  1129   963   472   509   676   759          
Q13     1800   838   986   920  1140  1148  1124  1158  1165   926   804          
Q13     1810   916   990  1064  1033   900   903   825   803   917  1169          
Q13     1820   974  1173  1099  1266  1423  1451  1430  1837  1689  1522          
Q13     1830  1513  1754  1509  1478  1556  1409  1264  1448  1091   897          
Q13     1840   908   998   902  1073  1095   962   878  1022  1052   691          
Q13     1850   713   809   832   791   763   795   705   821   769   727          
Q13     1860   637   798   830   766   782   867   789   399   487   547          
Q13     1870   747   816   782   618   566   511   495   363   617   506          
Q13     1880   730   678   701   515   535   453   339   565   504   732          
Q13     1890   666   481   823   724   371   161   375   344   322   339          
Q13     1900   345   355   380   268   503   589   350   415   426   487          
Q13     1910   545   783   628   438   515   456   704   450   461   554          
Q13     1920   575   363   493   512   542   654   584   423   384   570          
Q13     1930   685   651   739   820   735   672   836   680   665   530          
Q13     1940   552   754   735   814   679   640   525   627   602   782          
Q13     1950   716   607   663   469   388   630   528   501   593   552          
Q13     1960   288   291   284   379   397   442   367   360   376   351          
Q13     1970   423   390   437   388   401   572   595   579   592   637          
Q13     1980   470   397   709   695   472   854   689   889   860   829          
Q13     1990   473   827   829   808   795  1003   773   753   692   845          
Q13     2000  1233   900   645  1069   763   764   846  1357   559 -9999          
Q16     1765  1113  1061   797   792   616                                        
Q16     1770   459   403   541   545   629   730   910   537   556   421          
Q16     1780   435   550   557   828   739   594   411   201   194   250          
Q16     1790   234   350   315   352   550   753  1146   884   797   743          
Q16     1800   855   603  1477  1647  1428  1073   988   817   910  1010          
Q16     1810   791   777   907   929   552   830   770  1072  1040  1302          
Q16     1820  1452  1448  2018  1987  1784  1815  1365  1629  1330  1631          
Q16     1830  1298  1027   866  1000  1413  1302  1195  1294   988   715          
Q16     1840   512   400   528  1032  1110  1498  1231  1644  1455   901          
Q16     1850   858   703   950   697  1461  1081   818  1066  1031   743          
Q16     1860   365   719   694   652   726   764  1038   608  1034   821          
Q16     1870  1023  1217  1077   906   912  1192   899   443   483   147          
Q16     1880   262   158   239   149   169    75   173   216   308   444          
Q16     1890   324   511   551   797   777   709   593   453   284   386          
Q16     1900   387   404   330   380   416   419   426   438   509   509          
Q16     1910   863   823   745   719   606   562   721   679   728   595          
Q16     1920   290   295    93   145   159   263   267   157   198   357          
Q16     1930   311   244   331   434   299   624   665   561   422   448          
Q16     1940   365   505   378   310   341   394   332   250   247   463          
Q16     1950   354   394   349   327   254   463   433   415   371   672          
Q16     1960   431   334   363   497   697   904   525   491   345   284          
Q16     1970   432   513   413   397   475   465   417   413   488   403          
Q16     1980   380   242   351   493   350   383   519   814   540   448          
Q16     1990   415   571   481   394   473   500   302   432   436   606          
Q16     2000   589   852   989   836   870   543   395   556   610 -9999          
Q18     1748  2775  2875                                                          
Q18     1750  3217  2682  3234  4388  4860  4648  3950  3000  3212  3736          
Q18     1760  2883  2931  2210  2251  2501  1987  3506  3426  3001  3633          
Q18     1770  2057  1412  1802  2116  1682  2722  2522  2166  2213  3255          
Q18     1780  2802  2665  1438  1786  1632  1644  1410  1539  2088  2170          
Q18     1790  1234  1962  1670  1162  2022  1611  1502  1479  1633  1539          
Q18     1800  1719  1149   854  1236  1398  1170  1195  1362   883   834          
Q18     1810   836  1451  1578  1353  1424  1477  1109  1231  1355  2209          
Q18     1820  1642  1524  1771  1525  1974  1916  1496  1009  1089   884          
Q18     1830   739  1269  1029   961  1479  1224   756   747   814   791          
Q18     1840   757   898  1086  1200  1095  1114  1563  1428  1435  1086          
Q18     1850  1000   847  1330  1033  1174   931   790  1258  1023   973          
Q18     1860   622   975   795   884   793   906   953   363   630   854          
Q18     1870  1436  1114   939   781   731   871  1109   868  1295   812          
Q18     1880  1254   826   752   591   675   593   718   960   759   787          
Q18     1890   681   629   890  1095   719   576   560   365   347   545          
Q18     1900   477   624   419   486   533   608   435   531   611   744          
Q18     1910  1017  1115   798   796   919   844   948   894   986   901          
Q18     1920   700   898   654   738   698   989  1144   728   635   907          
Q18     1930   972   806  1043  1065   615   686   863   725   788   918          
Q18     1940   700   722   692   619   703   862   869   925   781   954          
Q18     1950   827   877   763   740   648   881   665   825   616   809          
Q18     1960   850   650   619   713   972   847   839   952   456   422          
Q18     1970   583   896   777   605   639   446   641   603   641   624          
Q18     1980   468   595   832   800   351   249   218   367   510   547          
Q18     1990   355   469   555   493   481   606   552   493   423   455          
Q18     2000   702   511   464   518   428   332   504   595   544 -9999          
Q19     1768  2827  3149                                                          
Q19     1770  1723  1816  2489  2127  2463  3024  3972  2898  2381  2605          
Q19     1780  2708  3447  1873  2745  2237  2511  1488  2005  2401  2047          
Q19     1790  1522  1418  1497  1554  1446  1937  1467  1208  1004  1290          
Q19     1800  1402  1324  1066  1006  1121  1045  1177   873   817   595          
Q19     1810   568   770   597   634   750   625   602   546   644   875          
Q19     1820   753   848   887   958  1173  1055   698   928   784   948          
Q19     1830  1050  1559  1275  1016  1708  1750  1459  1601  1867  1795          
Q19     1840  2036  2437  2955  2511  2036  2034  1873  2272  1849  1391          
Q19     1850  1068  1191  1050  1393  1286  1190  1053  1339  1615  1239          
Q19     1860   832   933   843   919  1048   893  1067   870  1036   873          
Q19     1870  1107  1408  1386  1605  1592  1496  1581  1400  2063  1207          
Q19     1880  1614  1287  1417   929   953   727   461   522   952   841          
Q19     1890   746   737   770  1060   888   541   736   581   734   507          
Q19     1900   666   685   466   725   826  1077   912   714   758   691          
Q19     1910   941   978   799   827   643   806   915   846   936   863          
Q19     1920   878  1014   770   842   878  1093  1223   998   803   897          
Q19     1930  1507  1359  1606  1262  1306  2046  1856  1215  1960  1507          
Q19     1940  1170  1275  1285  1381   855   968   842   699   822   597          
Q19     1950  1026   852   724  1028  1018  1073   729  1151  1000   959          
Q19     1960   894   679   563   886  1195   876   789  1073   553   598          
Q19     1970   632   894   960   587   730  1066  1164   731   814  1195          
Q19     1980  1273  1347  1023   973   611   500   591   513   670   883          
Q19     1990   694   778   921   954   832   893  1141  1163   958  1656          
Q19     2000  1524  1111  1057   939   821   778   831  1006  1315 -9999          
Q20     1751  2543  2534  3212  3275  4446  3622  3058  3166  3324                
Q20     1760  2856  3656  3185  4096  3438  3540  3589  3020  2512  2263          
Q20     1770  1175   934  1159  1265  1430  2431  2826  1952  1806  2486          
Q20     1780  1557  1763  1300  1638  1514  1600  1611  1677  1678  1694          
Q20     1790  1477  1193  1141   866   948  1079   775   714   791   653          
Q20     1800   856   866   746   888   952  1026   722   646   466   301          
Q20     1810   321   600   745   769   605   898   620   803   990   959          
Q20     1820  1060  1113  1289   873  1349  1214  1438  1223  1262  1335          
Q20     1830  1562  1643  1272  1143  1630   978   969   759   873   660          
Q20     1840   455   459   695   894  1079   943   794  1033  1352  1140          
Q20     1850   986   941  1431  1283  1493  1115   932  1083  1119  1130          
Q20     1860   921  1226  1039  1207  1087   818   963   648   734   653          
Q20     1870   785  1105  1276  1067  1066  1051  1020   868  1090   728          
Q20     1880   879   592   712   489   598   554   607   707   854   851          
Q20     1890   891  1026  1103  1420   956   694   775   844   870   950          
Q20     1900   874  1096   421   520   629   550   365   327   358   280          
Q20     1910   365   332   409   390   470   582   568   951   893   835          
Q20     1920   636   929   865  1167   991  1121  1095   942   796  1046          
Q20     1930   965   988  1086  1324  1052  1277  1049  1116  1065  1455          
Q20     1940   987  1186  1075   703   942  1059  1238  1033   964   986          
Q20     1950   893   813  1070  1013   971  1133   857   931   940  1091          
Q20     1960   922  1069   904   801  1100  1188   951  1138   699   614          
Q20     1970   868   961   937   818   703   937   917   798   763   699          
Q20     1980   884   910   768   764   816   705   820  1116   861   970          
Q20     1990  1372  1601   919   816   682   897   642   803   914  1251          
Q20     2000  1205  1251  1269  1523  1434  1195  1261  1640  1630 -9999          
Q21     1734  4773  3083  4049  3814  3336  2769                                  
Q21     1740  3472  3406  4216  3910  4189  3037  2991  3215  3341  3150          
Q21     1750  2823  2047  1352  3182  2868  2834   819   912  1471  1864          
Q21     1760  1440  1982  1654  2063  1961  3056  3512  2950  2817  2225          
Q21     1770   614   854  1074  1208  1095  1471  2063  1793  1772  2440          
Q21     1780  2200  2311  2394  2364  2366  2466  2659  1594  1815  2337          
Q21     1790  1860  1102  1892  1414  1450  1267  1066  1039   684   998          
Q21     1800   909  1259  1164  1524  1375  1114   939  1022   742   683          
Q21     1810   767   900  1087   979  1051  1116   982   675   984  1341          
Q21     1820  1103   843  1296  1067   837  1327  1577  1846  1682  1872          
Q21     1830  1426  1901  2069  1331  1401  1481   940   913   953   869          
Q21     1840   638   656  1157  1414  1275  1022  1392  1602  1455  1009          
Q21     1850  1038   840  1378  1285   831  1251  1261  1338  1722  1010          
Q21     1860   900  1003   956   813   968  1112  1377   725   897  1183          
Q21     1870  1303  1341  1286   960   889  1105  1049   828  1010   623          
Q21     1880   873   837  1166   635   736   701   752   884   722  1193          
Q21     1890  1165  1071   973  1161   895   639   770   538   461   672          
Q21     1900   718   841   480   642   819   748   658   691   731  1025          
Q21     1910  1171  1178  1075   911  1280  1222  1113   968   816  1017          
Q21     1920   804   824   693   483   355   513   731   651   365   681          
Q21     1930   870   898   947   945   636   853   843   908   811   982          
Q21     1940   650   917   903   740   706   921   936   816   966   721          
Q21     1950   982   701   896   721   889   871   822   892   888  1106          
Q21     1960  1343   704   475   437   668   614   643   576   465   683          
Q21     1970   698   932   729   851   673   632   783   745   824   836          
Q21     1980   767   776   791   897   712   926   960   929   595   745          
Q21     1990   843   808   479   692   458  1004  1103   873   945   702          
Q21     2000   598   980   841   772   820   588   754  1060   871 -9999          
Q22     1776  3122  2217  2471  3657                                              
Q22     1780  2243  1842  2274  3947  3623  2905  3303  3345  2549  2967          
Q22     1790  2475  2243  1843  1816  1467  1313  1270  1242  1813  1473          
Q22     1800   938   995  1555  1908  2062  1728  1594  1997  1412   854          
Q22     1810   808  1520  2228  2216  1835  1456  1402  1475  1509  1658          
Q22     1820  1073   709  1089  2294  2721  2127  1122  1609  1679  1889          
Q22     1830  2451  2917  2201  1374  1474  1084   972  1162  1586  2215          
Q22     1840  2628  2035  1500  1066   464   456  1089  1529  1451  1395          
Q22     1850   943  1084   953   652   778   768   692   781  1310   954          
Q22     1860   927   929  1110  1566  1253  1047   959   389   755   670          
Q22     1870   647   642   786   898   859   844   607   337   457   286          
Q22     1880   332   515   522   461   649   644   643   692   754   971          
Q22     1890  1029   776   737   787   967   642   790   798   699   703          
Q22     1900   807   915   904   985  1229  1318  1212  1347  1334  1884          
Q22     1910  1873  2357  1883  1541  1597  1480  1550  1380  1608  1225          
Q22     1920   846  1251  1207  1576  1649  1776  1728   905   794  1201          
Q22     1930  1119  1085  1464  1128   992   888   636   925   760  1050          
Q22     1940   540   772  1035  1035  1014   952  1177  1072  1037  1264          
Q22     1950  1066   958  1129  1114  1279  1393  1553  1434  1755  1829          
Q22     1960  1508  1220  1446  1860  1910  1637  2032  1796  1002  1008          
Q22     1970  1050  1221  1597  1442  1386  1434  1238   998  1639  1632          
Q22     1980  1579  1720  1358  1173  1036   926  1156  1462  1493  1366          
Q22     1990  1268  1772  1294  1433  1640  1874  1704  1235  1278  1761          
Q22     2000  1650  1732  2122  1876  1506  1458  1258  1543  1252 -9999          
Q23     1760  2832  5693  4365  4232  4412  4386  5346  4981  4925  3866          
Q23     1770  1898  1607  1333  1615  2319  4076  4347  3669  3813  5459          
Q23     1780  5220  2655  1865  2349  1567  2115  1845  1923  2069  2629          
Q23     1790  2097  2016  2315  1956  1875  1983  2335  2061  1995  1476          
Q23     1800  1470  1333   953  1362  1756  1501  1636  1440  1245  1203          
Q23     1810  1410  1340  1624  1584  1425  1483  1509  1645  1590  1496          
Q23     1820  1134  1062  1357  1237  1342   881   786   952  1131  1208          
Q23     1830  1178  1346  1148  1150  1608  1200   597   960   783   738          
Q23     1840   548   496   634   662   691   686   906  1044  1031   662          
Q23     1850   718   863   825   857   669   619   558   533   761   748          
Q23     1860   484   606   566   570   479   635   558   445   364   216          
Q23     1870   487   426   405   319   527   412   306   275   389   407          
Q23     1880   488   340   463   256   571   205   314   397   292   306          
Q23     1890   410   397   191   221   294   241   206   152   176   284          
Q23     1900   215   169   194   108   142   305   229   277   197   216          
Q23     1910   284   225   158   140   394   277   206   208   226   197          
Q23     1920   335   331   169   349   242   353   371   234   326   463          
Q23     1930   320   346   471   389   263   252   393   434   230   549          
Q23     1940   431   403   406   326   530   595   436   478   581   487          
Q23     1950   304   337   483   371   639   680   628   398   612   919          
Q23     1960   608   338   430   606   571   490   661   540   462   555          
Q23     1970   705   375   419   611   421   464   404   527  1028   794          
Q23     1980   697   477   554   651   391   515   515   696   878   654          
Q23     1990   659  1093   896  1028  1057  1256   805  1243   673  1124          
Q23     2000  1100  1070  1111  1344  1271   882  1176  1456  1318 -9999          
GQ198A  1728  3889  3242
GQ198A  1730  4533  3412  2947  3363  3578  3361  3847  3804  3851  3805
GQ198A  1740  4255  3845  3825  4061  3667  4309  4162  4473  3747  3402
GQ198A  1750  3299  2258  1762  2053  2618  3758  4582  3517  2772  2574
GQ198A  1760  1681  1700   979  1370  1363  1396  1930  1412  1719  1963
GQ198A  1770  1433   908  1063  1291  1577  2112  2694  3080  2547  2752
GQ198A  1780  2329  2262  2458  2763  2313  2452  2011  1824  2225  1943
GQ198A  1790  1537  1574  1508  1493  1312  1454  1730  1154  1370  1279
GQ198A  1800  1288  1538  1636  1755  1603  1838  1865  1905  1564  1452
GQ198A  1810  1209  1135  1583  1538  1548  1721  1658  1373  1673  1935
GQ198A  1820  1508  1531  1613  1568  1968  1921  1598  1931  2021  1941
GQ198A  1830  1935  2523  2344  2020  2012  1841  1348  1576  1781  1573
GQ198A  1840  1263  1444  1506  1316   927   897  1183  1232  1301  1238
GQ198A  1850  1191  1106  1025   994  1046  1066   884  1070  1248  1190
GQ198A  1860  1096  1137  1322  1302  1249  1190   952   882   887   877
GQ198A  1870   932   977  1532  1198  1304  1517  1599  1198  1138   693
GQ198A  1880   920   985   994  1047   942   554   592   582   729   766
GQ198A  1890   890  1211  1283  1102   823   713   653   775   746   837
GQ198A  1900   821   708   535   507   582   634   594   684   711   818
GQ198A  1910   924   995   978  1016   933   843  1178  1028  1114  1259
GQ198A  1920  1068  1132  1333  1362  1262  1306  1361  1104   825   931
GQ198A  1930   972   853  1107   907   868   919  1010   976   952  1088
GQ198A  1940   827  1051  1169   911  1014  1033  1162   877   853   821
GQ198A  1950   814   816  1013  1020   931   895   792   828   858  1086
GQ198A  1960  1032   676   909   938  1083  1171   933   948   839   694
GQ198A  1970   849   870   877   938   811  1001   809   914  1002   997
GQ198A  1980   963  1286   963  1047   878   861  1122  1070  1259  1173
GQ198A  1990  1003  1122  1144 -9999
GQ197A  1707  2923  3656  3367
GQ197A  1710  2495  2697  3696  3646  3790  3173  3134  2875  3338  2935
GQ197A  1720  3411  2653  3146  3005  3007  2584  3625  2914  2772  2181
GQ197A  1730  3066  3219  2742  2786  3108  3572  3680  2763  2836  2131
GQ197A  1740  2305  2490  1722  2485  2500  2403  2081  2220  2419  2656
GQ197A  1750  2949  2248  3107  4484  4767  3528  3077  1859  1701  1496
GQ197A  1760  2109  2601  2210  2272  2644  1875  2243  1970  2100  1605
GQ197A  1770  1040  1006  1686  1848  2059  1812  1432  1395  1251  1545
GQ197A  1780   970   844  1065  1388  1143  1235   961   754  1109  1297
GQ197A  1790   993  1124  1426  1461  1801  1496  1157   792  1087  1019
GQ197A  1800  1934  1643   938  1007  1356  1196  1181   868  1246  1227
GQ197A  1810   935  1076  1170  1051  1019  1162  1208  1059  1078  2077
GQ197A  1820  1382   878   883   826   985   922   838  1066  1119  1338
GQ197A  1830  1628  2068  2045  1947  2177  1765  1451  1663  1423  1533
GQ197A  1840  1273  1445  1647  1617  1631  1502  1433  1559  1701  1512
GQ197A  1850  1415  1336  1290   889   857   819   685   880   777   584
GQ197A  1860   644   702   891  1048   888   965   687   360   601   492
GQ197A  1870   737   793   809   907  1373  1526  1683  1457  1343   966
GQ197A  1880  1216  1104  1317   921   359   187   319   361   349   371
GQ197A  1890   483   436   396   620   284   268   357   356   414   553
GQ197A  1900   549   496   555   429   435   438   448   513   486   609
GQ197A  1910   638   559   524   535   576   549   601   648   604   689
GQ197A  1920   631   733   731   876   927  1204   975   543   462   561
GQ197A  1930   636   610   524   448   344   338   396   381   307   314
GQ197A  1940   334   432   494   459   621   606   799   944  1183  1401
GQ197A  1950  1491  1500  1689  1296  1143  1037   826   688   616   787
GQ197A  1960   769   471   551   746   970   934   769   681   442   584
GQ197A  1970   752   923   781   735   712   557   570   609   713   801
GQ197A  1980   749   672   643   468   318   334   485   494   537   366
GQ197A  1990   381   484   415 -9999
GQ180A  1750  3474  2643  3158  3405  3848  3946  3214  3299  5151  5923
GQ180A  1760  4239  4330  2785  3390  3329  3739  4456  4257  4349  4275
GQ180A  1770  2095  1059   871   592  1151  1729  2355  2269  1945  3410
GQ180A  1780  2400  3198  1550  2084  1881  2113  1508  1502  1880  1922
GQ180A  1790  1757  2061  1676  1443  1332  1332  1336  1136   812   771
GQ180A  1800  1382  1159   925  1003  1126   870   783   957   706   631
GQ180A  1810   736   812  1092   869   733   762   689   707   956  1112
GQ180A  1820   693   718   747   834  1072  1199  1305  1293  1423   983
GQ180A  1830   994  1204  1086   904  1190   891   599   635   411   459
GQ180A  1840   404   774   533   599   702   740   804   678   812   804
GQ180A  1850   862   870   696   570   598   543   556   657   593   607
GQ180A  1860   689   980  1086   974  1271  1034   796   643   726   569
GQ180A  1870   892   919  1015   859   852   970   882   789  1054   726
GQ180A  1880  1136   758   996   615   619   470   646   662   638   702
GQ180A  1890   730   690   651   883   365   471   598   658   613   752
GQ180A  1900  1105  1163   808   842  1214  1054   830   897   979   874
GQ180A  1910  1305  1252  1147  1068   977   822   936   659   898  1002
GQ180A  1920  1089  1035   849   756   651  1022  1528  1030   549  1038
GQ180A  1930  1122  1151  1470  1567   989  1214  1535  1474  1555  1366
GQ180A  1940   849  1173   883   663   829   989   971   857   883  1411
GQ180A  1950  1038   990   921   933   616   941   734   975   709   795
GQ180A  1960   709   634   686   701   921   682   576   776   514   451
GQ180A  1970   750  1076  1166   699   495   648   653   683   750   755
GQ180A  1980   636   602   515   595   441   429   488   680   913   700
GQ180A  1990   699   768   807 -9999
GQ164A  1727  2481  1729  1825
GQ164A  1730  2467  2380  1676  1859  3308  2650  2485  1953  2197  1924
GQ164A  1740  1853  2115  1243  1489  1839  1568  1536  1601  1429  1245
GQ164A  1750  1801  1558  1567  1551  1307  1375  1276  1291   955   974
GQ164A  1760  1046  1040   889  1286  1085   919  1232  1100  1220  1166
GQ164A  1770   554   338   420     0   193   646  1034  1420   932   685
GQ164A  1780  1283  1555  1020  1017  1437  1329  1182   814   798   506
GQ164A  1790   566   436   457   529   300   253   313   174   300   318
GQ164A  1800   369   372   466   573   580   551   542   521   393   453
GQ164A  1810   597   848  1239  1339  1156  1394  1132  1106  1366  1975
GQ164A  1820  1317  1067  1028  1219  1390  1287  1148  1321   960   880
GQ164A  1830  1063  1418  1157   934  1061  1010   683  1103  1220  1225
GQ164A  1840  1061  1150  1046  1132   978   709   935  1262  1287   758
GQ164A  1850  1008   933   734   703   617   874   532   253   243   334
GQ164A  1860   278   334   426   593   671   495   372     0   381   440
GQ164A  1870   496   686   629   617   743   749   589   435   843   492
GQ164A  1880   655   783   775   405   370   402   564   722   580   521
GQ164A  1890   360   353   322   815   879   369   514   426   364   479
GQ164A  1900   497   617   410   256   274   250   256   254   189   241
GQ164A  1910   403   429   364   260   357   347   508   505   508   477
GQ164A  1920   379   519   414   715  1073  1233  1061   917   562   849
GQ164A  1930  1050   932   926  1252   977   833   981  1109   802  1114
GQ164A  1940   856   993   880   852   676   951   671   824   674   524
GQ164A  1950   664   622   594   533   398   601   422   471   476   554
GQ164A  1960   598   350   393   507   489   440   522   478   338   552
GQ164A  1970   428   850   590   485   398   256   292   364   340   276
GQ164A  1980   322   353   309   531   323   388   329   454 -9999
GQ158A  1716  1981  2159  2884  2798
GQ158A  1720  2904  2837  2603  2039  3419  3574  3640  4420  3064  2892
GQ158A  1730  3387  2495  2460  3275  4322  3213  3219  2795  3836  3266
GQ158A  1740  2261  1859  1562  1891  2025  2474  2173  2734  2650  2705
GQ158A  1750  2863  1852  1688  1543  1785  1914  1177   823   870   866
GQ158A  1760   841  1657  2181  2255  1973  1600  1767  1916  1851  1848
GQ158A  1770  1232   660   678   650  1049  1248  1202  1351  1238  1512
GQ158A  1780  1719  1895  1548  2181  1815  1822  1406   857   985   866
GQ158A  1790   477   673   498   657   352   228   159   289   361   514
GQ158A  1800   517   320   479   871   820   577   455   414   487   467
GQ158A  1810   669   664   776   826   778   738   641   738   976  1431
GQ158A  1820  1356  1262  1407  1237  1574  1848  1945  2062  1882  1909
GQ158A  1830  1672  1508   988  1000  1185  1096  1022  1190  1042  1126
GQ158A  1840   782   660   532   508   525   433   703   708   651   359
GQ158A  1850   570   378   578   454   284   419   378   512   750   659
GQ158A  1860   554   721   833   912   954   943   792   580   802   579
GQ158A  1870   713   427   612   500   572   712   432   453   526   377
GQ158A  1880   417   440   411   359   374   333   313   480   423   506
GQ158A  1890   316   341   355   541   246   292   260   256   263   338
GQ158A  1900   397   401   305   475   791   740   711   418   654   694
GQ158A  1910   667   861   823   831   908   726   975   647   812   745
GQ158A  1920   577   650   643   588   759   997   759   564   536   849
GQ158A  1930   865   852   715   624   690   793   950  1090   693   857
GQ158A  1940   934  1276  1041  1199  1060  1224  1309  1236  1127  1425
GQ158A  1950  1391  1347  1643   414   274   611   417   322   391   388
GQ158A  1960   415   316   304   333   423   256   417   399   351   405
GQ158A  1970   472   546   529   469   492   453   494   490   617   693
GQ158A  1980   569   550   574   660   641   526   709   869   861  1024
GQ158A  1990   578   677   835 -9999
GQ193A  1680  1608  1484  1362  1471  1203   786   813   918   967   727
GQ193A  1690   662   647   959  1074   973   927   779   883  1019   778
GQ193A  1700   679   813  1043  1684  1066   909   768   855   652   671
GQ193A  1710   623   739  1025   684  1018   875   571   861   859  1097
GQ193A  1720   904   845  1039  1428  1282  1322  1725  1474   857   948
GQ193A  1730  1316  1051   989  1330  1668  1694  1535  1258  1488  1181
GQ193A  1740  1014  1189  1479  1374  1399  1535  1360  1062  1025   795
GQ193A  1750  1078   982  1091   973  1094  1348  1277  1217   972  1166
GQ193A  1760  1091  1489   997  1141  1255  1200  1016   921   969   894
GQ193A  1770   848   757   927   880   710   746   941   933   949  1048
GQ193A  1780  1092   968   871  1300  1051  1147   984   624   735   934
GQ193A  1790   733   687   598   531   708   729   520   445   490   424
GQ193A  1800   430   484   409   422   346   343   315   358   340   389
GQ193A  1810   392   389   427   338   384   342   292   478   500   581
GQ193A  1820   381   352   388   283   361   433   390   320   205   228
GQ193A  1830   280   382   398   379   349   316   257   320   332   270
GQ193A  1840     0   218   244   245   201   191   279   290   341   365
GQ193A  1850   229   268   218   227   255   260   259   286   327   338
GQ193A  1860   361   307   285   267   260   307   242   249   206     0
GQ193A  1870   351   232   197   151   193   182   168   295   285   188
GQ193A  1880   186   191   274   289   312   195   214   208   276   140
GQ193A  1890   163    99   134    92   150   139   106   215   154   215
GQ193A  1900   174   208   283   192   346   240   117    79   132   134
GQ193A  1910   241   252   298   341   251   224   197   259   463   380
GQ193A  1920   242   239    84   126   206   315   252   157   101   168
GQ193A  1930   270   258   271   161   245   409   374   286   241   324
GQ193A  1940   361   399   356   429   377   432   447   508   577   832
GQ193A  1950   695   724   771   751   622   591   493   346   453   596
GQ193A  1960   540   411   497   557   492   527   398   250   236   402
GQ193A  1970   352   451   483   604   545   581   790   908   763   545
GQ193A  1980   345   313   413   481   371   293   441   438   429   463
GQ193A  1990   522   629   836 -9999
GQ189A  1790  2325  2527  2592  2048  2251  2448  2434  2378  2178  2085
GQ189A  1800  2321  2406  2135  2100  2169  2252  1947  1748  1746  1327
GQ189A  1810  1248  1286  1116  1099  1147  1298  1185  1209  1389  1343
GQ189A  1820  1171  1148  1780  1378  1521  1812  2658  3159  2889  2290
GQ189A  1830  2366  3169  3102  2359  2978  2888  2496  2182  1931  1949
GQ189A  1840  2002  1530  2129  2095  1632  1540  2021  2066  2101  1884
GQ189A  1850  1844  1806  2038  1801  1946  1498  1529  1688  1765  1715
GQ189A  1860  1289  1474  1312  1337  1328  1373  1353  1108  1114  1221
GQ189A  1870  1509  1439  1531  1470  1616  1726  1609  1407  1960  1226
GQ189A  1880  1982   981  1617  1207  1141   966  1195  1023  1175  1377
GQ189A  1890  1340  1276  1106  1414  1353  1290  1170  1173  1172  1173
GQ189A  1900  1199  1150   863   987  1165  1010  1064   925   903   840
GQ189A  1910   993  1000   864   822  1096  1104  1024   937  1114  1042
GQ189A  1920   971  1166  1108  1248  1148  1337  1706  1074   995  1212
GQ189A  1930  1359  1105  1468  1526  1466  1325  1239  1117   979  1095
GQ189A  1940  1025  1180  1208  1136  1026  1021   831   922   842  1001
GQ189A  1950   881   683   668   774   815   836   750   840   799  1030
GQ189A  1960  1141  1007  1064  1087  1564  1327  1245  1151   945   834
GQ189A  1970  1052  1122  1245  1031   830  1005  1128  1002  1233  1223
GQ189A  1980  1181  1302  1251  1237  1251  1004  1122  1359  1520  1475
GQ189A  1990  1803  1845  1590 -9999
GQ171A  1687  3696  3597  2754
GQ171A  1690  3330  4014  3388  3035  3834  3044  3352  3461  2814  1973
GQ171A  1700  1971  1993  2027  2065  1981  2480  2182  2221  1819  2150
GQ171A  1710  2555  2433  2163  2068  2591  2629  1906  1790  1641  1698
GQ171A  1720  1683  1535  1710  1493  2372  2732  2701  2469  1867  1738
GQ171A  1730  1837  1492  1429  1856  2032  1874  1718  1715  1740  1234
GQ171A  1740  1233  1614  1626  1633  1414  1335  1387  1332  1869  1608
GQ171A  1750  1834  1990  2095  1824  1723  1789  1974  1776  1784  2122
GQ171A  1760  1968  1885  1407  1546  1546  1665  1879  1752  1633  1831
GQ171A  1770   827   353   264   303   491   809  1002  1001   981  1516
GQ171A  1780  1259  1255  1257  1660  1558  1730  1634  1795  1464  1672
GQ171A  1790  1280  1233  1436  1218  1187  1113   824   770   644   820
GQ171A  1800  1230  1071  1021  1141   941   935   913   913   737   586
GQ171A  1810   981  1430  1201  1206   991   817   498   714   922   836
GQ171A  1820   941   850   842   907  1077  1231  1424  1122  1105  1271
GQ171A  1830  1008  1337  1894  1336  1370   815   524   690   632   759
GQ171A  1840   769   671   605   656   817  1070   654   900   840  1015
GQ171A  1850  1151  1052  1089  1169  1155   827   603   726   640   359
GQ171A  1860   459   633   554   970   799   728   733   543   503   490
GQ171A  1870   546   670   691   565   661   748   812   600   777   690
GQ171A  1880   695   648   762   793   632   526   557   574   499   533
GQ171A  1890   698   716   650   840   653   430   621   563   468   403
GQ171A  1900   499   642   462   582   761   545   371   244   288   301
GQ171A  1910   429   477   419   366   497   628   673   634   955   886
GQ171A  1920   754   877  1007  1132  1398  1461  1666  1378   865  1082
GQ171A  1930  1039  1139  1064  1094   981   949   881  1001  1137   930
GQ171A  1940   902   921  1127  1021   743   703   748   719   962   802
GQ171A  1950   690   668   679   488   361   439   649   546   697   786
GQ171A  1960   679   546   613   733   925   897   692   711   404   486
GQ171A  1970   602   665   626   385   399   422   796   771   725   758
GQ171A  1980   560   579   550   811   469   400   485   485   532   398
GQ171A  1990   453   647   537 -9999
GQ163A  1700   606   255   270   457   513   968  1306   710   618   881
GQ163A  1710   728   549   803   988   855  1276   533   796   878   684
GQ163A  1720  1457  1346   971   541  1658   584   534   774  1098  1144
GQ163A  1730  1008  1392  2141  1500  2468  3391  2708  2985  3228  2636
GQ163A  1740  2070  2825  1094  2143  2879  2211  1772  1283   927  1110
GQ163A  1750  1129   664   727   581   337   443   423    62    36   107
GQ163A  1760   174   338   408   686   430   476   284   563   573   364
GQ163A  1770   163   281   177   167   106   147   481   998   627   869
GQ163A  1780   710   786   688   535   446   177   385   371   190   176
GQ163A  1790   254   154    93    94   139   724   466     0     0     0
GQ163A  1800   979   323   389   511   567   773   469   656   524     0
GQ163A  1810   575   444   700   729   902   640     0   920  1575  1312
GQ163A  1820  1387     0  1669  1674  1605  1270  1436  1543  1316  1491
GQ163A  1830  1344  1483  1384  1155  1340  1371     0  1427  1542  1313
GQ163A  1840   913  1195   961  1022  1258  1469  1734  1941  1912  1165
GQ163A  1850  1289  1580  1599  1445  1840  1330  1589  1895  1340  1360
GQ163A  1860  1633  1834  1636  1877  1669  1263  1717  1611  1779  1264
GQ163A  1870  1946  2152  1953  1401  1484  1396  1230  1302  1437  1008
GQ163A  1880  1126  1063  1179   801   645   582   786   796   852   794
GQ163A  1890   782  1009  1119  1386  1189  1145  1095  1129   909  1338
GQ163A  1900  1435  1157   996   245   674   988  1041   582   587   806
GQ163A  1910  1014  1350  1065  1025  1182  1045  1045   933   990   886
GQ163A  1920   793  1102  1085  1141  1221  1101  1054   958   858   980
GQ163A  1930   976  1101  1060   965  1026  1421  1161  1115  1249  1266
GQ163A  1940   931  1152  1044   821   777   858   623   683   593   676
GQ163A  1950   808   692   598   847   707   765   606   644   561   724
GQ163A  1960   673   453   456   586   523   574   602   624   623   703
GQ163A  1970   579   680   761   720   865  1288   984   862   905   765
GQ163A  1980   485   281   394   678   495   387   688   551   420   362
GQ163A  1990   426   555   645 -9999
GQ175A  1725  4871  4282  3706  2925  2074
GQ175A  1730  2984  3128  2958  3176  4504  4070  3880  3737  3812  2831
GQ175A  1740  2584  2081  3365  3277  2507  2309  2936  2592  2640  2700
GQ175A  1750  2626  2484  2220  2675  2909  2993  2065  1879  1831  1925
GQ175A  1760  1703  1484  1677  1956  2206  2055  2515  2239  2390  2340
GQ175A  1770  1566  1055   448   510   723   700   881  1004  1291  1277
GQ175A  1780  1440  1415  1517  1227  1453  2014  1885  1482  1843  2175
GQ175A  1790  1460  1468  1936  1361  2020  2196  2008  1892  1721  1868
GQ175A  1800  1973  2523  1905  1935  2462  2344  2281  2273  1986  1280
GQ175A  1810  1576  1888  1791  1568  1350  1680  1370  1066  1294  1538
GQ175A  1820  1277  1056   809   981   915  1181  1170  1262  1133  1251
GQ175A  1830  1171  1470  1339  1250  1246  1327   867   856   991  1143
GQ175A  1840  1273  1364  1289  1138   813  1076   784  1250   946   955
GQ175A  1850  1101  1019  1006  1223  1180  1059   857  1188  1187   882
GQ175A  1860   936  1102  1144  1020  1267   953  1011  1314   929   770
GQ175A  1870   817  1170  1120   825  1016  1141  1048  1117  1146  1051
GQ175A  1880  1198  1169  1222  1150  1011  1069  1103  1160  1257   893
GQ175A  1890   883   724  1071  1208  1052   816   887   915   705   871
GQ175A  1900   947   942   998  1087  1310  1368   961  1022   771   888
GQ175A  1910  1097  1427   970   913  1061   776   856   871  1074  1148
GQ175A  1920   939   662   877   753   822   931  1039   930   846   975
GQ175A  1930  1170  1123   895  1108   944   757   721   811   749   885
GQ175A  1940   837   966   962   779   820   885   841  1190  1063  1085
GQ175A  1950  1043  1013  1225   755   782   969   858   824   772  1017
GQ175A  1960  1090   557   601   753   947   925   975   633   452   452
GQ175A  1970   576   679   717   478   475   521   540   469   611   477
GQ175A  1980   369   412   494   380   404   541   634   658   737   838
GQ175A  1990   831   731   774 -9999
