RHT51D  1937  5467  3221  3780
RHT51D  1940  3043  1739  1090  1011  1064   447   457   675    98   564
RHT51D  1950  1225   828   801   915  1042  1150  1074  1521   948   881
RHT51D  1960  1354  1429  1524   582  1101  1598  1079  1599  1460  1196
RHT51D  1970  1492  2350  2561  2487  2646  3439  3791  2614  2529  2506
RHT51D  1980  2753  2688  2391  3061  2031  1301  1429  1824  1674  2603
RHT51D  1990  3093  3572  3231  2841  2094  2499  2998  3806  2998  3880
RHT51D  2000  3136  2946  2540  1969  2212  2775  3412  3126  2807  2522
RHT51D  2010  2310  2024  1917 -9999
RHT001B 1933   640   666   921   917  1095  1319   966
RHT001B 1940  1002   656   658   614   852  1025  1382  1390  1108  1876
RHT001B 1950  1926  1606  1502  1786  1981  2536  1070  1515  1236  1482
RHT001B 1960  1908  1792  1563  1714  1902  1941  1270  1926  1842  1327
RHT001B 1970  1653  1724  2266  2349  1824  2174  1960  1703  1628  1713
RHT001B 1980  1486  1523  1312  1526   789  1014  1278  1634  1154  2139
RHT001B 1990  3042  2192  1560  1275  1035  1635  1510  1632  1439  1663
RHT001B 2000  2149  2528  2038  2432  2354  1048  1490  1576  1358  1304
RHT001B 2010  1348  1281  1050 -9999
RHT01A  1931  3010  3069  2310  2826  3246  3497  3253  1948  1834
RHT01A  1940  2366  1145   980  1058  1034  1560  1746  1753   906  1649
RHT01A  1950  2054  1959  2779  3333  2682  2833  2204  2801  4232  3330
RHT01A  1960  3223  2781  3259  2566  3159  3193  2969  3338  3741  2789
RHT01A  1970  3652  3869  4244  3159  2530  3016  3789  3492  2964  3228
RHT01A  1980  2868  2541  3661  3954  2555  2300  1696  2799  2806  4108
RHT01A  1990  4128  3207  2614  2455  1599  1079  1401  1239   907  2931
RHT01A  2000  2611  2695  3162 -9999
RHT01B  1775   687  1117  1006  1158   571
RHT01B  1780   711   500   426   439   460   775   822   272   208   459
RHT01B  1790   393   383   993  1065   945   800   506   824  1304  2078
RHT01B  1800  2765  2831  1543  1246  2597  2586  2871  2668  2129  1483
RHT01B  1810  1569  1665  1648   973  1265  1550   930   960   830  1802
RHT01B  1820  1643  1496  1749  1385  1374  1183  1150  1247  1299  1268
RHT01B  1830  1269  1502   960  1044  1226  1193  1039   994   720   581
RHT01B  1840   409   548  1043  1343  1569  1568  1548  1728  1421   869
RHT01B  1850  1167  1039  1240  1092   647   498   615   742  1124  1134
RHT01B  1860  1050  1038  1081  1177  1473  1559  1166   923  1070  1078
RHT01B  1870  1455  1379  1195  1096  1098  1464  1130   803  1042   955
RHT01B  1880  1299   817  1083  1017  1335  1134  1060  1224   963  1181
RHT01B  1890  1190   909  1037  1478  1236   955  1333  1343  1302  1451
RHT01B  1900  1346  1169  1074  1594  1918  1780  1712  1443  1345  1137
RHT01B  1910  1225  1595  1248  1464  1453  1182   915   613   770  1320
RHT01B  1920  1122  1544  1276   915   771   968   858   649   362   617
RHT01B  1930   848   860   852  1061   873   830   820   783   967   967
RHT01B  1940   887   507   356   505   398   346   710   658   482   735
RHT01B  1950   828   910   733   853   714   904   823   710   691  1032
RHT01B  1960  1226  1193   919  1034  1171  1286  1162  1423  1522  1246
RHT01B  1970  1125  1460  1260  1218   995  1346  1663  1342  1071   909
RHT01B  1980   791  1158  1223  1516  1169  1124   922  1115  1169  1202
RHT01B  1990  1107  1489   955   767   662  1081  1349  1035   753   867
RHT01B  2000  1171  1088  1301  1505  1396   819  1321   997  1360  1369
RHT01B  2010   910  1014   872 -9999
RHT01C  1827  1282  1009  1054
RHT01C  1830  1076  1407  1248  1204  1700  1525  1601  1512  1204  1244
RHT01C  1840  1256  1321  1416  1717  1213  1103  1036  1664  1545  1241
RHT01C  1850  1305  1665  1349  1349  1672   710   902  1157  1538  1730
RHT01C  1860  1995  2366  2005  1571  1496  1389  1221  1178  1061   944
RHT01C  1870  1370  1824  1762  1676  1730  1921  1730  1895  1768  1419
RHT01C  1880  1600  1209  1493  1505  1557  1166  1187   953   996   933
RHT01C  1890  1398  1028  1336  1441  1102  1196  1294  1112  1346  1706
RHT01C  1900  1537  1557  1388  1335  1801  1632  1398  1091   975  1139
RHT01C  1910  1161  1568  1431  1473  1802  1431  1685  1685  1611  1230
RHT01C  1920  1091  1854  1600  1198   975  1483  1845  1494   901  1101
RHT01C  1930   998  1045  1158  1482  1460  1302  1566  1620  1513  1789
RHT01C  1940  1566  1566  1069  1440  1904  1704  1598  1461  1259  1345
RHT01C  1950  1502  1344  1535  1630  1418  1715  1566  1651  1513  1588
RHT01C  1960  1005   921   899   837  1121  1207  1079  1027   815   878
RHT01C  1970  1027  1281  1068   858   868   857   846   932   910   857
RHT01C  1980   646   762   550   423   487   445   465   604   561   613
RHT01C  1990   710   698   572   582   497   593   571   656   667   741
RHT01C  2000   783   995   899  1038   836   815  1164  1185   921   878
RHT01C  2010   889   805  1061 -9999
RHT01D  1933  3346  2182  2934  2221  2274  1729   623
RHT01D  1940  1246   799   649   686  1084  1131  1534  1354  1087  1668
RHT01D  1950  2232  2578  2091  2632  1602  2802  1655  1688  2283  2229
RHT01D  1960  2021  1471  1631  1342  1993  2035  1643  1760  2025  2480
RHT01D  1970  2681  3143  2286  2296  2604  3567  3524  2900  2741  2815
RHT01D  1980  2244  2222  2011  2360  1630  1556  1989  2508  2943  2698
RHT01D  1990  3842  3969  2307  2286  2468  1990  1587  1683  1958  2921
RHT01D  2000  2836  3059  2720  2984  2286  2679 -9999
RHT01E  1946  1283  1365   900  1420
RHT01E  1950  1789  1493  1811  1874  2160  1578  1324  1684  1959  1684
RHT01E  1960  1736  1419  2118   847   795  1101  1282  1440  1493  1324
RHT01E  1970  1695  1930  2220  2253  1563  2413  2722  2253  2179  2445
RHT01E  1980  2116  2287  2232  2566  1561  1770  2396  2502  2237  2395
RHT01E  1990  2882  2979  2566  1951  1781  1686  2480  2340  2584  2963
RHT01E  2000  3525  3165  2762  2869  1958  2478  2795  2434  2095  2085
RHT01E  2010  1461  2042  1905 -9999
RHT01F  1925  1766  2257  2332  2184  2598
RHT01F  1930  2672  2142  2577  2927  3514  3598  3562  2564  2436  1792
RHT01F  1940  2050  1941  1786  2058  1615  1985  2105  1887  1376  1585
RHT01F  1950  2777  2383  2212  3027  2720  3005  1821  2042  2233  1620
RHT01F  1960  1830  2032  2424  2403  2338  2413  1651  1916  1640  1440
RHT01F  1970  2572  3481  3630  3123  3270  3428  3207  2732  2117  1704
RHT01F  1980  1672  1926  1704  1662  1376  1174  1291  1683  1535  2286
RHT01F  1990  3218  3016  3028  2990  2734  3044  2531  2780  1727  2256
RHT01F  2000  2916  2894  3088  3207  2223  1936  1958  2127  2466  1948
RHT01F  2010  1799 -9999
RHT01H  1847  1580  1637  1306
RHT01H  1850  1086  1366  1482  1097  1075  1065   886   996  1688  1636
RHT01H  1860  1320  1410  1398  1381  1392  1250  1089   901  1186   749
RHT01H  1870   695   749  1187  1237  1698  2084  1869  1421  1262   941
RHT01H  1880  2147  1208  1742  1303  1650   932   756  1027  1211  1166
RHT01H  1890  1417  1176  1375  1923  1252  1143  1481  1820  1798  3146
RHT01H  1900  1533  1353  1202   835  2059  1420   966   868  1002   772
RHT01H  1910   919   889   713  1029  1043   744   858   513   992  1273
RHT01H  1920  1108  1394  1009   938  1075   914  1012   988   718   521
RHT01H  1930  1166  1125  1207  1692  1065  1248   911   564   891   814
RHT01H  1940   587   401   370   367   588   434   593   511   312   562
RHT01H  1950   657   777   566   743   810   666   489   522   278   686
RHT01H  1960   475   321   422   395   568   603   612   703   598   325
RHT01H  1970   345   718   731   559   532   878   684   657   459   403
RHT01H  1980   437   227   266   470   295   426   299   568   623   745
RHT01H  1990   812  1152   644   666   817   942   960   557   714  1236
RHT01H  2000  1122  1031   998  1696  1591  1083   819  1015  1287   928
RHT01H  2010   753   698   863 -9999
RHT01L  1915   884   751   635   540   751
RHT01L  1920   964  1418  1185   826   952   730  1101   868   624   805
RHT01L  1930  1143  1132  1206  1144   994  1006   825   731   529   529
RHT01L  1940   592   477   360   582   881  1005   890   846   635   921
RHT01L  1950  1111  1016   794   952   963  1196   868  1006   920   762
RHT01L  1960   720   455   434   646  1026   910   985  1037   804   794
RHT01L  1970   878  1069  1217  1143   868  1281  1429   709  1238   889
RHT01L  1980   624   667   699   793   709   773   815  1079  1187  1006
RHT01L  1990  1335  1419   953   774   858   996   508   635   594   497
RHT01L  2000   423   425   508   582   678   476   582   615   540   497
RHT01L  2010   551   518   574 -9999
RHT01M  1871  1188   713   712  1423  1348   948   478   769   689
RHT01M  1880  1048   915  1082  1105  2133  1340   950   966  1259   963
RHT01M  1890  1252   783  1351  1446  1262   653  1096  1150  1025   889
RHT01M  1900   589   318   627  1313  1449  1055  1264   750  1260   811
RHT01M  1910   842  1076   823  1062  1124   981   777   536   478   890
RHT01M  1920   971  1208   952   720   749   928  1203   951   726   640
RHT01M  1930   918   890   977   934  1065   887   623   542   777   589
RHT01M  1940   619   445   442   435   874   800   816   480   456  1015
RHT01M  1950   960   785   632   849  1047  1078   862   719   763   765
RHT01M  1960   411   411   402   403   648   724   540   603   314   411
RHT01M  1970   388   530   476   276   161   228   442   205   345   239
RHT01M  1980   172    65   180   214   190    52   101   191   265   368
RHT01M  1990   324   334   485   431   219   366   205   195   227   184
RHT01M  2000   169   289   177   390   378   334   562   658   660   496
RHT01M  2010   431   358   464 -9999
RHT01N  1934  1689  1838  2044  1374  1230  1305
RHT01N  1940  1040   614   613   861   562   838   741   958  1185  1229
RHT01N  1950  1532  1308  1108   875   544   593   496   548   498   686
RHT01N  1960   767  2064  2170  2044  2439  1957  1331  1360   755   372
RHT01N  1970   819  1124   946   809   286   522   404   659   595   808
RHT01N  1980   627   692   265   320   147   171   288   713   904  2243
RHT01N  1990  2334  1439   884   841   373   331   458   458   363  1013
RHT01N  2000  1247   800   586   771 -9999
RHT01R  1917  1738  1400  1274
RHT01R  1920  1293  2277  1164  1241   469   825  1472  1232   856   909
RHT01R  1930   919   368   411   627   866   781   788   974  1307  1223
RHT01R  1940   967   532   691   647   554   658   733   425   414   670
RHT01R  1950   998   659   860  1052  1126  1201   766  1115   584  1126
RHT01R  1960   914   680  1191   615  1197  1018   790  1162  1111   822
RHT01R  1970  1301  1291  1868  1504  1046  1685  1206  1345  1205  1568
RHT01R  1980  1349  1105  1115  1121   674   703   973  1409   930  1602
RHT01R  1990  2658  2514   969   740   225   197   311   620  1021   572
RHT01R  2000   589   552   609   523   465   408 -9999
RHT01T  1937   487   635   635
RHT01T  1940   540   762   910  1323  1227   815   815  1164   889   889
RHT01T  1950  1376  1217  1101  1545  2043  1386  1228  1704  1735  1958
RHT01T  1960  1770  2413  2169  2011  2847  3408  2603  2487  2805  2275
RHT01T  1970  2911  3291  3704  3906  2698  3091  3799  3122  2371  2340
RHT01T  1980  2784  2879  2625  1703  1768  2243  2107  2465  1990  2074
RHT01T  1990  2593  3112  2520  2000  1482  2254  2551  3387  2583  2795
RHT01T  2000  2465  2456  2602 -9999
RHT01W  1892   689  1029  1548   892   984   773  1100  1091
RHT01W  1900   825   413   614   942   740   858   529   455   646   349
RHT01W  1910   211   286   254   307   413   328   413   190   222   339
RHT01W  1920   445  1026  1238  1027  1196  1704  1646  2192  2283  2016
RHT01W  1930  2471  2017  1802  2349  1930  1769  1127  1036  1420  1304
RHT01W  1940  1407   900   719  1007   931  1069  1058   762   593   699
RHT01W  1950   814   551   614   910  1122  1016   719  1164  1048  1207
RHT01W  1960   995  1238  1312  1143  1503  1566  1344  1186  1100   741
RHT01W  1970   508   847   921  1164   952  1630  1653  1027   878   804
RHT01W  1980   868   815   646   550   286   190   318   487   677   709
RHT01W  1990   974  1111   444   646   445   381   339   424   264   424
RHT01W  2000   338   339   434   582   688   317   361   361 -9999
RHT01X  1886   688   825   646   360
RHT01X  1890   561   465   434   656   995   466   762   646  1006   869
RHT01X  1900   913   306   585  1112  1176  1048   753   742   784   435
RHT01X  1910   296   350   519   615   932   647   560   404   413   519
RHT01X  1920   816  1579  1716  1164  1114  1478  1391  1327   974   663
RHT01X  1930   793   942  1162  1172   949   917   544   639  1097  1024
RHT01X  1940   735   470   415   682   981  1109  1343  1376  1151  1294
RHT01X  1950  1433  1076   988  1376  1456  1423  1123  1392   940  1359
RHT01X  1960  1403  1362  1380  1069  1490  1555  1417  1602  1632  1024
RHT01X  1970   917   927  1484  1525   970  1515  1622  1035  1130   747
RHT01X  1980   886   898   843   876   385   310   170   353   437   513
RHT01X  1990  1121   854   732   631   343   247   289   183   196   319
RHT01X  2000   366   353   268   428   451   332   385   494   149   204
RHT01X  2010   274   159   248 -9999
RHT01Y  1937  2059  1986  1665
RHT01Y  1940   795   740   606   568    98   584   757   592   314   585
RHT01Y  1950  1498   908   592   533   660   773   563   768   894   958
RHT01Y  1960  1034  1111  1685   792   753  1321   975  1170  1577  1003
RHT01Y  1970  1559  1786  1810  2095  1374  2139  1812  2851  2067  1685
RHT01Y  1980  1102  1156   900  1198   816   731   721   731   858  1102
RHT01Y  1990  1070   995   966   804   439   640   660   462   506   770
RHT01Y  2000   649   660   550   903  1089  1420  1532  1780  1208   954
RHT01Y  2010   898  1141   731 -9999
RHT01Z  1725   243   197   324   265   159
RHT01Z  1730   243   572   466   369   525   579   736   435   659   478
RHT01Z  1740   402   526   422   434   449   254   348   312   391   221
RHT01Z  1750   573   544   661   624   432   550   551   496   313   764
RHT01Z  1760   541   118   264   499   572   594   646   849  1029   794
RHT01Z  1770   277   403   308   413   351   466   657   689   679   625
RHT01Z  1780   700   403   519   425   519   629   583   668   318   345
RHT01Z  1790   413   393   456   765   201   573   413   742   393   752
RHT01Z  1800   594   742   339   552   530   604   509   710   626   859
RHT01Z  1810   710   562   541   741   531   689   614   735   222   339
RHT01Z  1820   645   805   762   624   603   424   380   572   497   678
RHT01Z  1830  1143  1026   657   815   762   518   455   540   371   328
RHT01Z  1840   306   255   338   593   635   434   709   772   720   614
RHT01Z  1850   698   635   625   402   593   497   625   666   646   741
RHT01Z  1860   635   688   677  1037   741   370   445   328   339   349
RHT01Z  1870   434   275   402   390   625   677   381   391   318   497
RHT01Z  1880   667   445   317   307   349   286   212   317   212   169
RHT01Z  1890   191   243   159   233   181   212   350   340   339   393
RHT01Z  1900   307   265   382   520   574   285   234   276   289   191
RHT01Z  1910   201   254   264   392   275   106   137   159   117   159
RHT01Z  1920   191   222   233   317    97   148   116   201   138   148
RHT01Z  1930   181   243   180   297   319   329   320   190   255   245
RHT01Z  1940   243   234   159   501   393   280   288   342   397   951
RHT01Z  1950   771   307   272   558   483   515   299   418   440   213
RHT01Z  1960   278   193   246   256   268   194   234   376   129   129
RHT01Z  1970   137   155   309   236   140   418   459   332   278   375
RHT01Z  1980   214   385   226   225   363   225   365   389 -9999
RHT02A  1931   732   964  1401  1607  1704  1487   932  1150   979
RHT02A  1940  1117  1237  1372  2072  1904  1245  1628  1946  1330  1905
RHT02A  1950  2309  1722  1574  2725  1883  1383   777  1245  1990  2246
RHT02A  1960  1947  2072  2156  1924  2454  2295  1774  2784  2517  2539
RHT02A  1970  3029  3940  3686  4319  3988  3669  3754  3084  2630  2494
RHT02A  1980  2935  2774  2011  1911  2130  1603  1753  2419  2029  3656
RHT02A  1990  4586  4081  2654  2310  1362  2178  2807  3920  3352  3802
RHT02A  2000  3716  2678  3223  2978  3268  3066  2454  2378  1597  1747
RHT02A  2010  1457  1650  1903 -9999
RHT06B  1918  2852  1610
RHT06B  1920  1361  2066  1425  1108  1303  1269  1143  1826  1584  1850
RHT06B  1930  1546  1591  1136  1340  1231  1610  1344  1415  1535  1170
RHT06B  1940  1369  1047  1056  1638  1737  1617  1285  1245  1208  1869
RHT06B  1950  2206  1918  1141  1785   848   980  1260  1235  2055  1921
RHT06B  1960  2123  1827  2428  2244  2861  2579  2136  3824  2646  1314
RHT06B  1970  1735  2652  2921  2224  1575  2032  2298  1820  1160  1234
RHT06B  1980  1689  2593  2244  2370  2297  1725  1566  1979  1958  2350
RHT06B  1990  3132  3493  2085  1545  1503  1442  1566  2095  1810  2582
RHT06B  2000  3472  2180  1968  2054  1672  1831  1799  1746  1926  1546
RHT06B  2010  1555  1567  1968 -9999
RHT07A  1800  2523  2360  1294   819  1516  1589  1854  2685  1612  1255
RHT07A  1810  2054  1984  1984  1967  1499   989  1035  1528  1563  2291
RHT07A  1820  2382   996  1063  1155  1035  1095   860  1223   768  1223
RHT07A  1830  1233  1462  1294  1336  2288  1779  1071   558   254   130
RHT07A  1840   341   434   857  1092   974  1226  1423  1072  1005   897
RHT07A  1850  1058   997  1582   754   742   973   919   953  1386   973
RHT07A  1860   677   590   471   516   734   674   965   596  1127  1333
RHT07A  1870  1919  1505  1104   878  1290  1455  1136   355   556   592
RHT07A  1880   978  1054  1034  1011  1905  1905   703   773   736   794
RHT07A  1890  1262  1215  1225  1463  1107   862   973  1235  1409  1162
RHT07A  1900   570   213   506  1273  1841  1368  1077   656   753   519
RHT07A  1910   559   655   579   969  1372  1001   903   543   755   947
RHT07A  1920  1064  1785  1748  1499  1107  1533  1626  1559   771   429
RHT07A  1930   717   824  1299   848   463   432   395   244   492   308
RHT07A  1940   285   138    95   182   181   363   319   407   448   623
RHT07A  1950   722   483   917   821   907   199   108   174   124   262
RHT07A  1960   494   786   923   521   714   737   626   727   596   463
RHT07A  1970   385   429  1001  1089   244   603   539   640   517   374
RHT07A  1980   188   321   606   673   120   180   165   456   425   720
RHT07A  1990  1359   629   644   673   438   296   391   753   234   280
RHT07A  2000   370   476   650   502   376   992   740   981   754   464
RHT07A  2010   248   322 -9999
RHT09A  1933  2825  2615  2922  3139  3621  4980  3873
RHT09A  1940  3168  3220  2681  1992  2701  2131  2680  2861  1970  3677
RHT09A  1950  2236  2066  1535  1768  1629  1556  1397  2307  2339  1323
RHT09A  1960  2022  1449  1302  1545  1567  1587  1238  1397   964  1058
RHT09A  1970  1323  1503  1598  2698  2626  2889  2900  2561  2540  2487
RHT09A  1980  1101  1842  2931  3186  2773  1693  2106  1926  1820  2085
RHT09A  1990  2964  2667  2275  2138  1820  1387  1122  1894  1894  3683
RHT09A  2000  4203  4691  3496  3166  2023  2043  2425  2404  1515  2954
RHT09A  2010  2712  2508 -9999
RHT09B  1923  2120  1564  1437  1483  1565  1401  1396
RHT09B  1930  1535  1320   736   926  1135  1215   842  1036  1938   990
RHT09B  1940  1028   981   983  1289   754   912  1074  1429   892   879
RHT09B  1950  1171   754   779   993   859   822   674   517  1115  1235
RHT09B  1960  1770  1453  1808  1469  2004  1771  1241  1190   979   852
RHT09B  1970  1246  1789  1609  1533   873  1268  1405  1279  1118  1321
RHT09B  1980  1481  1384  1182  1034   459   720   941  1308  1326  1093
RHT09B  1990  1007  2036  1379   965   997   933   881  1092  1051  1813
RHT09B  2000  1464  1580  1538  2057  1613  1238  1458  1479   909  1293
RHT09B  2010  1184  1325  1304 -9999
RHT10A  1898  3189  1842
RHT10A  1900  2647  2427  2801  3695  4189  2479  1672  2427  2679  3054
RHT10A  1910  2286  2103  2284  3697  3580  3362  3649  2867  3722  3243
RHT10A  1920  3050  3188  2838  2225  1567  1356  1799  2424  2847  2603
RHT10A  1930  3218  2931  2540  2942  2170  2804  2350  1587  2743  2138
RHT10A  1940  1122   847   878  1545  1143  1016   964   994  1239  1079
RHT10A  1950  1037   762   392   624   963  1450   868   656   561   466
RHT10A  1960   476   540   942   942  1365  1153   678  1270  1228   582
RHT10A  1970   529   730  1610  1788  1281  1111   857 -9999
RHT10B  1898  3525  2473
RHT10B  1900  3871  2267  2800  2995  3031  1451  1436  1843  2282  2183
RHT10B  1910  2763  2204  2179  3181  2440  1771  1305   944  1156  1295
RHT10B  1920  1262  1750  1899  1718  1740  1588  1273  1466  1762  1093
RHT10B  1930  1804  1507  1422  1730  1687  1605  1372   826  1349  1256
RHT10B  1940   532   564   596  1309   744  1032   957   991  1063  1171
RHT10B  1950  1681   789   659  1364  1058  1347   857   837   747   565
RHT10B  1960   608   620  1119   803  1543  1638   934  1388  1068   540
RHT10B  1970   691  1426  1911  1978  1490  1534  1523  1167  1076   982
RHT10B  1980  1230  1099  1009  1528   580   637   351   483   463   613
RHT10B  1990   868  1162   918  1153   642   868   760   934  1021  1184
RHT10B  2000  1392  1237  1325  1344  1095  1299  1189  1875  1128   928
RHT10B  2010   858   769 -9999
RHT12A  1849   804
RHT12A  1850   790   906  1158   772   946   870  1911  2254  2223  2346
RHT12A  1860  1345  1368   646   962   870  1473  1900  1785  1460  1509
RHT12A  1870  2302  1195  1643  1226  1319  1792  2172  1712  1658  1698
RHT12A  1880  1433  1619  1662   486   889   540   381   455   455   593
RHT12A  1890   571   646   963  1164   656   815  1175   752   719   857
RHT12A  1900   371   307   550   614  1294   912   690   923   647   700
RHT12A  1910   743   818   966   764   984   596   659   710  2180  2169
RHT12A  1920  2170  1270  1090  1312   995   953   815   613   572   836
RHT12A  1930  1238  1111  1090  1027   783   836   879   540   677   635
RHT12A  1940   836   794   645   413   624   466   566   624   456   592
RHT12A  1950   688   688   836  1291   836   752   889  1132  1164  1355
RHT12A  1960  1355   973  1006   868   910  1005  1207  1640  1175  1132
RHT12A  1970  1313  1693  1820  1704  1228   995   963  1026   921  1461
RHT12A  1980   772   688   784   869   954  1047   954   795   645   954
RHT12A  1990   900   859   878   826   657   794   815   859   879   932
RHT12A  2000  1229  1154  1355  1377  1102  1037   911  1176   783   953
RHT12A  2010  1176   837  1154 -9999
RHT13A  1693   584   419   718   339   200   278   311
RHT13A  1700   131   268   255   525   425   346   456   309   214   597
RHT13A  1710   509   315   370   274   271   237   250   174   195   105
RHT13A  1720   107   265   473   341   402   743   615   496   367   201
RHT13A  1730   614  1347  1744  1228  1664  1005   931  1297  1659  1372
RHT13A  1740  1117  1343  1358  1819   824   510   419   369   308   345
RHT13A  1750   523   509   569   906   793   914   339   519   444   835
RHT13A  1760   879  1041   868   742   466   180   285   390   683   698
RHT13A  1770   218   390   346   571   435   517   368   413   517   917
RHT13A  1780   983   541   555   398   285   394   377   573   453   362
RHT13A  1790   444   419   241   618   508   465   256   291   350   320
RHT13A  1800   417   564   213   212   240   274   308   286   263   422
RHT13A  1810   346   248   233   194   144   280   294   606   173   476
RHT13A  1820   544   462   491   620   870   399   318   360   485   572
RHT13A  1830   436   583   593   426   521   792  1004   755   422   507
RHT13A  1840   654   726  1299  2223  2379  2514  2685  2063  1397  1408
RHT13A  1850  1067   537   714   464    90   128   402   421   517   264
RHT13A  1860   569   445   701  1028  1397  1288   879   490   773   346
RHT13A  1870   643   779   808   659   569   733   891   538   690   569
RHT13A  1880   875   775   837   760  1216   758   509   652   485   470
RHT13A  1890   857   786   885  1200  1117   911   928   746  1317   926
RHT13A  1900   822   465   696  1062  1123   930   527   573   583   603
RHT13A  1910   918  1184   833  1237  1137   810   757   498   460   620
RHT13A  1920   631   787   568   497   431   564   687   611   450   522
RHT13A  1930   521   616   926   771   636   760   927   803   716   934
RHT13A  1940   559   472   466   547   602   323   420   280   302   429
RHT13A  1950   666   936   892   882   634   753   818   623   608   875
RHT13A  1960   554   638   671   680  1084  1086   967   985  1091   804
RHT13A  1970   717  1037  1114  1049   919  1107  1083  1050   870   701
RHT13A  1980   827   743   678   563   214   191   318   700   868   889
RHT13A  1990  1069   889   477   412   160   508   370   170   296   487
RHT13A  2000   275   244   151   276   328   235   424   371 -9999
RHDS1A  1844  1451  1445  1240  1193   989   763
RHDS1A  1850   496   431   886   805   846   652   840  1113  1115  1319
RHDS1A  1860   992  1078  1007  1646  1752  1347  1207  1075   983   974
RHDS1A  1870  1445  1323  1291  1039   805  1124   927  1128  1473   969
RHDS1A  1880  1362   696   776  1303   383   242   583   899   678   540
RHDS1A  1890  1008   923  1354  1396   822   663   888  1094  1427  1671
RHDS1A  1900 -9999
RHDS1B  1843  1728  1549  2467  1551  1171   738   365
RHDS1B  1850   419   611   844   823   790   781  1297  1682  2077  1522
RHDS1B  1860  1366  1869  1300  1436  1545  1090  1354  1441  1185   924
RHDS1B  1870  1470  1312  1172  1242  1592   891   822   996  4154  1005
RHDS1B  1880  1424   887   996  1730  1174   928   746  1004   619   581
RHDS1B  1890   767   614   983  1025   860   256   377   784  1179  1470
RHDS1B  1900  1278  1339  1267  1354  1868  1529   965  1089  1022   814
RHDS1B  1910   639   696   379   420   730   458   578  1064  1701  1799
RHDS1B  1920  2279  3667  2675  2179  1246  1439  1594   960   991  1081
RHDS1B  1930  1325  1239  1677  1274  1415  1663  1772  1728  1739  1875
RHDS1B  1940  1379  1055   848  1370  1469  1076  1075   636   261   834
RHDS1B  1950   648   552   780  1254  1011  1277  1035   888   409   428
RHDS1B  1960   690   380   370   454   447   532   390   716   683   575
RHDS1B  1970   359   673  1150  1038   656   665  1197   937   519   345
RHDS1B  1980   386   451   896   660   498   336   377   559  1065  1410
RHDS1B  1990  1185  1282  1148   940  1040  1048   782   971   780  1138
RHDS1B  2000  1428  1205   957   979   903   524   848  1131  1371  1263
RHDS1B  2010   857   675   871 -9999
RHDS1C  1845  1572   566   542   570   288
RHDS1C  1850   587   600   612   580   901   314   268   372   676  1071
RHDS1C  1860   753  1005   796  1051   875   697   740   581   712   568
RHDS1C  1870   778   568   511   370   327   374   394   540   645   521
RHDS1C  1880   640   520   590   919   928   871   805  1148  1380  1516
RHDS1C  1890  1230  1210  1668  1306   922  1041   845   703   639  1003
RHDS1C  1900  1211  1033  1209  1642  1874  1170  1031   951   839   532
RHDS1C  1910   479   764   637   802   838   715   818   883   908  1136
RHDS1C  1920  1289  1581  1397  1231  1316  1313  1205  1116   808  1071
RHDS1C  1930  1227  1280  1326  1393  1386  1466  1237  1054  1060   837
RHDS1C  1940   731   769   660   620   743   748   947  1057   849  1379
RHDS1C  1950  1304  1046  1086  1319  1044  1036   839  1074   882  1171
RHDS1C  1960  1588  1053   961   887   469   559   582   910   772   648
RHDS1C  1970   577   662   919   876   695   805   815   733   586   466
RHDS1C  1980   366   371   432   433   511   452   486   553   653   863
RHDS1C  1990   931  1031  1018   790   743   624   385   701   589   961
RHDS1C  2000   759   640   573   586   857   803   911   760   824   986
RHDS1C  2010   686   334   287 -9999
RHDS1D  1757   748   586   515
RHDS1D  1760   505   485   501   546   521   437   316   336   336   316
RHDS1D  1770   310   498   288   341   318   521   751   794   857  1153
RHDS1D  1780  1212   987   933  1115  1082  2274  2047  1974  1749  1917
RHDS1D  1790  1515   826   943   964  1377  1706  1387  1377  1345  1907
RHDS1D  1800  1630  1334  1238   931  1270  1302  1080  1238  1143   857
RHDS1D  1810  1376  1535  1566  1503  1217  1090   678   730   603  1461
RHDS1D  1820  1175   973  1016  1080   984  1111  1271  1473  1219  1103
RHDS1D  1830   943  1156   912   869   754   754   733   690   614   609
RHDS1D  1840   712   312   305   673  1229  1603  1327  1200  1647  1210
RHDS1D  1850   594   778  1243   984   844   609   737   827  1077  1088
RHDS1D  1860  1130  1140   904   901   891   811   786   912  1082   803
RHDS1D  1870  1084  1371  1009  1127  1462  1557  1534  1515  2022  1217
RHDS1D  1880  1557   911  1038  1081   848   423   382   444   530   699
RHDS1D  1890   815   434   550   466   455   297   349   296   455   381
RHDS1D  1900   349   476   477   529   757   800   887  1129   992   702
RHDS1D  1910   906   990   671   649   576   404   533   448   449   298
RHDS1D  1920   459   576   457   418   245   397   502   545   407   416
RHDS1D  1930   450   514   822   588   416   574   392   287   286   268
RHDS1D  1940   265   307   211   170   137   129   245   201   190   425
RHDS1D  1950   285   277   371   371   234   587   449   405   246   234
RHDS1D  1960   396   289   213   171   266   212   201   148   117   148
RHDS1D  1970   159   169   180   106   106   105   107    64    75    84
RHDS1D  1980    98    84   118   106   105 -9999
RHDS3B  1859  2328
RHDS3B  1860  2461  2359  2615  2192  1633  1481  1899  2442  3063  2348
RHDS3B  1870  3328  2111  1901  1775  1614  1316  1304   982  1358   906
RHDS3B  1880  1356  1015  1246  1979  1841  1355   727  1080   867  1193
RHDS3B  1890  1061   876  1089  1051   554   464   771   880   678   824
RHDS3B  1900  1005   678   719  1211  1561   960   644   612   658   350
RHDS3B  1910   370   342   251   449   294   246   464   925  1043  1263
RHDS3B  1920  1373  1591  1122   998  1037   866   782   937   702   522
RHDS3B  1930   409   480   861  1331  1079  1387  1537  1175  1413  2176
RHDS3B  1940  1655  1384  1175  1456  1557  1328  1016   793   593   982
RHDS3B  1950   676   732   635   763   578   717   616   517   337   379
RHDS3B  1960   474   639   806  1065  1608  1121   943   901   933   814
RHDS3B  1970   643   700   522   603   539   586   650   562   428   416
RHDS3B  1980   425   482   553   475   366   390   346   568   402   819
RHDS3B  1990   843   932   956  1058  1168  1178   699  1098   632   546
RHDS3B  2000   589   475   368   445   432   358   475   679   857   723
RHDS3B  2010   523   512   422 -9999
RHDS3C  1859  1705
RHDS3C  1860  2229  3067  2918  2897  2876  2746  2080  2036  2054  1766
RHDS3C  1870  2229  2725  2328  1987  2462  2100  2178  1796  2183  1352
RHDS3C  1880  1844  1076  1289  2128  2123 -9999
RHDS4D  1809   533
RHDS4D  1810   429   415   373   418   426   526   395   394   351   634
RHDS4D  1820   701   536   575   626   613   790   536   609   406   555
RHDS4D  1830   441   740   418   651   743   570   758   548   314   394
RHDS4D  1840   379   523   553   453   449   677   396   332   562   553
RHDS4D  1850   402   408   364   408   576   385   399   635  1016  1012
RHDS4D  1860   955  1422  1333  1701  1607  1621  1051  1320   684   396
RHDS4D  1870   825  1184  1074   845   740   405   634   588   705   795
RHDS4D  1880  1458   850  1016  1670  1332   748   530   611   526   672
RHDS4D  1890   928  1292  1970  1904  1236  1701  1678  2043  1611  1897
RHDS4D  1900 -9999
RHDS5A  1735   413   678   445   587   537
RHDS5A  1740   665   352   314   180   173   209   232   157   358   285
RHDS5A  1750   470   253   393   423   391   265   218   290   184    95
RHDS5A  1760    90   222   185   132    61    86   119    80    81   104
RHDS5A  1770    67    57    71   128   101   123   114   119    62   165
RHDS5A  1780   138   142   189   214    75   165   148     0     0   368
RHDS5A  1790   324   218   370   216   195   162   142   208   129   423
RHDS5A  1800   494   574   388   233   394   288   213   257   426   362
RHDS5A  1810   405   534   545   310   138   288   416   609   225   630
RHDS5A  1820   973   131   108    44   131   364   364   567   256   173
RHDS5A  1830   382   214   181   288   342   288   447   340   393   383
RHDS5A  1840   225     0     0     0     0     0   446   321   182    82
RHDS5A  1850   120   226   506   504   268   193   386   627   736   797
RHDS5A  1860   604   409   355   334   430   560   485   700   946   595
RHDS5A  1870   859  1074   571   639     0     0   458   585   671   616
RHDS5A  1880   853   587   715   782   781   583   837   775   700   519
RHDS5A  1890   435   404   381   361   116   248   255   223   105   212
RHDS5A  1900   328   320   243   561   540   339   222   265   158    85
RHDS5A  1910   222   275   180   255   351   254   222   329   233   371
RHDS5A  1920   277   201   105   212   265   413   414   381   330   498
RHDS5A  1930   582     0   307   645   953  1365  1355  1652  1809  1440
RHDS5A  1940  1185  1842  1206  1175   836  1048   804  1026  1249  1027
RHDS5A  1950  1069  1482   815  1101   797   794   553   967   924   744
RHDS5A  1960  1243  1042   786  1201  1202  1069   994   731   592   635
RHDS5A  1970   762   847   709   868   699   711   555   614   416     0
RHDS5A  1980     0     0     0    74    95    85    86   181   201   171
RHDS5A  1990   223   298   372   428   563   453   308   508   382   625
RHDS5A  2000   435   393   296   499   752   572   711   657   455   488
RHDS5A  2010   678   425   170 -9999
RHDS5E  1849   114
RHDS5E  1850   191   127   128   187   134    84   192   195   244   246
RHDS5E  1860   266   191   148   160   224   162   141   162   216   221
RHDS5E  1870   239   288     0     0   134    97   147   211   208   124
RHDS5E  1880   119   119   256   234   198   177   278   334   332   311
RHDS5E  1890   321   322   575   512   364   312   334   466   345   475
RHDS5E  1900   334   432   313   372   443   356   325   339   442   349
RHDS5E  1910   472   429   472   405   352   393   463   505   491   587
RHDS5E  1920   671   789   608   693   651   831  1422  1091   974  1060
RHDS5E  1930  1092  1006   827  1346   995  1354  1260   973   995   783
RHDS5E  1940   604   645   582   688   508   815   773  1291   868  1272
RHDS5E  1950   931   710   550   360     0   170   201   328   465   635
RHDS5E  1960   868   529   593   423   530   402   465   519   508   370
RHDS5E  1970   402   604   711   827   509   732   541   583   414   213
RHDS5E  1980   361   296   282   404   607   777   638   682   618   990
RHDS5E  1990   904   745   458   404   743   638   436   756   595   712
RHDS5E  2000   671   702   680   980   755   584   797   595   448   486
RHDS5E  2010   553   423   466 -9999
RHDS6   1760  2670  1317  2469  2649  1905  1535  1425  1467  1392  1497
RHDS6   1770   746  1194  1377  1136  1061  1094  1397  1131   583   872
RHDS6   1780  1056  1068  1489  1533  1300  1623  1154  1021  1191   952
RHDS6   1790   876   677   634   899   633   711   654   745   557   768
RHDS6   1800   744   655  1150  1027  1138  1058   812   704   693   488
RHDS6   1810   489   662   835   509   477   596   728   878   551  1012
RHDS6   1820   772   427   446   523   436   672   734   714   702   744
RHDS6   1830   615   689   917   451   540   648   679   655   561   344
RHDS6   1840   227   398   810   841   926   861   735   417   388   355
RHDS6   1850   386   323   203   302   571   321   194   388   774   588
RHDS6   1860   621   652   322   374   364   366   374   556   450   321
RHDS6   1870   449   449   586   523   416   639   523   309   481   447
RHDS6   1880   502   522   801   843   884   490   353   425   500   575
RHDS6   1890   669   682   756   788   415   394   565   713   907   680
RHDS6   1900   609   458   319   522   574   408   256   277   312   245
RHDS6   1910   363   700   565   500   648   606   714   723   724   819
RHDS6   1920   712   778   915   616   638   690   436   382   149   307
RHDS6   1930   447   350   340   340   445   457   382   382   413   499
RHDS6   1940   338   223   190   254   275   425   444   403   212   360
RHDS6   1950   476   244   276   349   435   615   383   553   515   491
RHDS6   1960   363   192   190   256   212   180   170   223   169   202
RHDS6   1970   255   299   213   320   216   258   288   255   258   151
RHDS6   1980   139   140   137    98   127   158   258   234   223   234
RHDS6   1990   129   192   118   149   127   297   141   193   183   257
RHDS6   2000   224   208   175   259   193   197   273   285   211   319
RHDS6   2010   173   131   100 -9999
RHDS7D  1760  1928  2142  2396  2454  2446  1621  2026  3043  2355  2527
RHDS7D  1770   936  2069  2550  2348  2266  2137  2021  1772  2197  1724
RHDS7D  1780  2842  1892  2008  2166  1994  1860  1394  1475  1398  2455
RHDS7D  1790  1545  1989  1617  1643  1358   801  1296  1351  1564  2324
RHDS7D  1800  1103  1533  1724  1597  2238  2074  1135  1633  1358  1153
RHDS7D  1810  1379  1604  2238  1966  1584  2133  2114  1694  1406  2249
RHDS7D  1820  2286  1431  1386  1498  1176  1286  1238  1605  1088  1239
RHDS7D  1830  1266  1514  1164  1165   763  1004   880   768   739   735
RHDS7D  1840   907   937  1208  1372  1349  1953  1933   720   858  1322
RHDS7D  1850  1246  1007  1024   792  1169  1190   817   976  1092   817
RHDS7D  1860 -9999
RHDS7F  1784   826   962   698   369   431   532
RHDS7F  1790   332    95   332   570   329   244   282   191   247   493
RHDS7F  1800   490   339   500   441   637   262   309   650   653   569
RHDS7F  1810   509   392   339   114   173   264   465   375   531  1274
RHDS7F  1820   738   337   277   375   202   159   277   374   249   539
RHDS7F  1830   352   291   344   487   310  1145  1597  1661  1423   896
RHDS7F  1840   584  1116  1865  1723  1515  1270   469   924  1377   993
RHDS7F  1850   909  1094  1601   930   549   237   289  1188  1510  1266
RHDS7F  1860   841  1081   586  1151   938   757  1045   706   609   720
RHDS7F  1870  1022   529   788   650   642   904  1029   957  1115   774
RHDS7F  1880  1135   572   844   552   586   305   268   322   375   372
RHDS7F  1890   563   563   683   482   386   395   442   706   668   668
RHDS7F  1900   744   645   536   756   493   479   378   259   301   280
RHDS7F  1910   324   484   377   302   216   257   270   226   366   420
RHDS7F  1920   484   754   537   709   559   602   353   279   193   258
RHDS7F  1930   428   300   396   601   653   610   439   504   659   497
RHDS7F  1940   381   381   222   233   275   403   412   540   254   360
RHDS7F  1950   296   318   381   465   275   519   275   393   265   180
RHDS7F  1960   338   212   190   244   254   222   288   338   159   222
RHDS7F  1970   243   286   318   285   265   275   265   233   233   233
RHDS7F  1980   191   148   190   223   222   201   201   211   170   191
RHDS7F  1990   148   254   276   342   309   180   266   372   307   415
RHDS7F  2000   288   224   159   191   213   318   277   256   255   289
RHDS7F  2010   237   181   201 -9999
RHDS8A  1789   625
RHDS8A  1790   508   412   516   544   522   609   799   564   449   763
RHDS8A  1800   759   549   555   380   748   890   541   659   663   480
RHDS8A  1810   449   791  1034   727   600  1093  1003   711   542  1190
RHDS8A  1820   995   491   798   761   616   764   916  1264  1080  1260
RHDS8A  1830  1142   895   754   971   928   958   816   526   218   262
RHDS8A  1840   411   526   870  1218   708  1329   735   503   836   445
RHDS8A  1850   484   379   414   546   522   425   657   800   971   663
RHDS8A  1860   715   963   929   898   866   663   898  1006  1155   911
RHDS8A  1870  1267   827   558   891   750   967   890   632   857   480
RHDS8A  1880   790   522   533   843   812   501   404   449   554   511
RHDS8A  1890   498   370   704   768   309   278   282   562   421   436
RHDS8A  1900   401   470   740   726   739   622   477   421   309   223
RHDS8A  1910   376   431   334   399   404   381   381   264   275   437
RHDS8A  1920   308   403   307   383   413   434   561   254   180   201
RHDS8A  1930   339   338   244   296   298   317   307   302   222   254
RHDS8A  1940   202   201   172   140   137   127   138   149   129   181
RHDS8A  1950   299   160   202   266   255   275   169   170   158   170
RHDS8A  1960   234   138    96    74    43    87    66    97    96    77
RHDS8A  1970    86   116    96    52    57    74   129   137    75    96
RHDS8A  1980    96   106   148    85    97    64   137   127   127   159
RHDS8A  1990   127   127   169   138   138   117   116   148   106   212
RHDS8A  2000    95   127   159    96   106   107    95   127   140 -9999
RHDS8B  1776  1045   804   541   303
RHDS8B  1780  1297  1609  1610  1382  1117  1294  1528  1068  1492  1610
RHDS8B  1790  1110  1033  1543  1332  1135  1000  1545  1326   961   962
RHDS8B  1800  1398   867   905   655   790   831   692   963   645   692
RHDS8B  1810   508   759   840   621   731  1014  1099   809   828  2103
RHDS8B  1820  1739   839   730   730   606   895  1170  1497   903  1168
RHDS8B  1830   855  1053  1244  1097  1085  1289  1568  1153  1220   899
RHDS8B  1840   737  1358  1899  2330  2308  2146  1073  1362  1680  1392
RHDS8B  1850  1058  1338  1134  1273  1132  1051   860  1258  2146  1875
RHDS8B  1860  1542  1325  1056  1540  1530  1218  1439  1491  2216  2439
RHDS8B  1870  2641  2064  1889  1605  3163  1710  1260   945   825   612
RHDS8B  1880   988   655   793   891  1331  1202   731   760   569   968
RHDS8B  1890  1383  1011   872   956   957   947  1307  1212   989   967
RHDS8B  1900   798   585   403   661   656   328     0     0   137    97
RHDS8B  1910   116   286    64   117   127   118   148   127   148   169
RHDS8B  1920   127   286   265   318   106   190   149   158   118   180
RHDS8B  1930   328   222   307   424   974   804   836  1239  1555  1313
RHDS8B  1940  1122   794   635   477   370   468   466   699   585   783
RHDS8B  1950   995   603   677   836   466   847   349   571   392   561
RHDS8B  1960   804   413   254   529   613   265   349   307   233   233
RHDS8B  1970   317   222   339   296   233   286   392   287   286   286
RHDS8B  1980   106    96   234   285   265   137   117    95   127   360
RHDS8B  1990   222    96   138   275   159   138   233   222   138   243
RHDS8B  2000   254   243   233   275   233   296   551   531   424   285
RHDS8B  2010   392   328   254 -9999
RHDS8F  1762   611   445   616   734   632   754   485   594
RHDS8F  1770   327   544   602   386   285   209   651   560   579   871
RHDS8F  1780   600   690   871   817   556   733   780  1060   822   717
RHDS8F  1790   603   866   888   879   654   596   831   740   442   573
RHDS8F  1800   702   442   590   635   755   733   594   485   627   658
RHDS8F  1810   571   691   712   579  1031   998   671   683   694  1405
RHDS8F  1820  1199   935   845   716   442   633   592   817   685   860
RHDS8F  1830   409   461   644   782   644   849   644   747   849   853
RHDS8F  1840   796   687   665   721   655   866   863   617   778   519
RHDS8F  1850   517   434   530   431   553   442   604   656   712   573
RHDS8F  1860   549   895  1002   560   465   364   396   397   384   481
RHDS8F  1870   739   449   716   652   610   513   749   689   698   530
RHDS8F  1880   445   455   423   402   445   298   286   308   414   307
RHDS8F  1890   349   223   264   403   234   310   278   458   408   469
RHDS8F  1900   353   437   418   331   242   270   150   120    75    96
RHDS8F  1910   131   119    85   108    85   134   159   129     0    75
RHDS8F  1920    86   148   255   259   191   304   206   140    77    86
RHDS8F  1930   129   289   159   248   161   162   140   204   301   162
RHDS8F  1940   131   144   174     0    88    76   121   110   121   195
RHDS8F  1950   200   124    71   157   195   318   199   145   151   298
RHDS8F  1960   266   171     0     0     0     0     0     0     0    77
RHDS8F  1970   197    75    75   181    98   110   157   204   185   121
RHDS8F  1980   111   123   164   211   191   171   138    81    66    95
RHDS8F  1990   144   164   129    75   108   134   131   173    85   151
RHDS8F  2000   140   187   105    87    98   140   198   177   175   193
RHDS8F  2010   165   162   141 -9999
RHLS1B  1845  1345   548   390   490   305
RHLS1B  1850   745   694   899   568   739   237   284   530  1140  1918
RHLS1B  1860  1513  1195   911   859   793   614   629   531   660   749
RHLS1B  1870   689   542   384   277   271   290   374   377   635   519
RHLS1B  1880   447   607   842  1108  1094   996   854   864   773   565
RHLS1B  1890   644   583   668   778   327   635   444   592   497   527
RHLS1B  1900   508   496   394   445   516   497   393   408   454   278
RHLS1B  1910   346   466   499   361   446   366   452   446   317   362
RHLS1B  1920   309   403   457   383   430   512   479   379   341   370
RHLS1B  1930   504   617   545   630   636   815   712   676   609   653
RHLS1B  1940   696   616   449   408   382   438   493   568   379   398
RHLS1B  1950   578   492   375   416   521   464   435   332   388   500
RHLS1B  1960   668   454   559   550   539   394   626   715   783   864
RHLS1B  1970   832   608   896   775   555   593   690   587   532   334
RHLS1B  1980   302   322   277   362   384   337   374   393   521   623
RHLS1B  1990   828   728 -9999
RHLS1C  1845  1616   583   529   588   334
RHLS1C  1850   540   465   557   592  1012   311   262   374   733  1071
RHLS1C  1860   763  1104   872   979   848   771   601   474   686   565
RHLS1C  1870   763   601   464   407   331   389   440   583   733   520
RHLS1C  1880   727   549   670   918   971   901   840  1146  1349  1587
RHLS1C  1890  1331  1274  1610  1278  1013   968   843   751   726   855
RHLS1C  1900  1212  1011  1220  1684  1859  1048  1028   947   863   487
RHLS1C  1910   479   816   621   846   951   723   827   911   873  1108
RHLS1C  1920  1238  1543  1424  1242  1330  1318  1243  1118   805  1130
RHLS1C  1930  1266  1322  1325  1433  1410  1432  1251  1093  1022   876
RHLS1C  1940   739   752   632   552   723   781   959  1047   925  1302
RHLS1C  1950  1327  1089  1057  1293  1145  1048   968  1044   889  1147
RHLS1C  1960  1672  1075   993   886   558   512   563   868   834   625
RHLS1C  1970   609   649   876   886   770   859   682   715   572   470
RHLS1C  1980   412   421   446   451   448   474   475   563   677   823
RHLS1C  1990   968   998   982   835   776   607   398   620   663   850
RHLS1C  2000   876   712   574   646   776   821   920   748   814   984
RHLS1C  2010   698   309   288 -9999
RHLS2A  1758  1144  1331
RHLS2A  1760  1974  1960  1507   917  1048   815   947  1235   981   997
RHLS2A  1770   488   572   450   748   710   587   558   445   535   625
RHLS2A  1780   937   648   917   931   614   582   599   606   821   938
RHLS2A  1790   617   965   749   763   695   522   553   929   632   488
RHLS2A  1800   444   424   436   511   655   499   457   500   605   393
RHLS2A  1810   553   637   679   606   633   770   797   760   442   915
RHLS2A  1820   863   440   277   440   326   291   398   766   600   863
RHLS2A  1830   532   466   502   720   519   503   351   205   221   238
RHLS2A  1840   254   557   617   811   577   801   390   295   181    91
RHLS2A  1850   208   195   346   281   465     0     0   140   196   161
RHLS2A  1860   207   308   216   425   637   622   540   823   722   463
RHLS2A  1870   740   683   529   532   539   557   521   860   621   534
RHLS2A  1880   729   487   555   709   521   339   246   357   357   282
RHLS2A  1890   201   323   358   259   234   276   336   486   507   454
RHLS2A  1900   729   560   573   783   668   610   695   409   265   375
RHLS2A  1910   540   653   562   919   691   629   544   501   785   734
RHLS2A  1920   515   628   658   608   612   795   735   768   529   642
RHLS2A  1930   693   681   490  1012   818   876   801   511  1046   786
RHLS2A  1940   668   372   522   651   555   623   396   596   382   529
RHLS2A  1950   521   552   518   614   635  1018   764   734   773   871
RHLS2A  1960   656   508   403   595   564   511   415   522   428   508
RHLS2A  1970   477   488   657   794   550   656   836  1017   751   603
RHLS2A  1980   478   330   352   372   509   455   573   667   647   720
RHLS2A  1990   870   932   900   754   858  1008   663   788   593   823
RHLS2A  2000   657   827   667   806   941   726   646   606   428   544
RHLS2A  2010   636   463   452 -9999
RHLS2B  1758  1079  1162
RHLS2B  1760  1341  1288  1323  1050   801   854  1081   993  1160   693
RHLS2B  1770   271   426   479   924   845   684   691   748   549   857
RHLS2B  1780   909   656  1079  1032   611  1226   762   711  1278  1202
RHLS2B  1790   705   559   502   474   663   480   365   833   618   764
RHLS2B  1800   617   456   654   637   436   366   318   374   503   385
RHLS2B  1810   309   603   701   626   517   868   565   646   503  1127
RHLS2B  1820   955   567   295   526   493   580   525  1109  1009  1466
RHLS2B  1830  1051   693   661   519   474   603   442   476   496   452
RHLS2B  1840   530   442   465   959   790   835   393   426   436     0
RHLS2B  1850     0   262   537   382   514   385   546   162   385   326
RHLS2B  1860   298   251   174   349   483   305   332   584   626   615
RHLS2B  1870   809   401   411   496   712   530   530   386   502   396
RHLS2B  1880   545   320   437   534   834   554   364   405   385   461
RHLS2B  1890   309   329   457   468   381   414   340   680   669   784
RHLS2B  1900   520   404   392   709   688   361   698   636   391   487
RHLS2B  1910   910  1111   774   645   498   497   444   688   985   996
RHLS2B  1920   753  1111   720  1016   846  1070   794   700   518   604
RHLS2B  1930   687   678   571  1229  1111  1249  1249   848  1090   688
RHLS2B  1940   476   445   317   382   340   624   487   593   254   563
RHLS2B  1950   657   656   656   805   508  1154   742   688   614   518
RHLS2B  1960   519   328   444   487   582   361   339   349   254   202
RHLS2B  1970   254   267   298   276   201   307   414   488   362   265
RHLS2B  1980   190   180   233   192   223   172   254   319   317   425
RHLS2B  1990   601   652   537   444   413   480   321   598   377   658
RHLS2B  2000   621   495   382   717   531   633   563   585   449   680
RHLS2B  2010   519   354   324 -9999
RHLS2D  1769   444
RHLS2D  1770   285   444   202   329   351   558   962   634   783   632
RHLS2D  1780   923   998   541   810   675   541   523   943   919   960
RHLS2D  1790   763   954  1007   864  1228  1266  1066   868   649   660
RHLS2D  1800   470   452   748   791  1058  1129   962   819   930   567
RHLS2D  1810   776   895  1176   873   768  1123  1038  1058   833  1525
RHLS2D  1820  1123   663   677   817   880   968  1084   890   947  1204
RHLS2D  1830   960  1444  1534  1164  1198  1176  1370   877  1161   812
RHLS2D  1840   621   859  1181  1042   764  1252   444   646  1600   571
RHLS2D  1850   667   759   978   672   525   311   548   522   404   489
RHLS2D  1860   604   648   580   429   500   352   310   308   411   455
RHLS2D  1870   778   776   605   541   497   677   593   402   499   508
RHLS2D  1880   584   233   212   391   572   466   338   360   321   211
RHLS2D  1890   393   340   540   529   275   256   349   402   393   624
RHLS2D  1900   445   413   286   317   487   349   286   318   299   307
RHLS2D  1910   444   508   338   360   423   425   434   445   402   370
RHLS2D  1920   307   434   614   518   487   624   553   402   264   286
RHLS2D  1930   360   392   393   360   444   455   455   371   497   328
RHLS2D  1940   286   286   285   265   381   265   275   381   264   381
RHLS2D  1950   478   402   382   296   310   499   381   445   349   413
RHLS2D  1960   386   288   298   474   617   353   355   390   364   339
RHLS2D  1970   436   385   376   310   388   373   407   407   447   444
RHLS2D  1980   257   288   339   302   291   463   290   324   271   398
RHLS2D  1990   396   404   370   297   249   291   289   409   237   245
RHLS2D  2000   257   301   259   202   301   224   326   376   280   322
RHLS2D  2010   321   278   250 -9999
RHLS3A  1708   351   598
RHLS3A  1710   531   523   326   233   227   174   197    95    90    77
RHLS3A  1720    72    62   104    57    47    95   138    81    75    80
RHLS3A  1730    71    95   167   313   271   191   260   111    90    71
RHLS3A  1740    76    57   106   123   119   109    91   132   114    67
RHLS3A  1750    57    47    95    85   104    85    91    95    85   119
RHLS3A  1760   119   168   157   214   100   161   257   268   225   348
RHLS3A  1770    44   190   244   328   154   526   582   659   426   426
RHLS3A  1780   674   650   574   507   114   229   246   480   483   332
RHLS3A  1790   375   199   124   232   328   323   336   389   274   211
RHLS3A  1800   257   147   218   161   236   185   175   341     0   189
RHLS3A  1810   189   312   293   459   399   570   754   812   822   664
RHLS3A  1820   550   399   375   507   496   505   562   767   295   381
RHLS3A  1830   519   552   476   596   700   687   599   579   355   348
RHLS3A  1840   402   535   613   693   669   717   579   445   660   934
RHLS3A  1850   569   455   669   589   588   268   446   522   580   588
RHLS3A  1860   596   677   603   679   729   550   726   561   525   449
RHLS3A  1870   539   706   807   851  1079  1194  1132   957  1046   559
RHLS3A  1880   783   443   489   546   701   546   442   579   767   917
RHLS3A  1890   975   980  1458  1283   960   730  1092  1243  1021  1184
RHLS3A  1900  1327  1060   868  1163  1223  1132   948  1014  1011   643
RHLS3A  1910   959  1107   960  1135  1186   910   827   995   857   930
RHLS3A  1920   733  1232  1113  1024   853   724   850   840   481   559
RHLS3A  1930   534   652   774   984  1002   936   715   633   870   734
RHLS3A  1940   444   604   470   656   595   680   625 -9999
RHLS4A  1739  1530
RHLS4A  1740  1672  1363  1692  2208  3049  2672  2949  3253  2818  2410
RHLS4A  1750  2432  2525  2745  2502  2395  2046  1494  1781  2058  1867
RHLS4A  1760  2291  1696  1835  1846  1814  1611  1474  1697  1495  1113
RHLS4A  1770   573   403   615   764   954   753  1042   828   899   932
RHLS4A  1780   550  1122  1037  1175   952   995   847   815   742   816
RHLS4A  1790   710   359   393   243   572   561   519   551   476   508
RHLS4A  1800   582   456   530   498   592   736   435   307   361   421
RHLS4A  1810   362   396   331   383   310   404   396   331   202   754
RHLS4A  1820   880   645   513   592   547   602   633   634   665   758
RHLS4A  1830   739   616   821   851   820   756   681   830   724   729
RHLS4A  1840   396   472   548   579   493   451   396   547   399   332
RHLS4A  1850   482   385   444   342     0     0   172   214   315   372
RHLS4A  1860   211   294   209   372   406   251   289   267   151     0
RHLS4A  1870     0   196   338   364   370   303   337   191   248   144
RHLS4A  1880   216    77   191   247   196     0     0   114   159   270
RHLS4A  1890   208   208   239   262   259    77   216   272   349   357
RHLS4A  1900   562   364   334   327   476   477   347   269   241   268
RHLS4A  1910   454   537   529   409   368   248   305   143   281   281
RHLS4A  1920   254   382   398   298   321   542   630   632   331   386
RHLS4A  1930   543   586   827  1148  1071   803   903   535   796   639
RHLS4A  1940   409   374   262   339   349   282   382   295   370   426
RHLS4A  1950   436   282   491   967   773  1410  1283  1361  1329  1486
RHLS4A  1960  1342   922   701   721   764   664   512   598   458   383
RHLS4A  1970   376   501   382   352   318   374   544   519   404   254
RHLS4A  1980   222   319   299   233   254   233   222   212   391   371
RHLS4A  1990   339   298   414   264   275   297   296   434   772   764
RHLS4A  2000   889   605   381   584   804   603   614   830   690   625
RHLS4A  2010   497   287   425 -9999
RHLS5A  1732   693   513   717   724   973   690   646   418
RHLS5A  1740   546   631   781   746   735   489   709   586   689   653
RHLS5A  1750   686   623   629   620   335    57    66    81   201   265
RHLS5A  1760   294   154   180   461   513   208   252   252   370   503
RHLS5A  1770   138   151   101   100   100   114   303   188   378   298
RHLS5A  1780   300   288   268   244   265   512   429   431   402   546
RHLS5A  1790   393   276   472   280   298   360   408   610   294   654
RHLS5A  1800   623   609   446   279   463   466   268   303   377   312
RHLS5A  1810   378   589   673   332   100   169   278   418   214   599
RHLS5A  1820   631   203   191   268   129    97   362   287   204   183
RHLS5A  1830   159    96   158   149    64   181   277   245    75     0
RHLS5A  1840     0     0     0     0     0     0     0     0     0     0
RHLS5A  1850   129   169   257   301   288   140   247   310   457   330
RHLS5A  1860   237   159   288   211   404   425   287   414   500   355
RHLS5A  1870   596   405   373   395     0     0   266   339   382   310
RHLS5A  1880   340   308   300   444   265   201   264   213   245   159
RHLS5A  1890   254   307   381   351   211   307   275   318   148   233
RHLS5A  1900   317   233   169   180   265   127   159   138   137    85
RHLS5A  1910   180   180   180   254   212   148   190   223   254   190
RHLS5A  1920   180     0     0    85   105   191   159   201   243   286
RHLS5A  1930   403   414   372   584   710   827   731   520   616   519
RHLS5A  1940   659   880   657   596   350   532   576   702   617   797
RHLS5A  1950   789   747   666   733   537   581   507   515   483   562
RHLS5A  1960   724   644   555   698   677   627   489   362   371   447
RHLS5A  1970   467   501   515   440   343   409   407   376   234    75
RHLS5A  1980   138   110   129   181   191   183   164   226   155   204
RHLS5A  1990   257   198     0     0     0     0    97   203   224   371
RHLS5A  2000   371   561   235   298   448   363   618   415   300   383
RHLS5A  2010   532   202   214 -9999
RHLS8A  1789   658
RHLS8A  1790   720   516   425   603   525   473   892   729   476   669
RHLS8A  1800   606   611   667   502   782   743   489   743   891   494
RHLS8A  1810   698   877  1208   569   457  1050  1025   947   618  1170
RHLS8A  1820   946   655   739  1031  1057  1538  1234  1138   763  1207
RHLS8A  1830  1212  1117  1316  1346  1359  1165  1095   820   684   690
RHLS8A  1840   762   996  1008  1259   994  1316   914  1011   924   675
RHLS8A  1850   535   599   777   544   519   390   648  1076  1450   795
RHLS8A  1860   998  1140   859   711   754   482   506   644   430   571
RHLS8A  1870  1141   930   558   903   621   635   783   677   998   687
RHLS8A  1880  1136   562   534   853   926   582   657   571   517   614
RHLS8A  1890   776   571   797   927   694   714   532   950   866   801
RHLS8A  1900   963   601   961   896  1189   638   463   357   431   324
RHLS8A  1910   585   588   385   789   724   481   383   459   468   790
RHLS8A  1920   736   959   636   700   773   753   742   615   340   350
RHLS8A  1930   393   310   373   490   532   404   446   775   521   426
RHLS8A  1940   468   320   234   277   233   275   222   287   233   275
RHLS8A  1950   372   264   286   446   405   287   193   308   171   234
RHLS8A  1960   137    54    74   116   127   117    85   106    84    96
RHLS8A  1970   118   169   185    96   106   148   212   201   129   137
RHLS8A  1980    98   137    86    74    85    96   107   139   108   181
RHLS8A  1990   174   141   162   131   140   185   107    98    66   119
RHLS8A  2000   131   131   151   151   213   178   194   172   170   152
RHLS8A  2010   151 -9999
