RYO01B  1778  4099  3925
RYO01B  1780  3931  2609  2299  1888  1839  1959  1493  1770  1696  2285
RYO01B  1790  1582  2176  2363  2138  2077  1472  1848  1292  1657  1464
RYO01B  1800  1713  1184  1345  1658  1763  1848  2257  2701  2327  1610
RYO01B  1810  2170  2350  1589  1936  2164  2534  1917  1995  1785  2968
RYO01B  1820  1866  1424  1666  1097  1657  1507  1572  1999  1990  2339
RYO01B  1830  3134  3494  2905  1754  2591  2422  2167  2389  1701  1138
RYO01B  1840  1740  1219  1306  1589  1238  1473  2562  1440  1143  1546
RYO01B  1850  1462  1472  1679  1704  2731  2423  2181  2455  2128  1821
RYO01B  1860  1398  1419  1377  1454  1201   899   742   779  1389  1140
RYO01B  1870  1118  1274  1158  1221  1730  1762  1704  1798  2100   943
RYO01B  1880  1479   783  1106   738   926   875   664  1340   900  1233
RYO01B  1890  1235   873   911  1125  1202   722   806  1200  1504  1426
RYO01B  1900   881  1192  1008  1213  1346  1475  1336   932  1049   916
RYO01B  1910  1353  1120  1225  1150  1389   797  1020   945  1487  1364
RYO01B  1920  1146  1166  1102   965  1024  1116  1203   733   660   712
RYO01B  1930   679   786  1104   870   625  1028  1050   998  1144  1420
RYO01B  1940   858   891   636  1229  1368  1447   924   805   986  1167
RYO01B  1950   985   826   772  1175   783   796   633   882   818   871
RYO01B  1960   595   427   542   852   396   364   566   967   924   632
RYO01B  1970   672  1186  1019   880   776  1013   851   465   828   702
RYO01B  1980   528   598   696   650   465   701   811   745   634   845
RYO01B  1990   874   931   740   677   480   696   673   780   539   535
RYO01B  2000   589   554   717   550   448   376   436   456   461   550
RYO01B  2010   449   650 -9999
RYO03B  1815  1984  1734  1937  1744  2172
RYO03B  1820  1712  1826  2483  2167  2506  1395   870  1179  1151  1480
RYO03B  1830  1304  1806  2070  2434  2656  2174  1965  2286  2069   843
RYO03B  1840  1041  1216  1054  1840  1144  1251  1638  1548  1667  1805
RYO03B  1850  1638  1292  1330  1359  1869  1852  1454  1676  1473  2186
RYO03B  1860  1676  1877  2161  2248  1910  1810  1228  1131  1298  1197
RYO03B  1870  1426  1606  1804  2196  2966  2429  1775  1394  2058  1597
RYO03B  1880  2236  1023   904   870   965   754  1225  2018  1361  1580
RYO03B  1890  1239   744   801  1015  1268  1118  1269  1538  1692  2019
RYO03B  1900  1662  1315  1187  1431  1443  1188  1249  1143  1133  1441
RYO03B  1910  2139  1450  1143  1239  1281  1080   931   974  1630  1810
RYO03B  1920  1196  1070   973   794   794   826   967   870   465   683
RYO03B  1930   519   663   660   632   691   799   820   596   794   717
RYO03B  1940   618   634   834  1160  1105   947   768   817   814  1293
RYO03B  1950   896  1131   873  1178   973   853   670   660   743   749
RYO03B  1960   652   389   388   429   211     0     0   298   275   409
RYO03B  1970   462   660   650   583   462   934   928   781   660   553
RYO03B  1980   576   685   984   744   770   791   868  1334  1282  1021
RYO03B  1990   766   987  1071   696   748   901   550   843   620   791
RYO03B  2000   872   942   985   907   583   762  1014  1109  1020  1145
RYO03B  2010   665   630 -9999
RYO04B  1783  2650  2158  2156  1747  1835  2332  2392
RYO04B  1790  2015  1829  1766  1529  1787  1302  1719  1342  1498  1213
RYO04B  1800  1886  1060   667   909  1025   944   961   949   983   703
RYO04B  1810   781   910  1420  1610  1424  1700  1544  1496  1027  1094
RYO04B  1820   895  1107  1170   673   659   626   512   840   773   716
RYO04B  1830   964  1246  1864  1374  1640  1531  1094   952   746   326
RYO04B  1840   395   690   727   794   803   939  1279  1494  1749  2311
RYO04B  1850  2016  1475  1630   984  1309  1232  1250  1260  1363  1209
RYO04B  1860  1109  1091  1160  1270  1045  1078  1164  1011  1153  1388
RYO04B  1870  1204   951  1205  1230  1954  1835  1245   960  1275  1111
RYO04B  1880  1349   738  1125   728   648   735   715  1066  1136   916
RYO04B  1890   707   581   596  1022   553   752   793   901  1238  1175
RYO04B  1900   931  1016   784  1132   995  1133   804   857   826   688
RYO04B  1910   793   741   859   837  1080   975   677   721   911  1176
RYO04B  1920   964   837   912   625   784   783   891   667   552   710
RYO04B  1930   710   857   890   857   625   942   762   656   794   605
RYO04B  1940   562   508   436   518   741   921   776   532   806  1212
RYO04B  1950   921   942   804   868   614   668   499   574   584   413
RYO04B  1960   620   272   357   370   178     0     0   349   496   517
RYO04B  1970   733   990  1072  1151   926  1333  1001  1062  1173  1087
RYO04B  1980  1028  1548  1655  1316  1561   994   899  1543  1054  1267
RYO04B  1990  1695  2116  1519  1225  1041  1031  1115  1611   986  1175
RYO04B  2000  1619  1472  1238  1059  1174   986  1451  1122  1143   933
RYO04B  2010   847   953 -9999
RYO05B  1817  3725  3398  2273
RYO05B  1820  2160  2777  4506  2255  3637  2881  2517  1942  3309  4617
RYO05B  1830  3625  3272  3023  2199  3534  3452  2669  2945  2171  1687
RYO05B  1840  1861  2195  1561  3003  2566  2665  3338  2387  2491  2487
RYO05B  1850  2353  1510  2010  1555  2393  2022  2255  2530  1954  2269
RYO05B  1860  1501  2185  2008  1705  1115  1227   731   752  1169  1450
RYO05B  1870  1267  1386  1633  1412  1948  1577  1058   781  1042   596
RYO05B  1880   848   913   676   390   364   690   605  1095  1072  1581
RYO05B  1890  1411  1179  1221  1253  1431  1191   986  1102  1398  1854
RYO05B  1900  1662  1588  1526  1897  2139  1289  1323  1493  1105  1323
RYO05B  1910  1481  1397  1442  1238  1545   773   836   794  1280  1080
RYO05B  1920   963  1291   978   958  1083  1128  1645   837   254   429
RYO05B  1930   489   631   630  1078   837  1435  1248  1084  1711  1531
RYO05B  1940  1066  1075   812  1146  1197  1267   717   174   172   310
RYO05B  1950   289   293   364   482   588  1151  1191  1103   811   968
RYO05B  1960   548   624   702   555     0   161   239   424   375   385
RYO05B  1970   245   674   566   459   418   593   732   753   912  1091
RYO05B  1980  1111  1175  1344  1260  1038  1134   989  1286  1127  1097
RYO05B  1990  1321  1217  1254  1286  1517  1415  1188  1515  1505  1470
RYO05B  2000  1656  1304  1849  2045  1903  1582  2148  2021  2023  1991
RYO05B  2010  1823 -9999
RYO07B  1799  1586
RYO07B  1800  1882  1346  1576  1545  1534  1396  1331  1197  1404   962
RYO07B  1810   845   792  1119  1072   973  1145  1240  1556  1177  1582
RYO07B  1820  1433  1004   376   445   841  1043   901  1206   891  1075
RYO07B  1830  1124  1296  1243  1042  1198   936   849   939   711   332
RYO07B  1840   551   920  1033  1282   880   952   800  1317  1410  1485
RYO07B  1850  1178  1350  1578  1297  1375   810   871  1204   879   822
RYO07B  1860   866   769   895   951   696   523   559   686  1102   710
RYO07B  1870   535   251   379   309   521  1080   947   773  1168   598
RYO07B  1880   701   271   265   114     0     0     0   164   199   405
RYO07B  1890   308   138   128   154   214   358   497   369   472   936
RYO07B  1900   732   714   519   623   765   698   592   654   559   516
RYO07B  1910   698   807  1140  1356  1737  1058   898   953  1218  1157
RYO07B  1920   898   956  1051   796   932   985  1101  1067   688   896
RYO07B  1930  1185  1410  1346  1154   607   739   693   489  1155  1306
RYO07B  1940  1265  1188  1189  1756  1718  1899  1297   317   450   650
RYO07B  1950   610   894   967  1005   955  1231  1005   670   355   687
RYO07B  1960   577   414   409   600     0     0   181   347   424   399
RYO07B  1970   670  1214  2018  1802  1663  1504  2282  1743  1374   817
RYO07B  1980   450  1150  1843  1303   993   778  1186  1247   899  1015
RYO07B  1990  1355  1385  1063   802   674   909   631  1202   865  1537
RYO07B  2000  1898  1402  1731  1863  1747  1873  1838  1818  1694  1271
RYO07B  2010  1171  1314 -9999
RYO08B  1782  3022  4064  2989  3675  2975  3196  3078  2893
RYO08B  1790  2463  2991  3351  3440  3199  3230  2364  2114  2241  2228
RYO08B  1800  2397  1664  2005  2099  1888  2387  2128  2055  1838  1526
RYO08B  1810  1754  1469  1618  1481  1263  1412  1225  1153  1397  2180
RYO08B  1820  1736  1174   875   899  1463  1561  1568  1582  1183  1440
RYO08B  1830  1073  1387  1147  1329  1598  1265  1052  1383  1079   557
RYO08B  1840   543   703   826   742   742   846  1105  1211  1352   942
RYO08B  1850  1063   901  1046   860  1005   893   843   894   854   884
RYO08B  1860   751   945   862   931   763   859   595   457   661   567
RYO08B  1870   541   480   666   722   957   923   977   799  1006   457
RYO08B  1880   901   265   264   159   370   773   629   997   859  1483
RYO08B  1890  1344  1069   816   825   826   719   783   667   868   784
RYO08B  1900   836   963   910   878  1154   973  1037  1027   825   540
RYO08B  1910   942   978   912   774   629   522   501   491   634   674
RYO08B  1920   749   779   906  1067   817   872  1001   617   515   601
RYO08B  1930   355   480   714   724   671   512   482   415   733   787
RYO08B  1940   703   691   500   778   763  1093   891   647   551   625
RYO08B  1950   561   540   487   550   476   593   370   477   584   616
RYO08B  1960   555   341   320   275    86   193   204   404   353   309
RYO08B  1970   203   362   404   510   298   671   609   540   468   413
RYO08B  1980   425   483   465   478   552   622   664   688   680   804
RYO08B  1990   802   856   536   513   604   706   374   531   563   637
RYO08B  2000   625   604   540   520   667   583   774   848   997   787
RYO08B  2010   768   420 -9999
RYO09B  1794  3866  4276  4002  2487  3488  3194
RYO09B  1800  3860  2783  2899  2960  2698  2704  2633  2604  3080  2091
RYO09B  1810  2558  2657  2112  2131  1593  1915  1716  1795  1704  1993
RYO09B  1820  2965  2746  2094  1720  1754  1779  1447  1569  1656  1851
RYO09B  1830  1521  1779  1748  2652  3073  2632  1559  1650  1255   987
RYO09B  1840   811   558   888  1256  1362  1759  2295  2097  1975  1936
RYO09B  1850  2015  1337  1729  1181  1372  1156   956  1423  1434  1530
RYO09B  1860  1788  1683  1416  1330  1208  1252   978  1095  1245   714
RYO09B  1870  1061   557   685   665  1097   783   838   722  1189   381
RYO09B  1880  1012   669   594   234   534   861   584  1042   649   902
RYO09B  1890   827   827   733   963  1122   974  1196  1312  1683  1682
RYO09B  1900  1620  1546  1397  1788  1397  1259  1059  1154   960   628
RYO09B  1910  1010  1285  1179  1239  1312   921   720   498   922  1251
RYO09B  1920   975  1507  1177  1017   848  1090  1122   836   529   677
RYO09B  1930  1048   931  1239   762  1079  1037   932   740  1355  1344
RYO09B  1940   847   857   657  1682  1397  1016   647   180   180   371
RYO09B  1950   361   393   402   594   571   764   572   541   371   565
RYO09B  1960   582   329   471   415     0     0     0   277   247   385
RYO09B  1970   321   372   364   331   330   577   576   493   609   427
RYO09B  1980   449   730  1041  1093   818   609   974   976   945  1294
RYO09B  1990  1697  1497  1487  1127   951   764   370   816   604   837
RYO09B  2000   911   837  1037  1232  1203  1164  1434  1053   981   800
RYO09B  2010   835   853 -9999
RYO11B  1855  1006   954  1040  1099   838
RYO11B  1860   871   799  1042   965   952   580   497   616   813   393
RYO11B  1870   289   668   701   866  1374  1480  1252   842  1160   467
RYO11B  1880   938   367   296   145   399   352   276   276   327   203
RYO11B  1890   424   287   756   820   789   367   603   792  1357   745
RYO11B  1900   987  1167  1003  1228  1113  1114   753   711   681   509
RYO11B  1910   623   795   472   488   526   462   567   574   819   722
RYO11B  1920  1099   932   655   591   620   871  1115   820   371   499
RYO11B  1930   684   599   837   838  1015  1043   706   789   667  1031
RYO11B  1940   717   676   852  1027  1190   986   978   408   445   682
RYO11B  1950   732   582   549   573   658   470   464   374   313   412
RYO11B  1960   502   317   327   544   327     0   227   620   656   993
RYO11B  1970   906  1009   771   650     0  1477   943  1055   927  1115
RYO11B  1980   964  1254  1018  1099  1428  1808  1944  2839  2078  2554
RYO11B  1990  3001  2965  2340  1758  1533   871   807  1446  1898  2536
RYO11B  2000  2788  2421  2306  2743  1506  1413  2423  2532  1830  2283
RYO11B  2010  2040  1901 -9999
RYO13B  1780  3922  4044  3226  4625  3360  3044  2414  2736  2491  3165
RYO13B  1790  3122  3423  4187  3935  3661  3596  3150  2454  3037  2651
RYO13B  1800  2711  1374  1797  1598  1265  1309  1490  2061  1752   735
RYO13B  1810  1021  1049  1052   974  1211  1394  1199  1480  1276  1550
RYO13B  1820  1333   787   933   871   969   729   764  1019   987   890
RYO13B  1830   868  1164  1217  2213  2076  1749  1736  1768  1271   762
RYO13B  1840   436   550   698   699   774  1302  1271  1121   911   964
RYO13B  1850  1007   880  1030  1399  1358   880  1093  1093   956   955
RYO13B  1860   860  1134  1313   921   783  1048   910   868   938   455
RYO13B  1870   561   561   551   529   668   742   847   808  1083   595
RYO13B  1880  1001   511   446   280   494   691   658   649   577   671
RYO13B  1890   703   375   235   522   354   403   442   523   542   768
RYO13B  1900   567   494   352   808   938   822   679   584   648   576
RYO13B  1910   895   843   793   707   450   282   159   151   213   276
RYO13B  1920   267   247   117   117   192   243   235   228    87   278
RYO13B  1930   323   558   830   872   905   949   586   435   319   301
RYO13B  1940   282   268   159   301   399   429   420   215   329   429
RYO13B  1950   401   397   267   223   308   285   382   351   456   954
RYO13B  1960   840   446     0     0     0   414   266   245   250   355
RYO13B  1970   373   486   701  1124  1020  1791  1900  1366  1063   857
RYO13B  1980   822   812   981   690   602   420   722   743   151     0
RYO13B  1990   139   383   466   435   381   487   391   523   626  1038
RYO13B  2000  1601  1717  1858  1885  3488  3519  4124  2834  2942  1991
RYO13B  2010  1325  1159 -9999
RYO15B  1833  2358  3017  2861  2218  2920  2345  1943
RYO15B  1840  2165  1648  1782  3532  2829  2556  3678  2323  2461  2851
RYO15B  1850  2706  2035  2572  2322  2889  2277  1826  2623  2532  2159
RYO15B  1860  1946  2200  2127  1998  1539  1289  1029  1082  1068   384
RYO15B  1870   756   967  1027  1022  1572  1351  1497  1499  2026   803
RYO15B  1880  1397   485   305   239   443   493   692  1630  1366  2357
RYO15B  1890  2367  1651  1887  2436  1497  1576  1597  1313  1469  1675
RYO15B  1900  1507  1841  1540  2609  2424  2271  2052  2331  2373  2519
RYO15B  1910  3048  2826  2667  3069  2911  1904  1778  1634  2500  2693
RYO15B  1920  2224  2117  1807  1703  1812  1945  1960  2243  1874  2291
RYO15B  1930  2164  2311  2401  2467  1672  1948  1534  1662  1897  2152
RYO15B  1940  1412  1090  1028  1472  2066  1504  1728  1088   624  1059
RYO15B  1950  1228  1460  1397  1948  2054  1640  1524  1408  1632  1645
RYO15B  1960   985   954  1371  1148   351     0   244   382   349   317
RYO15B  1970   424   561   677   550   519   551   406   372   515   607
RYO15B  1980   695   833   774   721   893   937   882   998  1225   728
RYO15B  1990   424   777   744   542   364   393   511   891   699   836
RYO15B  2000  1175  1165  1398  1030   963  1037  1463  1431  2023  2193
RYO15B  2010  1769  1854 -9999
RYO16B  1788   382   974
RYO16B  1790  1107  1069  1332   891  1192  1397  1424  1347   872  1279
RYO16B  1800   607   373   679   554   468   768  1015  1091   418   211
RYO16B  1810   308   452   341   636   440   532   510   510   426   723
RYO16B  1820  1074   533   458   345   413   418   557   909   567  1034
RYO16B  1830  1079  1132  1299   959   852   608   469   748   673   202
RYO16B  1840   213   500   757  1147  1000   915  1111  1088   890   749
RYO16B  1850   940   958  1148  1029  1093   977  1071  1172  1533  1159
RYO16B  1860  1175  1117  1085  1054  1161   742   551   478   817   794
RYO16B  1870   986  1049  1386  1080  1472  1240  1265  1496  1543   501
RYO16B  1880   649   324   415   309   606   646   667   656   837   890
RYO16B  1890  1090   730   688   899   805   836  1037  1296   977  1187
RYO16B  1900   723  1083   722  1009   985   902   724   692   669   468
RYO16B  1910   850   879   595   690   807   519   530   468   425   457
RYO16B  1920   593   523   396   392   382   467   749   637   425   520
RYO16B  1930   318   455   298   223   435   542   446   625   767   541
RYO16B  1940   552   371   222   458   584   776   722     0     0   141
RYO16B  1950   107   181   170   320   352   435   318   435   332   404
RYO16B  1960   467   330   573   584     0     0     0   277   139   181
RYO16B  1970   214   425   648   844   725  1088  1041  1224   980   756
RYO16B  1980   674   954  1356   932   719   339   413   550   446   510
RYO16B  1990   794   561   403   262   185   169    67   213   211   258
RYO16B  2000   310   288   212   275   267   372   447   463   362   374
RYO16B  2010   486   376 -9999
RYO17B  1845  3125  4390  3406  3831  3731
RYO17B  1850  2928  2762  2953  2681  3733  2737  2644  3480  3461  3103
RYO17B  1860  2744  3030  2531  3190  2557  2209  2076  2724  2468  2102
RYO17B  1870  2246  2491  3026  1972  2684  2441  2721  2740  3485  1326
RYO17B  1880  2650   958  1791  1655  2054  1770  2815  3001  2217  2511
RYO17B  1890  2453  1618  2258  3772  2498  1976  2755  3149  3273  3092
RYO17B  1900  2209  2359  2258  2925  2975  2619  1648  1529  2277  2074
RYO17B  1910  2340  1602  2680  3068  2766  1852  1681  1678  2323  2025
RYO17B  1920  2058  2091  1160  1062  1145  1672  2427  2038  1302  1523
RYO17B  1930  1697  1994  1893  1562  1949  2229  1603  1875  2721  1912
RYO17B  1940  1305  1240  1009  1384  1755  1790  1215   437   502   693
RYO17B  1950   556   536   727   871   629   486   313   419   339   299
RYO17B  1960   545   418   678   691   172     0     0   322   237   473
RYO17B  1970   354   533   476   652   524   766  1030   766  1030  1072
RYO17B  1980   859   684  1165  1513  1087  1075  1219  1625  1251   971
RYO17B  1990  1275  1313   734   555   331   410   402   478   593   758
RYO17B  2000   960  1085  1394  1652   677   648  1048  1395  1575  1881
RYO17B  2010  1333  1815 -9999
RYO18B  1810  3516  3872  3041  3293  2614  3324  2231  2067  2705  3470
RYO18B  1820  2474  2153  1783  1857  2348  2072  1646  1761  1329  1322
RYO18B  1830  1212  1213  1487  1624  1892  1471  1659  1228   841   554
RYO18B  1840   945   922   870  1127  1551  1897  1683  1035  1468  1317
RYO18B  1850   648   979   966   752  1090   773  1263  1827  1605  2281
RYO18B  1860  1726  1493  1696  2001  1125   711   510   564   922   657
RYO18B  1870   678   476   767   615   893   598   828   756  1411   889
RYO18B  1880  1566   751  1154   678  1026  1196  1408  1587  1355  1948
RYO18B  1890  1735  1058   857  1031   942   964   835   981  1120   756
RYO18B  1900   469   704   712  1036  1456   825   555   533   523   363
RYO18B  1910   353   278   550   529   718   285   194   214   301   452
RYO18B  1920   596   472   265   341   603   938   862   780   305   446
RYO18B  1930   470   328   382   329   352   314   201   177   356   489
RYO18B  1940   254   221   184   621   740   718   403   288   234   375
RYO18B  1950   329   475   422   830   596   757   423   270   225   352
RYO18B  1960   529   214   388   266     0    99   138   436   327   469
RYO18B  1970   502   890  1288  1457  1364  1974  1999  1355  1423  1155
RYO18B  1980   887  1062  1381  1419  1434   876  1089   798   534   743
RYO18B  1990  1246   829   664   748   524   650   576   786  1031  1103
RYO18B  2000  1456  1430  2108  2158  1230  1297  2272  2500  2054  1261
RYO18B  2010   765   952 -9999
RYO19B  1816  1518  1212  1434  1597
RYO19B  1820  1500   959  1303  1025  1561  1636  2294  2466  1871  2341
RYO19B  1830  1907  2498  2408  2603  3097  2864  2460  2525  2073  2183
RYO19B  1840  1992  1952  2701  3062  2111  2860  3929  3573  3010  3044
RYO19B  1850  3310  2344  2821  2490  2434  2358  1596  2139  1671  2585
RYO19B  1860  2360  2746  2126  1785  1442   984   580   720   763   411
RYO19B  1870   405   211   416   334   704   884  1443  1665  2517  1253
RYO19B  1880  1611   783   683   323   409   808   971  1626  1772  2038
RYO19B  1890  2394  1258  1799  2423  1803   838   990  1307  1611  1590
RYO19B  1900  1020   892   932  1338  1810  1803  1284  1202  1488  1060
RYO19B  1910  1488  1825  1153  1261  1418   881   692   624  1046  1334
RYO19B  1920  1589  1358   816   680   382   625   700   917   618  1183
RYO19B  1930  1340  1169  1419  1313  1411  1388  1881  1806  1944  1589
RYO19B  1940  1196   785   473   839  1104   920   990   339   340   827
RYO19B  1950   678   849   722  1255   991  1529  1153  1051   815  1254
RYO19B  1960  1479   849  1000   968   259     0     0   420   298   383
RYO19B  1970   413   658   550   628   711  1105  1209  1139  1298  1195
RYO19B  1980  1031   978  1360   910   490   490   777   667   720  1185
RYO19B  1990  1058  1153   995   720   656   445   465   818   963   910
RYO19B  2000  1154  1239  1197  1188   797   859  1072   938   989  1095
RYO19B  2010  1084  1116 -9999
RYO20B  1820  3307  2418  3052  2264  2236  2534  2604  3062  2760  2452
RYO20B  1830  1580  1475  2869  2108  2516  2593  2577  3057  1756  1243
RYO20B  1840  1261  1265  2051  2162  1949  1331  1808  2462  2485  3399
RYO20B  1850  2304  2153  3006  2223  3779  2974  2646  2910  2934  2311
RYO20B  1860  2154  1858  1818  1379  1496  1349  1739  1134  1886  1971
RYO20B  1870  2365  1706  2238  1853  2139  2055  1778  1292  1910   949
RYO20B  1880  2148   981  1274   975   914  1412  1740  2218  1613  1528
RYO20B  1890  1812   891   964  1823  1547  1176  1281  1037  1304  1450
RYO20B  1900   942   995   772  1397  1810  1802  1493  1841  2191  1796
RYO20B  1910  2166  1969  2008  2142  1553  1406  1180  1011  1353  1493
RYO20B  1920  1121  1208  1106  1171  1028  1324  1303  1313   816  1202
RYO20B  1930   775   965  1116   917   826   710  1017   784  1262   923
RYO20B  1940   901   816   594  1610  1547  1679  1135   860   701   843
RYO20B  1950  1136  1207  1181   911   970  1199   919   472   534   864
RYO20B  1960  1006   710   814   943   214   372   494   951   834  1048
RYO20B  1970  1115  1559   857   916   801   944   976   434   793   653
RYO20B  1980   780  1049   928   629   681   466   597   663  1009   974
RYO20B  1990  1168  1633  1023   895   958  1220  1041  1578  1100  1175
RYO20B  2000  1492  1175  1895  1703  1323  1069  1566  1186  1811  2424
RYO20B  2010  2139  2303 -9999
RYO21B  1847  4377  3483  3475
RYO21B  1850  3939  3615  4219  3315  4431  3517  3417  3379  3470  4757
RYO21B  1860  2389  2882  3306  3909  3225  2437  1895  1851  3423  3044
RYO21B  1870  2741  2603  2459  2223  2613  2541  2341  2174  2536  1679
RYO21B  1880  2395  1777  1912  1576  1431  1720  1717  2514  1874  1841
RYO21B  1890  1908  1132  1252  1573  1784  1242  1277  1219  1192  1329
RYO21B  1900   972  1258  1028  1824  1728  1397   966  1113  1364  1185
RYO21B  1910  1372  1299  1080  1160  1144   753   717  1032  1158  1386
RYO21B  1920  1034  1158  1060   939  1066  1213  1376  1397   910   953
RYO21B  1930  1038   948  1014   783   557   485   322   291   535   584
RYO21B  1940   418   436   464   862   818   762   749   270   332   483
RYO21B  1950   309   293   242   275   384   422   346   370   389   370
RYO21B  1960   322   166   227   219     0   114   171   255   247   291
RYO21B  1970   311   442   563   525   526   407   421   369   495   441
RYO21B  1980   350   436   659   676   715   654   794   967   947  1320
RYO21B  1990  1629  1684  1818  1562  1443   838  1093  1283  1289  1245
RYO21B  2000  1440  1442  1688  1387  1453  1221  1736  1759  1500  1939
RYO21B  2010  1873  1742 -9999
RYO22B  1820  2817  2069  1961  2476  3135  2581  2744  2856  2407  2645
RYO22B  1830  2002  3111  3018  2470  2608  2709  2361  2403  2301  1481
RYO22B  1840  1327  1449  1334  2098  1737  1909  2042  2975  2844  2467
RYO22B  1850  3112  2405  3045  2338  2689  2374  2961  2691  2478  2368
RYO22B  1860  2492  2330  2117  2486  2850  1611  1350  1552  2977  1923
RYO22B  1870  1254  1212  1861  1751  1505  1669  1551  1444  1923  1710
RYO22B  1880  1745  1059  1599   848  1069  1176  1718  2671  1971  1689
RYO22B  1890  2132  1544  1127  1592  1370  1029  1120  1586  1681  1155
RYO22B  1900   992  1437   894  1294  1505  1262   771   860  1161  1097
RYO22B  1910  1494  1362   974  1507  1323   926   812   810   973   904
RYO22B  1920   783   943   889  1073  1315  1474  1091   968   536   880
RYO22B  1930   924  1001  1560  1363  1076  1344  1490  1015  1189  1045
RYO22B  1940   617   783   891  1209  1508  1065   794   319   451   742
RYO22B  1950   603   652   804   811   681   908   646   784   714   888
RYO22B  1960   771   516   546   517   118     0     0   372   257   418
RYO22B  1970   463   801   549   691   593   743   797   763   972   806
RYO22B  1980   876  1004   916   711   393   305   634   668   609   664
RYO22B  1990   717   642   705   469   550   615   455   763   638   691
RYO22B  2000   720   772   667   665   563   447   790   642   658   776
RYO22B  2010   724   566 -9999
RYO23B  1838  1823  1467
RYO23B  1840   921  1432  1520  2890  2140  2316  2760  2970  2438  2408
RYO23B  1850  2762  2726  2742  2898  2693  1802  2338  2063  1631  2319
RYO23B  1860  2334  2621  2412  2138  1991  1822  1996  1643  1796  1962
RYO23B  1870  2601  2663  2336  1922  2336  2163  1941  1956  1616  1286
RYO23B  1880  1808  1380  1929  1229  1409  1747  2187  2651  2682  3148
RYO23B  1890  2896  2172  2694  3956  2807  2172  2143  2572  2168  2674
RYO23B  1900  2873  2592  2049  2259  2277  2092  1742  1957  2068  2098
RYO23B  1910  1954  2203  2638  2638  2467  2111  1684  1710  1836  1696
RYO23B  1920  1795  1880  1347   903  1010  1146  1611  1801  1390  1687
RYO23B  1930  1792  1800  1938  1846  1591  2592  2139  1261  1826  1507
RYO23B  1940  1348  1192   763  1479  1512  1694  1504  1731   773  1719
RYO23B  1950  1361  1316  1189  1122  1328  2054  1052  1224   926  1446
RYO23B  1960  1297  1001  1446  1416  1043  1093  1049  1146  1060   922
RYO23B  1970  1500  1747  1543  1284   862  1381  1184  1288  1104  1105
RYO23B  1980  1002  1027  1284  1319  1035   940  1179  1199   998  1051
RYO23B  1990  1328  1263   940  1116  1232  1200  1422  1824  1398  1729
RYO23B  2000  2045  1864  1852  2085  1820  1460  1736  1369  1465  1348
RYO23B  2010  1618  1593 -9999
RYO24B  1802  3275  2300  2814  2259  2501  3076  2911  2331
RYO24B  1810  2097  2263  2211  2023  1718  2669  2852  2689  2638  2281
RYO24B  1820  2127  1783  2259  2154  3155  2103  2540  2615  2128  3654
RYO24B  1830  2146  3160  4045  2784  3219  3153  2700  3324  2752  1820
RYO24B  1840  1852  2075  2605  3897  2853  2864  3128  3424  2957  2533
RYO24B  1850  2224  2292  2794  2279  1691  1711  1510  1454  1683  1282
RYO24B  1860  1377  1167  1037  1270  1176  1525  1695  1187  1314  1153
RYO24B  1870  1302   678   679   646  1264  1674  1148  1159  1780   619
RYO24B  1880   754   573   689   422   648   943   933  1332  1161  1616
RYO24B  1890  1419  1103  1090  1279  1266  1001   786   708   743   950
RYO24B  1900   883   875   609   719   783   839   837   467   490   395
RYO24B  1910   593   837   944  1042  1130   439   234   315   656   676
RYO24B  1920   488   835   917   758   860   951   714   653   314   510
RYO24B  1930   505   639   710   475   519   866   518   422   432   576
RYO24B  1940   706   587   232   436   352   589   522   229   265   739
RYO24B  1950   784   617   616   773   773   774   512   502   188   654
RYO24B  1960   817     0   578  1009   510   397   740  1571  1534  1420
RYO24B  1970  1408  2331  2767  2081  1928  2236  1814  1419  1687  1316
RYO24B  1980  1423  2218  1882  1191  1288  1052  1140  1427  1359  1147
RYO24B  1990  1253  1490  1461   810   754   679   489   828   764   947
RYO24B  2000  1209  1164  1196   774  1125   850  1049  1145  1198  1052
RYO24B  2010   943 -9999
RYO25B  1790   703  1745  1650  1084  1644  1832  1684  1416  1420  1198
RYO25B  1800   735  1026  1139   957  1410  1144  1098  1630  1760   901
RYO25B  1810   774  1289  1641  1872  1700  2516  1697  2091  1547  2528
RYO25B  1820  2162  2267  1685  1695  2459  1715  1735  1535  1291  1399
RYO25B  1830  1429  1937  2201  2550  2625  1864  2129  2236  1377   985
RYO25B  1840  1210  1040  1092  1294  1283  1208  1779  1789  1852  1513
RYO25B  1850  1599  1682  2424  1725  1418  1503  1336  1685  1324  1399
RYO25B  1860  1496  1648  1456  1351  1543  1462  1493  1578  1159  1143
RYO25B  1870  1303  1280  1124   918  1346  1937  1170   959  1353  1041
RYO25B  1880   988   616   874   446   650   671   704   760   741   679
RYO25B  1890   757   424   339   491   496   429   326   386   393   285
RYO25B  1900   164   163   225   303   229   252   104   120   205    88
RYO25B  1910   111   265   162   193   227   154   105   127   223   233
RYO25B  1920   212   181   149   192   191   310   278   267   151   257
RYO25B  1930   282   262   248   149   289   336   251   196     0     0
RYO25B  1940    77   151   172   288   160   170   249     0   204   332
RYO25B  1950   206   139   194   224   213   212   196   215   227   170
RYO25B  1960   131   100   183   237   118   150   148   259   204   201
RYO25B  1970   245   202   267   264   183   361   213   159   224   195
RYO25B  1980   107   214   326   255   160   149   160   237   181   255
RYO25B  1990   181   245   212   181   118   127    75   131   148   149
RYO25B  2000   212   149   127   159   202   245   268   267   255   223
RYO25B  2010   257   237 -9999
