571011  1909  3720
571011  1910  4260  4680  3890  4740  3730  3980  3360  3210  2980  3630
571011  1920  3480  4920  4380  3830  3030  3930  3700  2390  2820  4170
571011  1930  4480  3490  3050  3610  1900  1760  1430  2160  2470  1930
571011  1940  1000   880  1120  1720  1880  2070  2100  2410  2710  3370
571011  1950  3070  2650  2510  1990  1930  1720  1890  1600  1880  1790
571011  1960  1320  1580  1750  2590  3480  2980  3440  3960  3760  2730
571011  1970  2500  2190  2650  3060  2370  3070  2920  2280  2480 -9999
571012  1899  3620
571012  1900  3700  3670  4040  3440  2930  2920  3070  2330  3220  2420
571012  1910  3300  4590  4300  4850  4400  3640  4060  3860  3380  4320
571012  1920  3550  4010  4300  3240  3120  3520  2850  2480  2470  2810
571012  1930  3610  3030  2870  2790  2280  2240  1920  2150  2710  2420
571012  1940  1820  1450  1580  2390  1700  1600  2340  2450  2230  3070
571012  1950  2260  1710  2090  1320  1300  2020  2730  3540  3700  3080
571012  1960  1560  1730  2360  2950  3220  3540  3770  2940  2660  2080
571012  1970  2350  2580  3230  3500  4390  3390  4380  2460  2210 -9999
571021  1868  4460  3130
571021  1870  2680  2410  2800  3000  3950  3710  3160  2320  2530  2760
571021  1880  3380  2580  2640  2360  2160  2520  2110  2990  1950  2150
571021  1890  2030  1600  1980  2580  1930  1700  1760  1980  2940  2310
571021  1900  1710  2580  2280  2650  2350  2560  2230  1770  1980  2000
571021  1910  1930  1910  2010  2110  2510  1290  1640   970  1300  1710
571021  1920  1690  2020  1940  1740  1650  1760  1640  1830  1900  2200
571021  1930  2260  2250  2840  3330  2330  2390  2200  2510  2840  1830
571021  1940  2180  1880  1410  1360  1650  2180  1510  1370  2560  2350
571021  1950  1900  1870  1820  1870  1330  1390  1330  1540  1870  1820
571021  1960  1370  1040  1810  1400  1750  1460  1070  1160  1220  1060
571021  1970  1300   910   940  1210   960  1560  1530   860  1290 -9999
571022  1860  3660  5070  4460  2260  2290  2420  1830  1850  3350  2160
571022  1870  2100  2030  2570  2870  3330  3280  2940  2730  2080  2390
571022  1880  3320  2120  2850  2120  2750  3010  2080  3250  2290  2150
571022  1890  2190  1450  2160  2380  1840  1680  1560  1870  1830  1840
571022  1900  1370  2090  1580  1640  1810  2200  2290  1830  1730  1820
571022  1910  1480  1190  1320  1570  1780  1120  1270   860   650   540
571022  1920   890   900   920   670   740   920   650   610   680  1450
571022  1930  2190  2040  2250  2380  1820  2050  1080  1540  1580   890
571022  1940  1010   970  1120  1400  1230  1520   880  1440  1460  1390
571022  1950  1190   880   980  1360  1060   980   870   710   940  1190
571022  1960   850   900   750  1110  1140   850   770   500   640   800
571022  1970   700   570   590   420   550   610   760   750   740 -9999
571031  1873  3490  3980  3540  2710  2740  2370  1870
571031  1880  2760  1750  1940  1760  2290  1800  2080  2200  1490  1650
571031  1890  2040  1590  1920  2070  1260  1360  1350  1200  1750  1460
571031  1900  1060  1540  1620  1970  1820  1480  1830  1670  1650  1440
571031  1910  1410  1520  1540  1050  1500  1290   870   470   420   440
571031  1920   640   680   820   920     0  1190  1260  1260  1580  1470
571031  1930  1740  2280  2780  2830  2190  1930  2300  1630  2500  2220
571031  1940  2180  2230  1910  2430  1870  2570  1640  1750  1510  1110
571031  1950  1640  1300  1330  1740  1360   890  1180  1580  1620  1140
571031  1960  1010   960   860  1030  1080   970   670   590   660   640
571031  1970   550   720   710   680   680  1060   910  1150  1060 -9999
571032  1847  3340  3740  3410
571032  1850  2890  3680  3810  2880  2820  3170  5570  4400  4870  3930
571032  1860  3690  3750  2960  3360  3040  3850  2470  3200  3170  2620
571032  1870  2940  2520  2440  2630  2220  2310  2140  1990  1640  1660
571032  1880  2560  1640  1750  1560  1920  1790  1510  1680  1550  1180
571032  1890  1220  1120  1150  1450  1110  1150  1130  1030  1270  1400
571032  1900   870  1310  1160  1520  1570  1450  1880   990  1240   850
571032  1910   840   970   910   780   970   780   550   420   420   320
571032  1920   390   520   390   520   520   750  1080   450   420   480
571032  1930  1050  1030   880   940   600   980   900   760   900   990
571032  1940   610   330   330   520   440   920   650   560   680   800
571032  1950   610   500   670   850   630   350   410   420   370   440
571032  1960   240   320   260   690   650   350   430   310   440   330
571032  1970   540   530   330   420   480   720   800   320   490 -9999
571041  1866  3360  3250  3350  2320
571041  1870  3440  2880  2480  2990  3250  2570  2200  1580  2330  1660
571041  1880  3000  2490  2880  2260  2340  2400  2120  2850  2180  1810
571041  1890  2260  1460  1250  1880  1320  1720  1720  2030  2270  2750
571041  1900  1920  1900  1880  1910  1860  1290  1240  1240  1100   930
571041  1910  1120   880   780   730   820   670   610   390   330   300
571041  1920   410   600   640   790   540   520   560   330   470   660
571041  1930  1040  1230  1160  1700  2160  3780  3080  3680  4330  3060
571041  1940  2580  2550  2460  2760  2610  2700  1700  1600  1570  2220
571041  1950  1910  1620  1660  1660  1090  1050   750   970  1320     0
571041  1960  1020   930  1110  1580  1660  1500  1570  1750  1340  1430
571041  1970  2000  2060  2020  2200  1500  1840  2010  1260  1000 -9999
571042  1864  3280  5080  4050  4010  4240  3010
571042  1870  3080  2670  3120  2610  2620  2770  2050  1800  1450  1120
571042  1880  2050  1910  2500  2740  2890  2080  1840  2020  1500  1280
571042  1890  1630   810   930   920   990   940  1040   990  1650  1550
571042  1900   890   980   930  1240  1060   860   830   950  1110   810
571042  1910   920   940   940   900   940   660   490   400   280   400
571042  1920   470   760   750   710   540   710   650   730   710   790
571042  1930   990  1330  1960  2450  2240  2440  2350  2350  2880  2720
571042  1940  2110  1830  1650  2590  2780  2880  2090  1770  1140  1600
571042  1950  1850  1810  1940  1300   790   520   440   400   500  1130
571042  1960  1300  1520   910  1630  1460  1820  1780 -9999
571051  1859  2570
571051  1860  1990  1910  2740  1890  2410  1620  2180  1860  2870  2130
571051  1870  1860  2220  2830  3030  2690  2330  2570  2160  2010  2020
571051  1880  1440  1680  2770  2860  3060  3570  2200  2270  2100  2030
571051  1890  2190  1640  2140  2150  2110  2060  2050  2050  2120  2260
571051  1900  2230  3340  2660  2500  2770  2050  1900  1850  2240  2100
571051  1910  1650  1460  1580  2260  2000  2070  2080  1590  1280  1230
571051  1920  1080  1540  1700   960   810   890  1040   910   950  1460
571051  1930  2140  2310  3020  4230  3300  3550  3280  3080  2520  1740
571051  1940  1450  1500  1370  1710  1950  1270  1600  1370  1460  1770
571051  1950  1670  1410  1180  1230  1100   840  1130  1200  1350  1670
571051  1960  1310   960  1040   950  1010  1120   850   760   940   720
571051  1970   740   720   870  1010   840   910  1080  1130  1190 -9999
571052  1899  2530
571052  1900  2840  2870  3440  2950  2920  2760  2180  2000  1540  1520
571052  1910  1160  1400  1680  2090  1930  1450  1240   800   820   840
571052  1920   860  1050  1320  1010   830   990   930   950   880  1390
571052  1930  1430  1910  1890  2650  2080  1990  1620  1740  1500  1260
571052  1940   940   680   780   790   500  1420   840  1380  1380  1950
571052  1950  1970  1500  1520  1590   930   630   530   830   950  1020
571052  1960   830   680  1210  1340  1810  1360  1220  1170   980   890
571052  1970  1270  1420  1780  1550  1130  1680  1570  1260  1640 -9999
571061  1891  2770  1520  1690  1830  2310  2510  2160  2000  2650
571061  1900  2530  1950  2720  2490  2400  3000  2620  3610  3140  2670
571061  1910  2620  2500  2240  2590  2920  2550  1510  1470  1650  1880
571061  1920  2070  2490  2070  2350  2620  3100  3060  1960  2290  2530
571061  1930  2230  2370  2490  2790  2270  2810  2390  1900  2730  1850
571061  1940  1630  1280  1220  2200  2880  2620  1800  1680  1860  2290
571061  1950  1970  1460  1400  1480  1160   750   680  1020  1430  1910
571061  1960  2220  2170  2190  2470  2190  2090  1970  1420   680   370
571061  1970   580   320   480   670   690   720   870   790   970 -9999
571062  1883  2770  2980  3150  2780  2790  1950  1630
571062  1890  1920  1660  2130  1820  1840  1950  1850  2140  2360  2500
571062  1900  1720  2120  2390  2470  2520  2270  2430  1390  1670  1640
571062  1910  1390  1610  1940  2270  2420  2080  1380  1010  1160  1550
571062  1920  1590  1960  1790  1200  1470  1650  1670  1410  1210  1580
571062  1930  1770  1580  1220  1220  1200  1410  1510  1430  1710  1500
571062  1940   850   660   570   790  1140  1430  1330   980   810   910
571062  1950   930   780   600   780   700   440   250   220   350   390
571062  1960   480   430   510   520   630   560   760   630   350   340
571062  1970   260   180   190   220   260   260   410   300   570 -9999
571071  1873  3340  3290  2860  2740  2740  2080  2710
571071  1880  2290  1940  1960  2060  2400  2340  2450  2780  1690  1560
571071  1890  2040  1670  1920  1490  1810  1770  1590  2140  2670  2460
571071  1900  1950  2090  2150  2240  1900  1360  1760  2020  1850  1460
571071  1910  1660  1500  1330  1700  1600  1260  1170   800   770   880
571071  1920  1430  1410  1590  1590  1230  1110  1090   930   840   980
571071  1930  1280  1670  1800  1490  1650  2330  2110  2220  2420  1760
571071  1940  1520  1530  1750  1980  1980  1790  1500  1800  1710  1970
571071  1950  1730  1680  1990  1950  1270  1150  1030  1260  1290  1040
571071  1960   660   690   840  1080  1080  1000   800   650 -9999
571072  1876  3840  3620  3200  3200
571072  1880  3180  2560  3410  3540  3350  3910  3130  2950  2580  2060
571072  1890  2670  2040  3090  2170  2340  2250  2230  2270  2380  2650
571072  1900  2080  2230  2490  2940  2450  1960  2480  2520  2430  2200
571072  1910  2340  2130  2070  2140  2030  1480  1520  1090  1290  1630
571072  1920  1600  1860  1830  1610  1570  1170  1500  1160   950  1170
571072  1930  2070  1710  1800  2190  2420  2640  2760  2300  2900  2220
571072  1940  1840  1600  1520  2090  1640  1750  1380  1820  1370  1810
571072  1950  1360  1170  1410  1100   900   780   620   960   920   790
571072  1960   790   940   960   900  1290  1270 -9999
571081  1874  1920  1890  1740  1680  1050  1350
571081  1880  1480   950  1300  1430  1550  1320  1010  1320  1260  1040
571081  1890   940  1070   930  1100  1040   900  1260  1500  1960  1590
571081  1900  1190  1560  1560  1710  1650  1250   760  1010  1080  1190
571081  1910   970   770   930  1490  1500  1350   900   280   240   280
571081  1920   420   750   920  1380  1020   880   940  1050  1170  1030
571081  1930  1160   930   760   850  1180  1100  1300  1520  2020  2080
571081  1940  1740  1420  1170  1670  1920  1730  1490  1700  1500  1510
571081  1950  1600  1520  1610  1320  1150  1250  1170  1110  1170  1250
571081  1960   900   730  1330  1410  1700  1290  1060  1080   810   640
571081  1970   710   950  1230  1270  1470  1870  1670  1650  1330 -9999
571082  1853  2940  3480  2860  3050  2000  3210  2020
571082  1860  1490  1280  1780  2000  1700  1680  1400  1230  1310  1490
571082  1870  1480   940  1040  1350  1290  1290  1350  1250   580   770
571082  1880  1090   700   940   910  1080  1220   800  1220   990   810
571082  1890  1040   990  1250  1450  1260  1260  1570  2020  2070  1670
571082  1900  1450  1800  1290  1350  1380  1280  1130  1190  1340  1030
571082  1910   910   930  1530  1780  1890  1940  1430   390   200   320
571082  1920   320   340   820  1170  1110  1030  1180  1340  1330  1420
571082  1930  1440  1380  1730  1570  1400  1720  1820  2500  3100  2400
571082  1940  2060  1970  1880  2930  2610  3010  2220  2420  2770  2850
571082  1950  2100  1650  1480  1310  1150   970   920   910  1040   950
571082  1960   910   670  1320  1620  1920  1940  1560  1540  1520  1070
571082  1970   950  1140  1320  1650  1490  1960  1850  1770  1390 -9999
571091  1866  2820  2640  3130  3390
571091  1870  2980  3130  3120  2750  2740  1640  2180  1870  1880  1980
571091  1880  2380  2530  2710  2420  2500  2080  2200  1770  2050  1790
571091  1890  2090  1980  2220  2400  1540   960  1150  2000  2210  2060
571091  1900  1930  2470  2130  2650  2460  1990  2190  1850  1860  1820
571091  1910  1910  1470  1920  2520  2130  2180  1650   520   600  1240
571091  1920  1510  1350  1390  1700  1920  2110  2140  1810  2130  1690
571091  1930  1760  1510  1800  2270  2180  2760  2730  2320  2200  1510
571091  1940  1590  1460  2060  2750  2590  2650  2430  2170  2300  2240
571091  1950  1800  1920  2040  1860  1450  1310   900  1270  1560  1190
571091  1960   630  1020  1540  1400  1530  1690  1470   930  1250  1240
571091  1970  1330  1260  1310   940  1280  1370  1300   940   750 -9999
571092  1868  2720  2550
571092  1870  2430  2230  1830  1710  1290  1100  1230   990   900  1260
571092  1880  1690  1400  1540  1460  1690  1590  1880  1780  1820     0
571092  1890  2370  1630  1890  2100  1700  1160   980  1470  2460  2030
571092  1900  1840  2600  1830  2320  2160  2260  2310  2230  2330  1600
571092  1910  1900  1460  1900  2270  2400  2450  1450   660   810  1350
571092  1920  1810  1510  1630  1450  1300  1610  1800  1160  1290  1440
571092  1930  1280  1490  1780  2490  1900  2120  1550  1510  1370  1280
571092  1940  1280  1240  1160  1940  2330  2310  1610  1810  1210  1520
571092  1950  1290  1080  1110  1410  1480  1440  1130  1180   820   980
571092  1960   620   680   700   970   910   760   600   690   990   800
571092  1970   760   770  1190  1340  1230  1390  1400   740   720 -9999
571101  1877  3280  2780  2600
571101  1880  3420  2780  3190  4370  3770  3850  2800  3720  2780  1950
571101  1890  3020  1710  2170  2620  2390  1740  1800  2090  3990  3660
571101  1900  2260  3390  3060  2670  1980  1740  2440  2420  2790  2200
571101  1910  2100  1690  1460  2660  2340  1290   960   450   350   510
571101  1920  1040  1290  1200  1050  1160  1530  1330  1310   910  1380
571101  1930  1250  1010   740  1590  1610  2380  2600  3250  3880  2530
571101  1940  2350  1750  1710  3100  2290  2500  2010  1900  2340  2930
571101  1950  2510  1750  1800  2590  1670  1080   680  1140  2010  1900
571101  1960  1060  1500  2110  2370  1070   540   970   680   750  1070
571101  1970  1520  1970  1990  2430  2580  2670  2170 -9999
571102  1877  4150  3900  4200
571102  1880  5610  4800  4610  5950  4450  4020  3930  4790  4100  4460
571102  1890  5690  3440  3780  3550  3770  2460  2540  2070  2970  2480
571102  1900  2360  3460  3800  3670  3760  3270  4040  2730  3750  3210
571102  1910  2630  2380  2470  3880  3260  2750  2050  1100   900  1530
571102  1920  1470  2410  2250  2030  2210  2150  1970  1770  1530  2180
571102  1930  2260  2270  1880  2430  2080  2400  2370  1940  2440  1880
571102  1940  1680  1840  1990  2830  2220  2460  1790  1440  1660  1540
571102  1950  2170  2020  1970  2640  1830  1890  1370  1520  1670  2200
571102  1960  1100 -9999
571111  1856  5430  5410  3900  3870
571111  1860  4140  5210  4810  3470  4170  4780  4880  4080  5710  4290
571111  1870  3650  3320  4180  3530  3650  3570  3870  2560  3010  2960
571111  1880  4350  3240  4400  3950  3720  3100  2530  2990  1870  1530
571111  1890  1960  1500  1900  2000  1440  1600  2330  2380  2870  1730
571111  1900  1080  1930  2440  3160  2540  2350  2200  1780  2060  2200
571111  1910  1830  1950  1730  1810  1700  1310  1020   500   170   380
571111  1920  1040  1010  1450   840   730  1200  1220  1110   790  1120
571111  1930  1060  1320  1160  1460  1220  1750  1210  1040  1800  1250
571111  1940  1150   850  1070  1860  2320  2610  2060  1620  1520  2410
571111  1950  2560  1420  2710  3510  2170  1510  1230  1930  2260  1960
571111  1960  1110  1370  1270  1230  1470  1500   980  1190  1060  1010
571111  1970  1190  1190  1660  1440   840  1020  1080   920  1040 -9999
SHG01   1883   795  1114  1115   975  1396  1359  1592
SHG01   1890  1700   901   794  1260   724   980  1415  1639  1721  1429
SHG01   1900  1487  1756  1844  1480  1482  1604  1436  1288   911   765
SHG01   1910  1179   971   936   725   479   538   693   343   450   416
SHG01   1920   464   465   513   334   349   580   347   319   302   169
SHG01   1930   343   529   395   598   901  1199   838  1153  1205   820
SHG01   1940  1083  1004  1126  1718  1568  1436  1302  1258  1348  1246
SHG01   1950  1908  1298   891  1319  1054  1193  1707  1410  1815  2183
SHG01   1960  1660  1788  1359  1367  1547   996  1061  1320   971  1148
SHG01   1970  1379  1471  1945  2224  1389  2051  2667  1619  1283  1361
SHG01   1980  1634  1860  2471  2363  2761  1793  1994  2008  1321  1909
SHG01   1990  2536  2284  2124  1747  1300  1554  1896  2150  2256  2801
SHG01   2000  2904  2244  2750  2937  4075  4329  3212  3626  2766  3441
SHG01   2010  2684  2670 -9999
SHG02   1923   746   802  1091   963  1119  1044   923
SHG02   1930   976   916  1161   856   866  1608  1529  1287  1661  1375
SHG02   1940  1494  2133  2104  2545  2538  2621  2207  2106  2795  3373
SHG02   1950  2801  2419  2602  2985  2047  2066  1827  1835  1231  1314
SHG02   1960   927   951  1108  1227  1196  1105  1125   827   666   632
SHG02   1970  1028  1425  1458   842   352   346   604   676   913   710
SHG02   1980   725   633   502   698   786   700   950   755   455  1039
SHG02   1990  1765  1271   931   704   518   437   582   600   353   471
SHG02   2000   551   546   370   406   571   421   523   371   334   363
SHG02   2010   358   204 -9999
SHG03   1888  1551  1210
SHG03   1890  1402  1223  1726   958   795   829  1133  1160   975  1136
SHG03   1900   829   790   802   998   664   790  1096   810   819   884
SHG03   1910  1312   927   777   674   814   903   818   476     0   309
SHG03   1920   792  1015  1141  1170   904   831   820   814   962  1028
SHG03   1930   851   837  1056     0   257  1110  1007  1498  1505  1175
SHG03   1940   847  1217  1868  2053  1853  1630  1307  2430  2067  2365
SHG03   1950  2515  2040  1723  1531  1246  1303  1423  1379  2168  2982
SHG03   1960  2665  2229  1964  2477  2378  1606  1485  1279  1368  1392
SHG03   1970  1102  1388  1341  1335  1099  1523  1281  1333   735   856
SHG03   1980  1090  1096   942   983  1254  1048   892   705   967  1215
SHG03   1990  2077  1419  1117  1056   848   586   453   717   461  1096
SHG03   2000   868   660   704   921   750   795   946   699   809   771
SHG03   2010   710   584 -9999
SHG04   1904  1793  1618  1620  1547  1578  1736
SHG04   1910  1410  1668  1576  1713  1519  1657  1520  1301  1439  1892
SHG04   1920  1770  1967  1993  2477  2529  2269  2152  2603  2630  1861
SHG04   1930  1988  1800  1545   924   852  1411  1585  2338  2844  2836
SHG04   1940  2032  2224  2332  3436  2735  3158  2448  2628  2415  3002
SHG04   1950  2636  2949  2561  3425  3106  2997  3329  3104  3388  3194
SHG04   1960  2306  2952  3313  3360  4663  3311  3303  2936  2345  1927
SHG04   1970  2384  3873  4326  4048  3371  4323  4511  2637  2188  1847
SHG04   1980  1353  1680  1571  2085  2369  2950  2401  2229  1395  3452
SHG04   1990  3736  2052  1936  2501  1702  1323  1086  1107  1173  1335
SHG04   2000  1425  1120  1581  1267  1553  1626  1328   908  1058  1172
SHG04   2010   951   849 -9999
SHG05   1886  1604  2383  2330  2530
SHG05   1890  4049  4216  3692  3006  2673  2472  2916  3242  2558  1897
SHG05   1900  2386  3032  2756  3328  3029  3024  3671  2616  2290  3104
SHG05   1910  3246  2488  2316  2491  2072  1707  1842   972  1085  1713
SHG05   1920  1519  1881  2165  2100  1831  2456  2459  2170  2025  2152
SHG05   1930  2232  1652  1238   444   521  1017   474   546   860   699
SHG05   1940   601   736   879  1282  1070  1113  1361  1486  1709  1759
SHG05   1950  1799  1436  1078  1029   911   965  1488  1294  1679  1890
SHG05   1960  1490  1809  1460  1668  1527  1275  1126  1251  1077   825
SHG05   1970  1268  1413  1739  1675   917  1238  1496  1482  1402   691
SHG05   1980   597   674   678   971   938   921   909   768   575   655
SHG05   1990   826   732   710   543   742   765   783  1186  1089   914
SHG05   2000   684   874   797   889  1060   997   932   953   688   820
SHG05   2010   705   613 -9999
SHG06   1875  1655  1486  1620  1190  2116
SHG06   1880  2286  2209  2416  1877  1865  1703  1187  1252  1339   938
SHG06   1890  1181  1034  1479  1134   795   584   808   841  1197  1111
SHG06   1900   752   825   858   886  1009   633   385   478   449   359
SHG06   1910   394   410   470   650   363   293   177     0     0   148
SHG06   1920   148   148   170    73    74   211    72    94    51    70
SHG06   1930    34   215   502   914     0  1128  1184  1405  2417  1813
SHG06   1940  1475   888   946  2044  1494  1326   844  1391  1039  1456
SHG06   1950  1614  1510   953  1129   973  1023  1424  1723  1935  2139
SHG06   1960  1498  1550  2106  2240  2628  1992  2014  1833  1255  1080
SHG06   1970  1490  2032  2232  2243  1420  1996  2380  2253  1622  1512
SHG06   1980  1202  1324  1331  2301  2116  2578  2664  1937  1586  2178
SHG06   1990  2788  2416  2212  2196  2253  2051  2249  2041  2004  2567
SHG06   2000  2035  1821  1468  1768  1974  2338  2127  1813  1364  1643
SHG06   2010  1274  1094 -9999
SHG07a  1899  2113
SHG07a  1900  2197  2215  2668  2152  2855  2427  1472  1867  1366  1349
SHG07a  1910   748  1105  1540  1253  1508  1473  1210  1377   846   684
SHG07a  1920   900  1109  1190  1207   955   922  1137   754  1239  1204
SHG07a  1930   884   988   836   432   423  1013  1224  1381  1517   908
SHG07a  1940   795   998  1469  2627  2497  2111  1433  1558   983  1482
SHG07a  1950  1301  1237   819  1188   955  1247  1388  1421  1093   995
SHG07a  1960   677   861  1398  1297  1176  1223  1103   927   665   547
SHG07a  1970   805   819   689   802   372   499   560   506   699   618
SHG07a  1980   451   531   643   931   706   583   461   383   295   448
SHG07a  1990   458   394   332   314   345   297   412   494   362   377
SHG07a  2000   324   290   273   268   261   363   353   261   327   281
SHG07a  2010   242   201 -9999
SHG07b  1899  2200
SHG07b  1900  3630  4083  3698  3096  3352  3249  1717  2007  1646  1899
SHG07b  1910  1406  1355  1328  1496  1451  1092  1082   989   530   530
SHG07b  1920   845   957  1103   914   926   799   881   572   887   543
SHG07b  1930   460   650   812   487   698   818   511   842  1614   944
SHG07b  1940   699   705   938  1479  1232  1179  1076  1106  1220  1823
SHG07b  1950  1460  1329  1177  1097  1305  1329  1543  1135   988   727
SHG07b  1960   832  1030  1496  1378  1587  1427  1478  1334  1363  1123
SHG07b  1970  1535  1825  1544  1731   847  1164  1369  1476  1444  1245
SHG07b  1980   916  1148  1610  1834  2211  1383  1330  1084   722  1048
SHG07b  1990   982   797   803   737   756   573   705  1134   845   824
SHG07b  2000  1004   481   539   555   698   722   889   658   493   468
SHG07b  2010   304   245 -9999
SHG08   1812  3045  3097  2980  3214  2421  1812  1127  2039
SHG08   1820  3110  1921  2051  2546  1716  1746  1736  1812  1701  1498
SHG08   1830  2193   658  1900  2224  1658  2442  1592  1090  1312  1198
SHG08   1840  1323   886   739   934   875   860   823  1009  1328   811
SHG08   1850   781   922   735   835  1284  1157  1582  1338  1445  1456
SHG08   1860   996  1366  1166   768   930   881   783  1025   715   641
SHG08   1870   969   633  1599  1328  1338  1159   830   831   814   923
SHG08   1880  1211   902  1320   873  1271  1018   834   822  1038   720
SHG08   1890   781   950  1578  1549  1311   714   864   781   864   735
SHG08   1900   586   769   947   756   854   782   827   666   583   564
SHG08   1910   535   532   703   537   748   710   504   385   168   178
SHG08   1920   233   403   286   166   213   327   265   236   141   157
SHG08   1930   285   228   297   359   408   652   343   510   919   388
SHG08   1940   377   368   665   845   535   484   442   545   761  1002
SHG08   1950  1099   660   652   561   370   197   262   642   465   492
SHG08   1960   408   565   388   390   388   240    84   138    52   164
SHG08   1970   115   108   127    61    85    81    73    85    85 -9999
SHG09   1879  3125
SHG09   1880  3552  2019  2167  1917  3436  3948  5346  4506  2045  1413
SHG09   1890  1251  1162  1390  2020  1516  1964  1686  1617  1347  1707
SHG09   1900  1566  1501  1087  1805  1383  1353  1356  1482  1080   950
SHG09   1910   991   678   959  1313   984   829   698   585   743   742
SHG09   1920  1082   824   527   598   429   452   403   387   473   368
SHG09   1930   413   757   679  1669  1877  2961  2853  2874  3093  1833
SHG09   1940  1857  1387  2273  2856  2018  2357  1707  1793  2085  2606
SHG09   1950  2512  1522  1758  2259  1493  1733  1294  1453  1708  1419
SHG09   1960  1295  1428  1365  1506  1654   950  1016   998   835   630
SHG09   1970   960   960  1322  1315   907  1494  1760  1293  1217  1086
SHG09   1980  1041  1015  1150  1527  1123   869   864   980   772   904
SHG09   1990   804   998   998   703   531   957  1075  1250   681   856
SHG09   2000   773   590   700   440   395   424   505   494   390   316
SHG09   2010   331   685 -9999
SHG10a  1884  2520  1785  1243  1279  1049   935
SHG10a  1890  1471   764  1339   793  1328  1058  1143   824  1199  1123
SHG10a  1900  1406  1997  1739  1921  1933  1302  1117  1002   906   720
SHG10a  1910   881   989  1088   984   625   867   791   428   482   509
SHG10a  1920   668   619   723   813   769   818   840  1035   552   485
SHG10a  1930   531   508   442   219   453   904   798  1149  1966  1587
SHG10a  1940  1268   963  1786  3063  1774  2355  1954  1393  1956  2339
SHG10a  1950  1088  1504  1066   845   832   968   875  1814  1653  1397
SHG10a  1960  1028  1337  1574  1318  2244  1483  1365  1115   671   490
SHG10a  1970   813   828   785   981   562   947   710   709  1068  1284
SHG10a  1980  1637  1919   962  1796  1181  1160  1800  1801   852  1795
SHG10a  1990  1983  1078   944  1310   875   998  1059  1488   814  1786
SHG10a  2000  1525   806  1342   940   799   732   902   808   747  1308
SHG10a  2010   538   617 -9999
SHG10b  1884  1432  1362  1339  1688  1270  1415
SHG10b  1890  2228  1937  2111  1032  1440  1608  1235   728   720   765
SHG10b  1900   802  1085   866  1255   913   855   709   725   545   527
SHG10b  1910   828   862   849   878   686   639  1077   348   335   492
SHG10b  1920   496   498   909   667   459   640   582   500   352   258
SHG10b  1930   302   381   155   129   269   227   162   500   674   402
SHG10b  1940   513   455   608  1027   724  1022   810   803   872   661
SHG10b  1950   882   613   328   493   290   273   460   464   445   645
SHG10b  1960   539   717   853   547   860   656   592   597   382   314
SHG10b  1970   612   739   523   717   266   640   474   583   878  1080
SHG10b  1980  1570  1023   847  1196   548   923  1294   813   559  1024
SHG10b  1990   896  1118  1437  1204  1249  1198  1002   928   811  1075
SHG10b  2000   704   599   830   920   873  1077   789   781   930   859
SHG10b  2010   550   626 -9999
SHG11   1817  3359  2378  3574
SHG11   1820  2863  3109  2587  3115  2905  3518  2620  2644  2055  2254
SHG11   1830  1732  1388  1956  2060  1520  2110  2390  1813  1920  2440
SHG11   1840  1661  1666  1693  2011  1383  1482  1793  2343  2385  1578
SHG11   1850  2187  2518  2030  2016  1953  1749  2315  1967  2253  2677
SHG11   1860  2907  2535  2099  1470  1579  1897  2049  1783  2056  1779
SHG11   1870  2427  2252  3427  2729  3297  2793  2725  1588  1590  1601
SHG11   1880  2125  1614  2085  2275  1968  1833  1465  1929  1566  1158
SHG11   1890  1138  1278  2110  2944  2765  2375  2338  2186  2272  1755
SHG11   1900   912  1128  1219  1772  1653   966  1315  1055  1280  1011
SHG11   1910  1478  1217  1290  1354  1153   980   591   372   247   432
SHG11   1920   578   706   906   855   773   879   711   719   590   575
SHG11   1930   647   780   614   724   968  1371   909   772  1289   848
SHG11   1940   646   583   602  1126  1482  1481  1033  1235  1115  1512
SHG11   1950  1634  1656  1524  1703   965   962   942  1169  1170   790
SHG11   1960   629   765   801  1017  1140   822   782   636   502   430
SHG11   1970   630   679   668   981   312   776   911   611   560   533
SHG11   1980   481   621   498   537   591   546   543   668   555   813
SHG11   1990  1373  1003   810   697   380   360   469   450   297   542
SHG11   2000   426   354   351   400   345   438   606   362   378   459
SHG11   2010   320   249 -9999
SHG12   1885  3110  2398  3501  2305  2040
SHG12   1890  2713  2211  2831  2572  2328  1755  1474  1953  2792  2542
SHG12   1900  1556  3171  1694  2694  2136  1678  1823  1652  1611  1574
SHG12   1910  1229  1275  1046  1157  1781  1060  1458   601   390   993
SHG12   1920  1438  1693  1159   781   838  1371  1131   890   828   740
SHG12   1930  1085   942  1017  1197   840   843   760  1010  1560  1733
SHG12   1940  1093  1235  2107  3482  2472  2372  1862  2141  2448  2675
SHG12   1950  1265   832   689  1108   650   525   725  1100  1043   665
SHG12   1960   305   315   356   536   839   595   506   772   975   624
SHG12   1970   562   678   788   838   495   779   969   772   790   652
SHG12   1980   590   601   565   975   752   523   448   818   678   748
SHG12   1990  1205  1097  1215  1178   742   935  1017   759   872   905
SHG12   2000   754   561   720   483   362   472   659   559   529   560
SHG12   2010   368   354 -9999
SHG13   1801   641   394  1926  2061  1933  1950  2081  3374  2746
SHG13   1810  2981  3448  2454  2408  2985  2678  2595  2647  2250  3120
SHG13   1820  2672  2964  2248  3343  1880  1835  1917  3250  2663  2512
SHG13   1830  2356  1682  2013  1915  2004  2155  1829  1333  1512  1530
SHG13   1840  1871  1305  1593  1102   944  1351  2275  1716  3240  1923
SHG13   1850  1681  2394  2152  1916  2088  1814  2373  2291  2302  2739
SHG13   1860  2902  2838  2510  1702  1200  2005  2030  2250  2264  1810
SHG13   1870  2296  2329  2373  2035  2244  2440  1871  1500  1471  1309
SHG13   1880  1926  1796  2038  1788  1828  1544  1074  1650  1560  1131
SHG13   1890   964  1041  1456  1738  1389  1107   895   848  1046   911
SHG13   1900   684   883   657   542   687   694   705   421   562   289
SHG13   1910   292   470   172   213   190   218   432    90    37   118
SHG13   1920   121   135   182   142   130   213   176   279   126   167
SHG13   1930   309   406  1221   422   508  1417  2015  1885  2356  1655
SHG13   1940  1323  1718  1804  1624  1278   831   778  1111   965  1012
SHG13   1950  1021   668   573   744   662   646   625   646   702   661
SHG13   1960   643   381   583   599   745   627   427   632   643   735
SHG13   1970   605   854   942  1121  1018  1489  1710  1622  1138   969
SHG13   1980   985   820   805  1267   885   756   540   611   866   817
SHG13   1990   595   918   719   617   773   583   546   548   448   658
SHG13   2000   652   666   625   833   906   597   547   529   678   889
SHG13   2010   618   689 -9999
SHG14   1885  1622  1371  1670  2022  2287
SHG14   1890  2721  2185  2661  2512  3235  3360  3333  2380  2189  1992
SHG14   1900  1720  1774  1881  2047  1795  1452  1404  1559  1028  1246
SHG14   1910  1328  1455  1306  1196  1140   913  1182   864   736   902
SHG14   1920  1055   877   863   680   609   583   626   658   577   446
SHG14   1930   544   801  6500  6987  5323  5563  3591  3123  3296  2560
SHG14   1940  2090  2359  3598  3985  2175   962  1014  1233  1428  1855
SHG14   1950  2083  1788  1411  1658  1397  1249  1098  1305  1638  1783
SHG14   1960  1318  1340  1962  1644  1746  1352  1355  1345  1436  1228
SHG14   1970  1363  1710  1618  1387   974  1354  1758  1753  1652  1552
SHG14   1980  1008   900   715  1012   882   854  1169   959   765  1248
SHG14   1990  1639  1502  1439  1290  1343  1050  1316  1568  1335  1625
SHG14   2000  1684  1464  1424  1414  1519  1547  1575  1443  1581  1957
SHG14   2010  1326  1383 -9999
SHG15   1895  1613  1698  2401  2262  2386
SHG15   1900  1827  1740  1594  1872  1765  1635  1788  1404  1657  1540
SHG15   1910  1698  1890  2040  1730  1855  2101  2002  1497  1706  1893
SHG15   1920  1783  1816  1893  1714  2161  2322  2252  2334  2164  2731
SHG15   1930  2498  2226  2129  1071   667  1158  1035  1937  2903  2765
SHG15   1940  2345  2456  2692  3851  3234  3104  1871  2063  1780  2811
SHG15   1950  1894  2275  1756  1863  1404  1974  1838  1867  1609  1512
SHG15   1960  1230  1340  1912  1915  2010  1763  1611  1459  1633  1002
SHG15   1970  1606  1759  1929  2454  1724  2175  2529  1876  1692  1364
SHG15   1980  1558  2092  1414  1676  1579  1356  1628  1441  1058  1426
SHG15   1990  1516   968  1149  1294  1089   944  1216  1656   879  1336
SHG15   2000  1010   707   753   585   892   972   766   554   594   561
SHG15   2010   572   750 -9999
SHG16   1909   623
SHG16   1910   535   696  1191   927  1590  2766  1838   995   835  1162
SHG16   1920  1463  1918  1804  1100  1048  1156   956   993  1142  1218
SHG16   1930  1311  1172   640   270   312   775   713   969  1696  1083
SHG16   1940   859   393   645  1564  1497  1111   868  1621   693  1123
SHG16   1950  1276  1345   998   859   526   793   868  1115  1207  1356
SHG16   1960  1449  1220  1596  1134  1000   972   963  1104   747   638
SHG16   1970   815   786   963   922     0   657  1051   711   546   488
SHG16   1980   608   708   837  1054   940   694   659   527   435   545
SHG16   1990   887   746   857   685   386   357   422   549   393   629
SHG16   2000   374   326   400   435   311   533   695   613   582   593
SHG16   2010   389   382 -9999
SHG17a  1908  1264  1953
SHG17a  1910  1416  1451  1564   887   988  1253   924   844   404   887
SHG17a  1920   838  1341  1266   827   780  1112  1199  1273   904   851
SHG17a  1930  1268  1056   752   244   689  1527   908   892  1465   880
SHG17a  1940   791  1010  1143  1984  1818  1600  1253  1806  1395  1586
SHG17a  1950  1223  1290  1060  1018  1007  1056  1051  1292  1160  1321
SHG17a  1960  1318  1335  1447  1411  1881  1354  1087  1414  1293   968
SHG17a  1970  1421  1834  1713  2008   701  1059  1357  1420  1194  1436
SHG17a  1980  1151  1558  1564  2196  1981  2205  2235  1532  1143  1648
SHG17a  1990  2566  1961  1934  2003  1783  1899  1341  1064  1087  1662
SHG17a  2000  1259   798  1142  1060  1241  1437  1328  1332  1028  1097
SHG17a  2010  1107  1070 -9999
SHG17b  1927   882   776   936
SHG17b  1930   911  1430   803   487   716  1113   583   980  1253   799
SHG17b  1940   877   705   888  1818  1437  1181   926  1368   889  1095
SHG17b  1950   807   823   994   962   713   758   578   810   909   878
SHG17b  1960   952  1006  1072   822   803   840   687   623   580   388
SHG17b  1970   719   937   810  1005   287   747  1139  1366   975  1105
SHG17b  1980   820   820   940  1280  1016  1014  1331  1531   835  1246
SHG17b  1990  1631  1417  1160  1409  1397  1262  1368  1032  1048  1693
SHG17b  2000  1535   966  1177  1205  1576  1846  1369  1367  1273  1288
SHG17b  2010   982  1213 -9999
SHG18   1904  2375  2173  2557  1963  2176  1869
SHG18   1910  1959  1705  2242  1607  1881  1827  1856  1079  1291  1931
SHG18   1920  2509  3272  2485  2295  2139  2145  1883  2665  2246  2389
SHG18   1930  1879  1965  2545  2287  4145  5766  4134  4324  5910  3689
SHG18   1940  2562  2741  3675  5853  4278  3967  3482  2476  4085  5062
SHG18   1950  4278  2695  2845  4734  3150  2315  3035  2896  3077  3052
SHG18   1960  1967  2541  2656  2417  3323  2114  1992  1831  1187  1280
SHG18   1970  2187  2158  2791  2407  1212  2126  2392  2388  2205  2752
SHG18   1980  2870  2508  2069  3289  2086  2645  2467  1959  1909  2680
SHG18   1990  2815  2412  1978  1856  1882  1825  2100  2068  1975  2885
SHG18   2000  1867  2354  2415  1834  2017  2446  2281  2157  1908  2077
SHG18   2010  1353  1543 -9999
SHG19   1870  7632  5474  6001  6259  7847  6924  7667  5359  5601  6184
SHG19   1880  6871  3945  3869  3923  4369  3951  4486  3871  1995  1903
SHG19   1890  2765  2615  3389  3795  2736  2932  2379  2476  3087  1844
SHG19   1900  1733  2177  2541  2696  2728  2459  2959  2899  2810  3086
SHG19   1910  2823  2131  1614  2651  3052  2044  1338   758   977  1197
SHG19   1920  1483  2086  2279  1973  1601  1992  1638  1174   689  1005
SHG19   1930  1729  2114  1569  4107  3908  3836  3270  1157  1766  1999
SHG19   1940   882  1407  1141  2647  2101  2019  1522  1345  1376  2254
SHG19   1950  2065  1755  2110  2062  1050  1133   900   882  1144  1501
SHG19   1960  1233   982  1151  1108  1544  1042   842   958   954   713
SHG19   1970   457   495   574   658   449   534   920   800   810   743
SHG19   1980   493   632   599   931  1123   785   816   868   536   933
SHG19   1990  1279   791   488   449   352   253   301   290   426   339
SHG19   2000   600   492   368   495   647   606   559   232   238   442
SHG19   2010   408   302 -9999
SHG20   1881  2809  3535  3350  3211  3265  2684  2900  2422  2255
SHG20   1890  2301  1928  3490  2483  3245  2482  3313  2240  2835  3350
SHG20   1900  2766  3432  2863  4213  3368  2537  3711  2427  2736  1759
SHG20   1910  2247  1927  1877  2042  1571  1151  1286   559   210   426
SHG20   1920   719  1007  1163  1149   927  1523  1360  1027   832   786
SHG20   1930   903   983  1486  2115  2592  2824  1996  1746  2149  1932
SHG20   1940  1921  1662  1933  2917  2402  3127  3055  2415  3326  3601
SHG20   1950  3467  2441  2954  3368  2206  2043  2532  2926  2647  2761
SHG20   1960  1545  1929  2258  2347  2385  2256  2450  1946  1696  1401
SHG20   1970  1572  1939  2207  1859   822  1860  2610  2239  1759  1371
SHG20   1980  1534  1288  1600  2363  1853  1794  1693  1692  1169  1309
SHG20   1990  2004  1926  1361  1372  1376  1559  1516  1483  1511  1563
SHG20   2000  1730  1443  1681  2239  1722  2007  1798  1385  1411  1673
SHG20   2010  1174   955 -9999
