FBM01   1851  1322  1632  1481   800   732   960   981  1470  1478
FBM01   1860  1327  1239  1426  1463  1785  1820  2003  2041  2291  2302
FBM01   1870  2210  2036  1704  1590  1732  2248  1897  1984  1704  1763
FBM01   1880  1935  1360  1601  1473  2020  1758  2107  1598  1296  1543
FBM01   1890  1656  1510  2284  2208  2394  1641  1639  1781  1578  1534
FBM01   1900  2302  2334  2177  2128  2020  1583   966   843   912  1050
FBM01   1910   851   830   891  1514  1570  1151   900   790  1040  1010
FBM01   1920  1581  2010  1550  1590  1790  1930  2001  1390   901   941
FBM01   1930   980  1050  1233   912  1163  1940  1428  1552  1949  2530
FBM01   1940  2055  1458  1145  1319  1378   983   442   431   554   525
FBM01   1950   851   620  1020   893   530   391   452   590   581  1595
FBM01   1960  1420   981  1170  1491  1170  1510  1331  1290   830   770
FBM01   1970   930  1230  1172  1310  1080   940   990  1070   990   691
FBM01   1980   661   820   650   640   560   410   460   500   660   560
FBM01   1990   540   571   780   740   610   522   602   791   571   461
FBM01   2000   536   441   748   540   884   822   822  1196   904 -9999
FBM02   1852  3231  2270  1173   358   608   971  1451  1838
FBM02   1860  2460  1803  1384  1471  1452  1718  2023  2194  2168  2364
FBM02   1870  2127  2446  2660  1854  2170  1904  2034  2097  1825  1413
FBM02   1880  1441  1014  1493   981  1274  1328  1404  1594  1486  1529
FBM02   1890  1694  1381  1526  1330  1674  1026  1087  1650   775  1833
FBM02   1900  2276  2080  2334  2060  2203  2262  2051  1471  1061  1666
FBM02   1910  1518  1266  1063  1120  1516  1231  1727  1156  1711  1619
FBM02   1920  1541  1450  1161  1033  1404  1533  1671  1435   608  1120
FBM02   1930  1241  1200  1151   910  1211  1541   822   651   822   794
FBM02   1940   535   617   747  1037  1240  1059   804  1140  1178  1840
FBM02   1950  1430  1076   943  1141   933   732   520   512   511   872
FBM02   1960   701   630   650   960   800   820   890  1070   800   560
FBM02   1970   681   841   730   701   620   760   700   701   921   661
FBM02   1980   701   851   770   632   390   520   531   661   510   752
FBM02   1990   960  1040   860   992   941   841   740   912   811   981
FBM02   2000  1040  1004  1199   846   964   784   634   986   791 -9999
FBM02A  1878  1733  1422
FBM02A  1880  1808  1457  1655  1651  1639  1606  1716  1907  1962  2253
FBM02A  1890  2432  2272  2299  2553  2120  1830  2126  2321  2542  2756
FBM02A  1900  2156  2306  2014  1730  1970  1642  1783  2016  1759  1521
FBM02A  1910  1645  1722  1633  2133  2569  1793  1973  1918  1532  2222
FBM02A  1920  2098  2093  1371  1307  1254  1424  1660  1714  1557  2230
FBM02A  1930  1661  1368  1178  1080  1631  1589  1482  1407  1053  1094
FBM02A  1940  1056  1112   556   756   739   763   764   823   951  1456
FBM02A  1950  1248  1038   827   914   702  1123   836   998   855   724
FBM02A  1960   853   596   573   758   512   432   664   898   691   608
FBM02A  1970   828   792   590   452   491   634   757   725   755   663
FBM02A  1980   712   720   665   577   681   813   837   807   782   518
FBM02A  1990   431   750  1061   806   933   934   789   856   860   990
FBM02A  2000   823   772   833  1078   944   754   937   795   711 -9999
FBM03   1848  3905  3694
FBM03   1850  4053  4017  4115  3516  3265  3027  3283  3441  3423  4354
FBM03   1860  3542  2747  4472  3403  4219  4017  2952  3435  5613  4468
FBM03   1870  3449  4769  3846  2648  4197  3831  3054  2746  2806  1551
FBM03   1880  2945  1703  3004  1791  2157  2241  2587  2911  2240  3061
FBM03   1890  3424  2227  2440  3825  2637  1335  1243  1631  2346  1788
FBM03   1900  1703  2103  1281  1677  2274  1771  1973  1341  1620  1845
FBM03   1910  1953  2382  1812  2170  2851  1698  1034   894  1217  1575
FBM03   1920  1469  1690  1355  1168  1410  1804  1971  1180  1147  1459
FBM03   1930  1455  1235  1698  1636  1375  1904  2244  1581  1744  1545
FBM03   1940   936   810   887  1437  1160  1393   758   609   736  1804
FBM03   1950  1530  1295   927   867   747   908   770  1165   938  1237
FBM03   1960  1079   765   897   886  1093   913   695   843   314   539
FBM03   1970   782  1266  1762  1072  1262   956  1425  1069   965   685
FBM03   1980  1039  1079   988   755   799   753   748  1214  1282   988
FBM03   1990   916  1073  1342   771   825  1112   869  1015  1014  1086
FBM03   2000  1420  1049  1259  1300   847   847  1046  1191  1028 -9999
FBM03?  1847  4451  4276  3663
FBM03?  1850  3998  3963  4020  3483  3160  3056  3117  3453  3499  4254
FBM03?  1860  3699  2652  4395  3439  4106  4084  2901  3484  5629  4615
FBM03?  1870  3590  4672  3926  2638  4133  3868  3090  2693  2770  1625
FBM03?  1880  2902  1664  2994  1791  2151  2219  2536  2870  2320  2927
FBM03?  1890  3376  2281  2423  3751  2565  1414  1222  1568  2374  1797
FBM03?  1900  1661  2140  1228  1659  2259  1861  1887  1366  1609  1720
FBM03?  1910  1961  2467  1660  2226  2767  1656  1106  1281   957  1175
FBM03?  1920  1544  1529  1765  2509  1478  1893  1953  1137  1136  1341
FBM03?  1930  1464  1225  1732  1695  1341  1882  2229  1589  1757  1538
FBM03?  1940   922   774   990  1308  1161  1465   696   637   730  1761
FBM03?  1950  1587  1282   992   886   676   937   787  1119   953  1178
FBM03?  1960  1086   789   827   908  1090   949   664   835   415   495
FBM03?  1970   708  1392  1680   971  1260   984  1384  1088   970   739
FBM03?  1980  1035  1178   971   669   817   802   777  1151  1324  1091
FBM03?  1990   805  1136  1556   773   766  1049   956  1017  1015  1057
FBM03?  2000  1284   985  1205  1185   873   795  1044  1120  1090 -9999
FBM05   1859  2405
FBM05   1860  1215  1060  1618  1342  1137   942  1269   804   995   904
FBM05   1870  1168   918  1186  1221  1535  1307  1437  1341  1548   675
FBM05   1880  1736  1652  1198   995   994   970  1014  1123   968  1226
FBM05   1890  1232  1245  1352  1640  1363  1383  1574  2486  2045  1983
FBM05   1900  1112  1489  1121  1420  1462  1240  1080  1214  1123  1130
FBM05   1910  1060   970   891   701   742   670   581   381   493   774
FBM05   1920   723   783   877   831   812  1110  1050  1120   880   980
FBM05   1930  1110   820   660  1170  1540  1551  1100  1270  1462  1421
FBM05   1940  1030   991   472   902   990   600   552   320   390  1002
FBM05   1950   911  1030   910  1452  1274  1216   560   931   714   734
FBM05   1960  1042   551   773   506   373   442   782   784   581   591
FBM05   1970   574  1030   780   910   990  1490  1610  1480  1231   950
FBM05   1980  1140  1730  1530  1190   800   620   863  1020  1145  1652
FBM05   1990  1310  1516  1433  1544  1916  1520  1342  1462  1775  1890
FBM05   2000  1978  1976  1765  2181  1574  1414  1659  1598  1217 -9999
FBM07   1833  2169  3091  2952  2299  2495  1545   633
FBM07   1840   817  1465  1732  2369  2079  1315  2526  3533  2298  2630
FBM07   1850  2361  2820  3152  2989  2653  3132  2364  2054  2585  2774
FBM07   1860  3150  2564  3373  3036  2444  2424  2734  2530  3359  3280
FBM07   1870  3217  3456  3024  2238  2430  3022  2989  2012  2453  1892
FBM07   1880  2367  2148  2099  1878  1375  1770  1545  2658  2272  1991
FBM07   1890  3332  2261  1950  2373  2773  1400  1440  1610  2220  2102
FBM07   1900  2410  2411  1934  1350  1400  1311   910  1486  1441  1823
FBM07   1910  2271  3133  2480  2261  2160  1463  1360  1408  1470  1639
FBM07   1920  1696  1610  1064   915   911  1594  1403  1671   990  1931
FBM07   1930  1821  2050  2010  1550  2224  2067  2241  2143  1190  1440
FBM07   1940   971  1000   781  1250  1120  1310  1321   630   700  1230
FBM07   1950  1012   910  1020   891   740   970   851   851   781   972
FBM07   1960  1042   801  1021  1161   830   610   851   990   750   860
FBM07   1970   980  1221  1041  1140  1120  1331  1210   891  1121   910
FBM07   1980  1062  1462  1253   895   875   655   982  1122   970   810
FBM07   1990   630   912   971   831   840  1120   811   950   813  1142
FBM07   2000  1185  1309  1259  1643  1275   974  1002  1142  1211 -9999
FBM09   1830  3028  2815  3061  2404  3170  2957  2861  2919  2564  2924
FBM09   1840  3092  3248  2884  3893  3860  3850  3528  3967  4708  3614
FBM09   1850  3567  3965  5006  3153  4268  2664  1969  2831  2940  3369
FBM09   1860  3474  3855  4163  3922  3643  2283  2213  2115  2544  2370
FBM09   1870  2093  3301  3253  2151  3143  4104  1642  1860  2664  1490
FBM09   1880  2188  1677  2140  1073  1120  1546  2176  2115  2143  1539
FBM09   1890  1924  1783  1822  1872  1432  2326  1891  2166  1566  1522
FBM09   1900  1487  2202  2036  2122  2185  1573  1492  1516  1674  1584
FBM09   1910  1756  1928  1565  2227  2574  1987  1588  1481  1964  2176
FBM09   1920  1446   885   960   782  1108  1470  1835  1458  1115  1424
FBM09   1930  1648  1070  1146  1342  1104  1272  1168  1374  1562  1703
FBM09   1940   772   918   817   767   686   569   552   215   329   818
FBM09   1950   374   470   540   698   728   863   453   454   609  1021
FBM09   1960   647   431   535   451   343   434   691   946  1095   980
FBM09   1970   978   800   961   973  1194  1016   511   588   324   479
FBM09   1980   674   864   817   879   624   452   689   721   601   644
FBM09   1990  1021   982   633   669   658   719   434   977   756   719
FBM09   2000   864   855   779   633   465   358   484   547   478 -9999
FBM11   1763  2794  2575  2299  2336  1517  1284  1454
FBM11   1770  1167  1068  1350  1612  1976  2291  2464  1684  2338  2065
FBM11   1780  1527  1849  1378  1588  1902  1535  1466  1908  1360  1629
FBM11   1790  1440  1243  1512  1253  1444   883  1212  1205   867   536
FBM11   1800   724   573   651   614   691  1074  1083  1083   844  1208
FBM11   1810  1071  1154  1125  1113  1079   845   898  1067   905  1461
FBM11   1820  1469  1152   922   565   910   886   896  1183  1047   900
FBM11   1830  1010  1021   912   988   959  1325  1670  1963  1209   600
FBM11   1840   703   911   795  1635  1237  1401  1264  1389  1126  1287
FBM11   1850  1104  1040  1175  1031  1186  1120  1020   886  1098  1250
FBM11   1860  1315  1097  1263  1310   941   923   891   673  1205   996
FBM11   1870  1073  1136  1018   875   811   762   591   560   530   500
FBM11   1880   650   540   681   430   371   472   400   401   411   531
FBM11   1890   505   372   484   673   831   683   571   772  1184   861
FBM11   1900   961   901  1012  1123   911   971   891   560   410   420
FBM11   1910   493   433   581   561   471   601   432   381   412   482
FBM11   1920   656   604   554   431   475   921   956   613   543   495
FBM11   1930   467   837   871   644   716   703   525   622   444   475
FBM11   1940   511   500   413   515   532   398   512   290   271   441
FBM11   1950   301   488   552   594   532   542   483   804   683   661
FBM11   1960   751   530   362   350   400   590   770   910   520   570
FBM11   1970   541   620   711   552   500   540   720   510   300   270
FBM11   1980   290   360   310   220   220   201   371   391   331   322
FBM11   1990   241   300   380   330   360   240   351   390   290   292
FBM11   2000   331   282   410   554   760   371   290   281   361 -9999
FBM12A  1866  2489  2789  2990  3000
FBM12A  1870  3249  2814  3502  2914  2924  2136  2813  2652  2832  2429
FBM12A  1880  3124  1900  2181  1342  1523  1383  1717  1270  1389  1051
FBM12A  1890  2166  1393  2149  1829  1608  1272  2029  2102  3478  2581
FBM12A  1900  2709  2219  2687  3267  3422  3304  2509  2269  2304  2256
FBM12A  1910  1988  2031  2297  2596  3051  2033  1944  1829  2027  2624
FBM12A  1920  2098  2366  1538  1670  1620  1538  1846  1332  1715  1587
FBM12A  1930  2290  2651  2367  2178  1795  2139  1892  1487  2491  2520
FBM12A  1940  1516  1669  1135  2721  2136  1133   811   610   615  1403
FBM12A  1950  1227  1200  1559  1313   958   794   539   899   923   903
FBM12A  1960   805   950  1004  1286   987   968  1155  1352   950   974
FBM12A  1970   548   725   682   508   664   770   871   717  1051  1064
FBM12A  1980  1097  1234   951   959   917  1031  1336  1267  1271  1212
FBM12A  1990   697   542   490   850   811   818   652   928   915   228
FBM12A  2000    95   103    87 -9999
FBM13ai 1840  2152  1468  2181  3135  2312  2353  2830  2784  2017  2194
FBM13ai 1850  2000  1756  2384  2963  4030  4151  3464  3490  3280  2787
FBM13ai 1860  2352  2713  3837  3493  3523  1874  1430  1465  1225  1306
FBM13ai 1870  1428   979  1545  1772  2787  2382  1668  1486  1193  1098
FBM13ai 1880  2245  1490  1584  1190  1119   858  1107   885   961   990
FBM13ai 1890  1309  1106  1348  1550  1417   951  1057  1546  1846  1294
FBM13ai 1900  1183  1082  1234  1293   911  1111   830   791   661   641
FBM13ai 1910  1020   650   580   810   650   780   820   800  1163  1340
FBM13ai 1920  1320  1206   731   780   860   861  1073   953   702  1041
FBM13ai 1930   989   748   865   803   960   982   692  1030  1453  1382
FBM13ai 1940   684   892  1060  1282  1049   898   940   648   607   825
FBM13ai 1950   914   650   585   769   449   490   686   930  1021   863
FBM13ai 1960   626   661   718   614   335   415   340   659   490   655
FBM13ai 1970   686   777   636   301   403   475   365   240   272   255
FBM13ai 1980   282   349   206   253   181   216   326   201   303   255
FBM13ai 1990   173   247   296   242   200   212   180   324   372   484
FBM13ai 2000   454   453   330   352   432   292   442   594   434 -9999
FBM13b  1880  1217   959  1290   722   551   722   666   721   867   911
FBM13b  1890   922   681   591   580   570   460   573   561   970   990
FBM13b  1900   871   685   630   620  1010   890   660   611   571   580
FBM13b  1910   590   514   400   422   793   533   470   341   402   321
FBM13b  1920   361   490   341   214   361   442   320   300   171   230
FBM13b  1930   360   400   470   341   460   570   361   261   211   420
FBM13b  1940   400   430   420   320   420   320   361   283   381   500
FBM13b  1950   550   620   680   680   550   610   621   460   621   570
FBM13b  1960   462   401   430   462   282   440   530   570   470   570
FBM13b  1970   800   663   642   442   611   802   601   651   641   501
FBM13b  1980   580   570   781   627   440   380   472   632   640   591
FBM13b  1990   424   492   341   344   452   571   365   515   382   518
FBM13b  2000   424   598   577   794   454   535   582   581   783 -9999
FBM13c  1835  2671  3344  2666  2143  1707
FBM13c  1840  1745  1428  1597  2632  2425  2925  3311  2878  2802  3583
FBM13c  1850  3207  3339  2360  1565  1391  1740  2053  2228  2474  2554
FBM13c  1860  2934  2281  3138  2688  3073  2137  1875  1986  2265  2203
FBM13c  1870  2222  2514  2035  1929  3003  2953  2206  1569  1485  1515
FBM13c  1880  2081  1668  2125  2262  2255  1769  2217  2343  1642  2137
FBM13c  1890  2982  1931  2221  2232  1441   479   662   960  1342  1386
FBM13c  1900  1424  1418  1148  1606  1787  1730  1512  1441  1597  1708
FBM13c  1910  1463  1531  1420  1350  2014  1505  1453  1448  1832  1577
FBM13c  1920  1377  1919  1660  1077  1119  1429  1583  1271   885  1230
FBM13c  1930  1604  1635  1960  1920  1770  1720  1180  1400  1541  2190
FBM13c  1940  1202  1240  1190  1310  1320  1100   870   861   691  1250
FBM13c  1950  1250   960  1010   960   780  1150   891   840   771  1192
FBM13c  1960   770   861  1411  1001   870   951   931  1120   960  1271
FBM13c  1970  1191  1190  1171   960   953   950   861   752   761   672
FBM13c  1980   979  1203   844   888   682   685   939   793   633   777
FBM13c  1990   992   845   904   738  1328  1026   813   910   667   839
FBM13c  2000   908   901   879  1018   746   671   857  1310   911 -9999
FBM16   1845  3761  3889  5880  4038  4240
FBM16   1850  3590  2629  2561  1994  2482  3130  2155  1874  2607  2686
FBM16   1860  2676  2819  2829  3611  2627  2545  2215  1999  2446  2302
FBM16   1870  1489  1373  1821  1971  2387  2876  2058  1450  2086  1247
FBM16   1880  1991  1202  1596  1572  1630  1641  1475  1733  1205  1192
FBM16   1890  1966  1345   971  1294  1376  1051   851  1495  1796  1618
FBM16   1900  1087  1196   817   977  1264   797   803   750   963   814
FBM16   1910   881  1053   930   914  1193   725   939   987   901   576
FBM16   1920   960  1091   551   643   920  1101  1379   988   778   807
FBM16   1930  1157  1093  1799  1727  1552  1686  1089   979   982  1344
FBM16   1940   735  1172   997   701  1238   953   867   432   390   979
FBM16   1950   696   816  1157  1691  1167  1097   781   985   712   783
FBM16   1960  1058   671   808   768   191   286   298   579   405   573
FBM16   1970   581   753   731   510   383   551   731   721   599   438
FBM16   1980   592   582   659   808   596   416   666   682   758   814
FBM16   1990   911   908   908   783  1140   805   578   607   407   618
FBM16   2000   622   671   708  1233   747   971  1002  1111   829 -9999
FBM16a  1836  4643  3758  3008  2759
FBM16a  1840  2604  3051  2895  3913  3167  3196  2797  3742  4263  4347
FBM16a  1850  3627  3143  4098  3495  3976  3664  3105  2565  2657  2555
FBM16a  1860  2889  2316  4628  4069  3091  2697  2256  2163  3202  2968
FBM16a  1870  1845  2389  2120  1746  2695  3257  2631  1912  2602  1884
FBM16a  1880  2351  1531  1853  1413  1503  1106  1810  2393  1711  1543
FBM16a  1890  1502   893  1162  1670  1098   891  1134  1221  1351  1352
FBM16a  1900  1165  1131   940  1030  1431  1321  1091  1150   911  1051
FBM16a  1910  1130   980   682   751   820   671  1081  1301  1140  1421
FBM16a  1920  1341  1631   862   948  1064  1983  1512   891   481   853
FBM16a  1930  1231  1386  1485  1826  3180  2362  1875  1421   871   830
FBM16a  1940   710   747  1075   906  1163  1006   774   614   602  1538
FBM16a  1950  1710  1102  1614  1837  1851  1544  1034   995  1103  1109
FBM16a  1960  1166   753  1014   915   815  1050  1092  1153   682   721
FBM16a  1970   853  1100   792   460   624   542   770   601   712   510
FBM16a  1980   482   967   754   502   702   477   614  1288   743  1016
FBM16a  1990  1770  1845  1855  1725  1638   921   581   912  1199  1001
FBM16a  2000  1727  1611  1167  1832  1010   610  1012   963   861 -9999
FBM16b  1851  4575  4947  3723  5684  3904  4551  4144  3903  3587
FBM16b  1860  3807  3243  3732  2542  2463  3244  2781  2797  3777  2964
FBM16b  1870  2520  2350  2311  2810  2800  2160  2180  2053  3222  2622
FBM16b  1880  2313  1780  2093  2240  2560  1860  1570  2050  2070  2691
FBM16b  1890  3074  2420  3051  3533  3710  2850  2778  3277  3871  3242
FBM16b  1900  3054  2770  2790  2820  4064  3394  2960  2370  1820  2180
FBM16b  1910  2100  2301  2331  2502  2991  2180  1920  1610  1380  1730
FBM16b  1920  1930  1781   861   850   741  1190  1440   990   490   890
FBM16b  1930  1011   851  1180  2403  2660  2610  2200  1400  1430  1630
FBM16b  1940   790   610   660   740   850   520   550   510   401   750
FBM16b  1950   632   933  1351  1123   679   820   602   725   934   891
FBM16b  1960  1001   615   745   653   942   750   565   857   548   294
FBM16b  1970   335   509   601   546   618   885   779   658   883   755
FBM16b  1980   939   956   879   716   493   349   459   610   565   762
FBM16b  1990   737   557   352   648   607   582   488   528   699   819
FBM16b  2000   829   642   699   885   776   620   788   949   686 -9999
FBM17   1840  1455  1136  2646  3924  1954  2088  3296  4498  3473  3411
FBM17   1850  3489  3278  2507  3003  2064  1997  2872  2495  3072  2848
FBM17   1860  2579  2203  2505  2575  2603  2556  2000  1742  1781  1729
FBM17   1870  1523  1472  1528  1622  1897  1943  1846  1521  1430  1116
FBM17   1880  1493   974  1218  1006   750   756   708   781   653   449
FBM17   1890   561   528   546   516   813   446   591   943  1098  1146
FBM17   1900  1350   883   715   984  1344  1240   810   763   602   693
FBM17   1910   962   938  1018  1185  1153   785   662   592   762  1081
FBM17   1920  1098  1048   559   641   867  1267  1257   925   539   808
FBM17   1930   976   986  1094  1049  1074   847   641   725   968  1158
FBM17   1940   752   677   699   936  1360  1528  1406   849   786  1485
FBM17   1950  1575  1357  1348  1289  1077  1302   707   684   561   442
FBM17   1960   561   551   791   990   371   400   370   691   470   311
FBM17   1970   400   470   521   361   371   890   990   651   730   350
FBM17   1980   561   640   340   380   400   392   351   551   360   741
FBM17   1990  1090   820   790   681   580   721   540   721   764  1090
FBM17   2000  1060   620   652   862   760   781  1131   792   662 -9999
FBM18   1833  3858  4192  4360  4962  3765  3238  2458
FBM18   1840  3140  2843  2997  5560  4031  3840  4042  5023  4390  5196
FBM18   1850  4381  4303  4236  3398  4094  3775  3124  2740  3478  3489
FBM18   1860  3935  3344  4373  3213  2858  2486  2617  2344  3133  2602
FBM18   1870  2470  2000  1730  1882  2072  2062  1565  1342  1684  1331
FBM18   1880  2533  1691  1651  1042   960  1001  1200  1671  1660  2090
FBM18   1890  3450  2214  2075  1889  2013  1447  1272  1520  2120  2190
FBM18   1900  2200  1661  1560  1411  1410  1612  1561  1330  1292  1490
FBM18   1910  1400  1330   790   952  1731  1432  1090   961   811   910
FBM18   1920   911   910   701   541   521   741   772  1011   930   851
FBM18   1930  1040  1002  1177   752  1160  1192  1311  1070  1050  1260
FBM18   1940  1020  1011   932   950   980  1041   891   420   250   640
FBM18   1950   671   561   662   510   470   560   400   691   480   940
FBM18   1960   970   550   527   700   510   241   280   360   351   461
FBM18   1970   730  1140   730   831   690   844   741   720   780   410
FBM18   1980   610   800   970   930   880   881   710   990   910   640
FBM18   1990   780  1270  1010   910   660   540   400   430   532   442
FBM18   2000   440   421   401   501   500   380   550   661   590 -9999
FBM19   1852  3437  3604  2916  2458  2228  2763  3149  2717
FBM19   1860  2864  2005  3176  3257  3520  2837  2203  2138  1763  2109
FBM19   1870  2071  2196  2594  2442  2502  2827  1693  1935  2574  1822
FBM19   1880  2175  1394  1106  1082   892   855  1126  1181  1233   996
FBM19   1890  1263  1133  1416  1415  1297  1125  1172  1704  2021  2031
FBM19   1900  2324  1821  1892  2061  2528  2261  2327  1896  2007  2181
FBM19   1910  2803  2193  1871  2096  2193  1478  1315  1558  1397  1620
FBM19   1920  1451  1297  1051   719  1160  1578  1495  1173   763   989
FBM19   1930  1291  1639  1824  1466  1895  2070  2058  2061  1962  2171
FBM19   1940  1518  1620  1794  2082  2227  2306  1529   920  1414  2211
FBM19   1950  1539  1671  1959  1844  1647  1658   949  1199  1328  1235
FBM19   1960  1243  1146  1488  1442  1282  1087  1020  1216   589   779
FBM19   1970  1027  1007  1074  1337  1237  2247  1751  1718  1958  1473
FBM19   1980  1643  1815  1542  1191   980   845   991  1254  1003   883
FBM19   1990   532   910   929  1349  1510  1416  1431  1528  1317  1267
FBM19   2000  1103   918   998  1264  1408  1756  2171  2376  2605 -9999
FBM19A  1851  3494  3092  3145  2646  3048  2519  2945  2885  3190
FBM19A  1860  3101  2613  3135  3615  3014  2581  2678  2128  3219  3138
FBM19A  1870  2497  2637  2720  2716  3119  3209  2895  2182  2573  1464
FBM19A  1880  1962  2179  2685  2190  2023  2027  1822  2575  1842  1731
FBM19A  1890  2194  1567  1246  1653  2147  1656  2012  2461  2378  2122
FBM19A  1900  2213  2053  1396  1733  2460  2377  2217  1574  1550  1250
FBM19A  1910  1124  1337   989  1029  1267  1208  1139   967   886  1193
FBM19A  1920   987  1189   748   642   766  1232  1250  1141   392   791
FBM19A  1930  1231  1488  1723  1558  1272  1445  1034   916   309   638
FBM19A  1940   460   688   642   936  1204   946   896   184   269   702
FBM19A  1950  1041   950   914   770   751   799   466   680   620   759
FBM19A  1960  1025   378   364   421   313   376   430   573   436   412
FBM19A  1970   612   765   830   760   602   896   785   808   848   900
FBM19A  1980   860  1144   995   553   748   477   829   859   749   671
FBM19A  1990   520   574   628   485   413   530   339   305   462   588
FBM19A  2000   727   795   800   928   635   805   905   779   722 -9999
FBM21   1867  3392  3138  2524
FBM21   1870  2439  2815  2338  2467  2777  3173  3852  3141  2781  2782
FBM21   1880  3453  3078  3060  3264  2426  2337  2429  2696  2992  2686
FBM21   1890  3070  2411  2512  2897  2751  1658  1704  1662  2325  2915
FBM21   1900  2986  1908  1797  2106  1901  2572  2356  2064  1537  1585
FBM21   1910  1940  1814  1743  1911  2393  2293  2293  2029  2133  1601
FBM21   1920  1445  1879  1784  1617  1915  2011  2419  2511  2033  2377
FBM21   1930  2702  2698  2790  2463  3252  2802  2177  2477  2769  3234
FBM21   1940  1950  1673  2142  2492  2009  1816  1657   965  1212  1491
FBM21   1950  1547  1816  1912  1811  1844  1566  1394  1389  1360  1619
FBM21   1960  1873  1871  2698  2455  1866  1580  1350  1524  1313  1182
FBM21   1970  1316  1155  1185   902  1065   975   731  1046  1047   949
FBM21   1980  1290  1115  1194   792   630   745  1055  1202   948   793
FBM21   1990   962  1132   640   527   586   462   382   655   548   447
FBM21   2000   642   561   369   405   297   274    89    51    28 -9999
FBM41   1864  2065  1820  1494  1454  2023  1788
FBM41   1870  1966  2333  2086  1710  1841  1720  1911  1517  1298  1659
FBM41   1880  1718  1501  2075  1888  1811  2013  1548  1701  2180  1787
FBM41   1890  2372  1646  2206  1626  1756  1179  1586  2254  2545  1790
FBM41   1900  1575  1382  1066  1009  1400  1480  1445  1381   814   914
FBM41   1910  1095   598   671   883  1224   970   893  1103  1130  1000
FBM41   1920  1028  1084   832   965  1406  1426  1174   923   883   931
FBM41   1930  1011  1328  1040   740   715   946   548   655   860  1024
FBM41   1940   867   788   937  1350  1113  1366  1278  1716  1394  1897
FBM41   1950  1287  1517  1114   991   712   443   453   365   434   433
FBM41   1960   402   314   536   665   493   595   695   835   714   691
FBM41   1970   907   997   737   648   676   638   566   625   622   335
FBM41   1980   470   365   411   360   230   484   351   635   436   518
FBM41   1990   418   604   335   516   426   434   483   948   748   846
FBM41   2000  1059   925  1472   854   833   463   510  1013   751 -9999
FBM44   1854  3494  1517  2241  2573  2354  1875
FBM44   1860  1783  2446  2944  2338  1714  1540  1483  2020  1680  1718
FBM44   1870  1779  1387  1574  1398  1306  1068   913   885  1412  1137
FBM44   1880  1112   718   805   824  1048   759   595   447   662   824
FBM44   1890   880   832  1219  1064  1050   905   961   803   561   522
FBM44   1900   602   598   459   596   494   405   327   305   296   578
FBM44   1910   583   597   545   803   641   831   551   992   729   852
FBM44   1920   799   691   571   543  1025  1067   646   639   836   605
FBM44   1930   603   893   532   629   697  1083   665   941   760   814
FBM44   1940   504   658   357   545   436   621   527   263   350   448
FBM44   1950   305   341   582   483   439   506   586   649   819   955
FBM44   1960  1235   988  1303  1807   853   875  1396   958   856  1306
FBM44   1970  1426  1061   749   870   557   885   526   615   744   485
FBM44   1980   637   706   581   459   409   458   498   576   651   961
FBM44   1990   957  1174  1060  1229  1584  1453  1083   952   656   892
FBM44   2000   768   872   855   868   843   781   908  1119  1001 -9999
FBM46   1849  2178
FBM46   1850  1164  3304  3248  3528  3693  2956  2914  3890  4011  4811
FBM46   1860  4618  3600  3561  3668  3497  4592  4096  3212  3926  3134
FBM46   1870  2778  2784  2621  2689  3027  2614  2523  2360  2546  1634
FBM46   1880  2142  1794  2064  1542  1781  2271  2095  2071  1761  1805
FBM46   1890  1573  1283  1374  1813  1559  1084  1201  1908  2287  1668
FBM46   1900  1583  2067  1621  1575  1598  1159  1304  1255  1377  1598
FBM46   1910  1556  1730  1123  1236  1167  1000   990   914   687  1004
FBM46   1920   814   807   993   990  1026   988  1030  1200  1110  1680
FBM46   1930  1525  1515  2122  1935  1806  1956  1358  1331  1218   875
FBM46   1940   599   863   870   655   651   708   694   254   472  1065
FBM46   1950   760   565   576   604   359   823   521  1049   736   987
FBM46   1960  1159   761   538   271   248   295   504   560   445   379
FBM46   1970   365   759   456   357   614   613   754   519   681   394
FBM46   1980   548   695   420   374   605   511   491   534   548   403
FBM46   1990   401   688   527   483   510   464   364   559   517   436
FBM46   2000   440   430   585   632   581   318   599   609   699 -9999
FBM47   1839  1606
FBM47   1840   529   363   780  1223  1190  2019  2720  2544  1772  2046
FBM47   1850  2704  3038  3350  3637  3611  3613  3022  2643  2828  3369
FBM47   1860  2903  2713  3260  3250  2441  2727  1995  2394  2678  2270
FBM47   1870  2811  2624  2931  2685  2636  2618  2059  2189  2425  1946
FBM47   1880  2831  1734  2331  1868  2197  2146  2225  2263  2351  1941
FBM47   1890  1676  1719  1584  1748  1645  1243  1460  1698  2133  2170
FBM47   1900  1737  1633  1586  1825  2443  1643  1484  1183  1268  1390
FBM47   1910  1498  1463  1209  1262  1100  1023  1156  1293   947  1007
FBM47   1920   935  1050   959  1011  1250  1583  1514  1137   818  1184
FBM47   1930  1213  1270  1529  1883  1595  1590  1406  1366  1275  1268
FBM47   1940   910  1092   851   784  1325  1156   882   261   390   786
FBM47   1950   976  1074  1531  1490  1203  1183   913  1085   874   931
FBM47   1960   675   469   502   482   241   307   439   524   404   468
FBM47   1970   449   568   618   649   486   572   543   575   580   681
FBM47   1980   435   747  1150  1262  1008  1210  1461  1527  1567  2043
FBM47   1990  1761  2079  1687  1541  1394  1253   904   878   884  1314
FBM47   2000  1412  1172  1125  1474  1204   992  1166  1222  1300 -9999
